#! FIELDS phi psi file.free der_phi der_psi
#! SET min_phi -pi
#! SET max_phi pi
#! SET nbins_phi  33
#! SET periodic_phi true
#! SET min_psi -pi
#! SET max_psi pi
#! SET nbins_psi  18
#! SET periodic_psi true
   -3.141592654   -3.141592654   17.479371049  -53.080125069   17.511446949
   -2.951193099   -3.141592654    9.088763498  -34.491369451   19.827891424
   -2.760793544   -3.141592654    4.472138607  -14.306848786   21.324688146
   -2.570393989   -3.141592654    3.430095620    2.337022910   22.146665806
   -2.379994435   -3.141592654    4.922852767   11.987825353   22.652355500
   -2.189594880   -3.141592654    7.520573002   14.154783494   23.359804969
   -1.999195325   -3.141592654   10.005182311   11.455444549   24.773328871
   -1.808795770   -3.141592654   11.867207266    8.423706109   27.131009999
   -1.618396215   -3.141592654   13.468966453    9.266922037   30.203976525
   -1.427996661   -3.141592654   15.779646579   15.923824373   33.304530746
   -1.237597106   -3.141592654   19.847589962   27.269882563   35.517928093
   -1.047197551   -3.141592654   26.264001618   39.931304962   36.051109340
   -0.856797996   -3.141592654   34.887936033   49.716973649   34.490143039
   -0.666398442   -3.141592654   44.819586005   53.183255454   30.869155264
   -0.475998887   -3.141592654   54.636381624   48.317288704   25.552146863
   -0.285599332   -3.141592654   62.699514697   34.882019774   19.067405890
   -0.095199777   -3.141592654   67.495617501   14.455765427   11.960112618
    0.095199777   -3.141592654   67.998797862   -9.450924620    4.741161109
    0.285599332   -3.141592654   64.029848772  -31.497496264   -2.100756040
    0.475998887   -3.141592654   56.534391354  -45.531094509   -8.056003680
    0.666398442   -3.141592654   47.550920311  -46.526664479  -12.607027197
    0.856797996   -3.141592654   39.765818411  -33.096326908  -15.332538319
    1.047197551   -3.141592654   35.657647949   -8.917501355  -16.075777936
    1.237597106   -3.141592654   36.576080363   18.168813414  -15.056138611
    1.427996661   -3.141592654   42.195048267   39.089739703  -12.797586118
    1.618396215   -3.141592654   50.633050052   46.996033102   -9.910151538
    1.808795770   -3.141592654   59.118537665   39.639463795   -6.820852159
    1.999195325   -3.141592654   64.916792151   19.531192295   -3.668364635
    2.189594880   -3.141592654   66.113186021   -7.560512494   -0.372182452
    2.379994435   -3.141592654   62.036614470  -34.709199846    3.176883358
    2.570393989   -3.141592654   53.293176046  -55.672177426    6.968766919
    2.760793544   -3.141592654   41.505514784  -66.230172145   10.820443461
    2.951193099   -3.141592654   28.841540854  -64.902019660   14.435699839

   -3.141592654   -2.792526803   25.199013374  -49.062711218   25.790543747
   -2.951193099   -2.792526803   17.402073672  -32.285516707   27.768494438
   -2.760793544   -2.792526803   13.046793310  -13.703398200   28.658110053
   -2.570393989   -2.792526803   12.010149912    1.920739597   28.729962170
   -2.379994435   -2.792526803   13.399625284   11.499051984   28.452873985
   -2.189594880   -2.792526803   15.986636165   14.709894853   28.414207193
   -1.999195325   -2.792526803   18.750028116   13.928008581   29.129927010
   -1.808795770   -2.792526803   21.283768858   12.948863850   30.787405147
   -1.618396215   -2.792526803   23.880661299   14.972166277   33.057200839
   -1.427996661   -2.792526803   27.257113721   21.090350741   35.135916321
   -1.237597106   -2.792526803   32.096840555   29.910226500   36.023232489
   -1.047197551   -2.792526803   38.643367754   38.475468180   34.917475443
   -0.856797996   -2.792526803   46.539401228   43.520837887   31.498271407
   -0.666398442   -2.792526803   54.861855617   42.626329299   26.001686595
   -0.475998887   -2.792526803   62.343323871   34.606263052   19.064745347
   -0.285599332   -2.792526803   67.622817263   19.653585469   11.498872081
   -0.095199777   -2.792526803   69.508941429   -0.604078680    4.070232784
    0.095199777   -2.792526803   67.278499724  -22.885465432   -2.613607076
    0.285599332   -2.792526803   60.997349856  -42.195299391   -8.118830781
    0.475998887   -2.792526803   51.787232880  -52.748569561  -12.149316423
    0.666398442   -2.792526803   41.791494020  -49.909301385  -14.520233848
    0.856797996   -2.792526803   33.720767256  -32.760363043  -15.191360772
    1.047197551   -2.792526803   29.982397612   -5.497269889  -14.316891012
    1.237597106   -2.792526803   31.762895629   23.635134337  -12.254655708
    1.427996661   -2.792526803   38.526949095   45.496252778   -9.457341363
    1.618396215   -2.792526803   48.208414747   53.578455468   -6.302059501
    1.808795770   -2.792526803   57.941289143   46.171833623   -2.938772292
    1.999195325   -2.792526803   64.991379796   26.201591833    0.698262393
    2.189594880   -2.792526803   67.492951054   -0.497641086    4.752445886
    2.379994435   -2.792526803   64.802457649  -27.250613264    9.251254323
    2.570393989   -2.792526803   57.491322540  -48.183234618   14.007000295
    2.760793544   -2.792526803   47.085705800  -59.327738865   18.634626968
    2.951193099   -2.792526803   35.630585718  -59.217944218   22.684467031

   -3.141592654   -2.443460953   34.039956311  -45.015518704   23.483615722
   -2.951193099   -2.443460953   26.830769834  -30.152382298   25.085657182
   -2.760793544   -2.443460953   22.719454936  -13.198901314   25.773497561
   -2.570393989   -2.443460953   21.667694911    1.382649141   25.786753676
   -2.379994435   -2.443460953   22.921266718   10.764880475   25.485843333
   -2.189594880   -2.443460953   25.423567935   14.694020307   25.289854353
   -1.999195325   -2.443460953   28.305017372   15.237640351   25.529091210
   -1.808795770   -2.443460953   31.211155311   15.454149915   26.252133025
   -1.618396215   -2.443460953   34.322853992   17.638268530   27.102687290
   -1.427996661   -2.443460953   38.090386510   22.238389569   27.396848458
   -1.237597106   -2.443460953   42.866126749   27.868655414   26.378915274
   -1.047197551   -2.443460953   48.633453307   32.268437258   23.548637738
   -0.856797996   -2.443460953   54.951711710   33.286591240   18.863837033
   -0.666398442   -2.443460953   61.027275016   29.529536651   12.763556668
   -0.475998887   -2.443460953   65.880343840   20.424568929    5.987690865
   -0.285599332   -2.443460953   68.501401762    6.207190846   -0.649337192
   -0.095199777   -2.443460953   68.014062312  -11.888602063   -6.470116734
    0.095199777   -2.443460953   63.910754849  -31.183074529  -11.045301492
    0.285599332   -2.443460953   56.357889770  -47.252471688  -14.193793828
    0.475998887   -2.443460953   46.482229460  -54.725635185  -15.927476538
    0.666398442   -2.443460953   36.370827580  -49.222256006  -16.367391036
    0.856797996   -2.443460953   28.639266273  -29.971760419  -15.699392930
    1.047197551   -2.443460953   25.578909817   -1.258812491  -14.143989265
    1.237597106   -2.443460953   28.250665039   28.676443760  -11.938931414
    1.427996661   -2.443460953   36.010493134   50.863696908   -9.296380481
    1.618396215   -2.443460953   46.729868261   59.122875287   -6.350153525
    1.808795770   -2.443460953   57.547492632   52.067346462   -3.111889548
    1.999195325   -2.443460953   65.779292636   32.765314089    0.483574883
    2.189594880   -2.443460953   69.610620743    6.896100660    4.486461035
    2.379994435   -2.443460953   68.395406135  -19.225680310    8.819415348
    2.570393989   -2.443460953   62.629127682  -40.114582430   13.240905475
    2.760793544   -2.443460953   53.703703978  -51.993119830   17.385914818
    2.951193099   -2.443460953   43.519123244  -53.317695651   20.886595855

   -3.141592654   -2.094395102   40.703017527  -41.340065906   13.777712174
   -2.951193099   -2.094395102   34.071082877  -27.770676338   14.835775021
   -2.760793544   -2.094395102   30.296150060  -12.021403775   15.398791416
   -2.570393989   -2.094395102   29.369708739    1.574059680   15.557059895
   -2.379994435   -2.094395102   30.595397206   10.355069257   15.413214216
   -2.189594880   -2.094395102   32.999069531   14.137283177   15.081785725
   -1.999195325   -2.094395102   35.783990365   14.793349155   14.638442684
   -1.808795770   -2.094395102   38.602737992   14.894391609   14.030762890
   -1.618396215   -2.094395102   41.538632991   16.189920118   13.029290302
   -1.427996661   -2.094395102   44.861645167   18.852519068   11.296767615
   -1.237597106   -2.094395102   48.738434942   21.739595359    8.546205222
   -1.047197551   -2.094395102   53.061153133   23.285493464    4.719124151
   -0.856797996   -2.094395102   57.451144639   22.219731616    0.057846202
   -0.666398442   -2.094395102   61.329499772   17.789940808   -4.931730051
   -0.475998887   -2.094395102   64.011107607    9.623342867   -9.648624705
   -0.285599332   -2.094395102   64.771087819   -2.352813153  -13.563323915
   -0.095199777   -2.094395102   62.926513782  -17.523393425  -16.351163797
    0.095199777   -2.094395102   58.034517906  -33.875712802  -17.944744112
    0.285599332   -2.094395102   50.212957419  -47.490150122  -18.482115744
    0.475998887   -2.094395102   40.468835718  -53.218412296  -18.224727383
    0.666398442   -2.094395102   30.754191679  -46.653317516  -17.435108114
    0.856797996   -2.094395102   23.571182564  -26.830251687  -16.301692328
    1.047197551   -2.094395102   21.141228576    2.208139931  -14.891260715
    1.237597106   -2.094395102   24.497596380   32.414153882  -13.175172908
    1.427996661   -2.094395102   33.000782425   54.950593275  -11.093683223
    1.618396215   -2.094395102   44.544000734   63.712776913   -8.615978539
    1.808795770   -2.094395102   56.296374823   57.306568508   -5.760911744
    1.999195325   -2.094395102   65.594567714   38.716338084   -2.606963282
    2.189594880   -2.094395102   70.620797024   13.447798940    0.723510296
    2.379994435   -2.094395102   70.687881291  -12.386034945    4.058976972
    2.570393989   -2.094395102   66.215566625  -33.459266595    7.199984002
    2.760793544   -2.094395102   58.501180921  -46.013483289    9.946456730
    2.951193099   -2.094395102   49.360471887  -48.391005480   12.156948826

   -3.141592654   -1.745329252   42.751439005  -39.692843496    4.726176114
   -2.951193099   -1.745329252   36.392439771  -26.551210739    5.194923962
   -2.760793544   -1.745329252   32.810968815  -11.217258044    5.501643016
   -2.570393989   -1.745329252   31.991535937    1.873464172    5.629437797
   -2.379994435   -1.745329252   33.216284551   10.019674067    5.492483467
   -2.189594880   -1.745329252   35.483291496   13.006067851    4.971612289
   -1.999195325   -1.745329252   37.958548744   12.624032700    3.936484435
   -1.808795770   -1.745329252   40.238208536   11.337068285    2.255891512
   -1.618396215   -1.745329252   42.336327592   10.903308627   -0.166714388
   -1.427996661   -1.745329252   44.476470005   11.734341194   -3.318493831
   -1.237597106   -1.745329252   46.848328445   13.166266563   -7.021391894
   -1.047197551   -1.745329252   49.467792856   14.157495487  -10.926342373
   -0.856797996   -1.745329252   52.164805899   13.787535639  -14.595045597
   -0.666398442   -1.745329252   54.602043663   11.263544579  -17.596898394
   -0.475998887   -1.745329252   56.291397559    5.819979476  -19.630377197
   -0.285599332   -1.745329252   56.605801296   -3.242883106  -20.580995875
   -0.095199777   -1.745329252   54.838992459  -15.933907662  -20.537189486
    0.095199777   -1.745329252   50.419572686  -30.665514019  -19.768654687
    0.285599332   -1.745329252   43.282732235  -43.674015767  -18.631351846
    0.475998887   -1.745329252   34.250681069  -49.664832256  -17.473779657
    0.666398442   -1.745329252   25.144212275  -43.858697527  -16.511406145
    0.856797996   -1.745329252   18.416991971  -24.796768179  -15.765544766
    1.047197551   -1.745329252   16.332890919    3.900824521  -15.056740008
    1.237597106   -1.745329252   20.026624330   34.355543888  -14.098518911
    1.427996661   -1.745329252   28.964608463   57.619439496  -12.649979805
    1.618396215   -1.745329252   41.102409576   67.274028955  -10.630732938
    1.808795770   -1.745329252   53.607391241   61.585534874   -8.145427291
    1.999195325   -1.745329252   63.760746125   43.339777796   -5.435754597
    2.189594880   -1.745329252   69.667659218   17.997000429   -2.774197351
    2.379994435   -1.745329252   70.567073847   -8.247472279   -0.395648138
    2.570393989   -1.745329252   66.826254527  -29.948115876    1.552070780
    2.760793544   -1.745329252   59.714494226  -43.199699502    3.014956480
    2.951193099   -1.745329252   51.047020783  -46.220824995    4.037623422

   -3.141592654   -1.396263402   40.900334830  -40.126646678    2.610835973
   -2.951193099   -1.396263402   34.468042374  -26.870490222    2.480260264
   -2.760793544   -1.396263402   30.844799028  -11.345795837    2.206886868
   -2.570393989   -1.396263402   30.010852908    1.808546758    1.761929618
   -2.379994435   -1.396263402   31.205932047    9.698067603    1.001536504
   -2.189594880   -1.396263402   33.348655071   11.926017388   -0.295365994
   -1.999195325   -1.396263402   35.498302944   10.187269802   -2.357704090
   -1.808795770   -1.396263402   37.145133694    7.072895343   -5.324783499
   -1.618396215   -1.396263402   38.250464973    4.782658574   -9.139050626
   -1.427996661   -1.396263402   39.091682778    4.367628227  -13.472336163
   -1.237597106   -1.396263402   40.033058844    5.739741208  -17.759657919
   -1.047197551   -1.396263402   41.344800491    8.071681937  -21.338712770
   -0.856797996   -1.396263402   43.107447017   10.213686091  -23.658981056
   -0.666398442   -1.396263402   45.154165628   10.767963016  -24.432299476
   -0.475998887   -1.396263402   47.036776786    8.266080767  -23.707791889
   -0.285599332   -1.396263402   48.040828124    1.394090599  -21.822103513
   -0.095199777   -1.396263402   47.277715515  -10.244591798  -19.281775447
    0.095199777   -1.396263402   43.943538564  -25.158107044  -16.637192314
    0.285599332   -1.396263402   37.750419897  -39.420403589  -14.332792825
    0.475998887   -1.396263402   29.353163554  -47.300384940  -12.631640336
    0.666398442   -1.396263402   20.509797045  -43.406641224  -11.562484936
    0.856797996   -1.396263402   13.732362084  -25.633485884  -10.952666730
    1.047197551   -1.396263402   11.449264155    2.827894041  -10.495726945
    1.237597106   -1.396263402   15.003175757   34.095803212   -9.864923301
    1.427996661   -1.396263402   24.025975075   58.806674049   -8.837538295
    1.618396215   -1.396263402   36.533769652   69.908363482   -7.353220656
    1.808795770   -1.396263402   49.637802767   65.107992645   -5.513182134
    1.999195325   -1.396263402   60.484606018   46.962311023   -3.522242055
    2.189594880   -1.396263402   67.034080728   21.020475513   -1.603235815
    2.379994435   -1.396263402   68.418964591   -6.212483211    0.051938829
    2.570393989   -1.396263402   64.965188731  -28.955844030    1.315958317
    2.760793544   -1.396263402   57.958668606  -43.033256755    2.133030758
    2.951193099   -1.396263402   49.271565227  -46.530927831    2.533811527

   -3.141592654   -1.047197551   38.534774674  -42.370494196    3.795094310
   -2.951193099   -1.047197551   31.685225429  -28.962541465    2.689787895
   -2.760793544   -1.047197551   27.698905297  -13.058046841    1.339770812
   -2.570393989   -1.047197551   26.570841694    0.381457652   -0.184507479
   -2.379994435   -1.047197551   27.488433422    8.105178355   -1.952597255
   -2.189594880   -1.047197551   29.257662293    9.471264581   -4.161125267
   -1.999195325   -1.047197551   30.803961087    6.220839803   -7.040132341
   -1.808795770   -1.047197551   31.529200314    1.376375820  -10.688654012
   -1.618396215   -1.047197551   31.420131559   -2.123964488  -14.911128614
   -1.427996661   -1.047197551   30.925576073   -2.502220283  -19.161367448
   -1.237597106   -1.047197551   30.689865176    0.517251909  -22.666999539
   -1.047197551   -1.047197551   31.278158750    5.871675794  -24.694020426
   -0.856797996   -1.047197551   32.968693212   11.684610264  -24.826675010
   -0.666398442   -1.047197551   35.628105552   15.602442652  -23.108395867
   -0.475998887   -1.047197551   38.668913289   15.357400287  -20.009017358
   -0.285599332   -1.047197551   41.117649311    9.209915020  -16.245687887
   -0.095199777   -1.047197551   41.789447850   -3.231510486  -12.542562480
    0.095199777   -1.047197551   39.620379977  -20.077387646   -9.439024769
    0.285599332   -1.047197551   34.163902377  -36.794270156   -7.152085124
    0.475998887   -1.047197551   26.040428965  -46.964648248   -5.607313603
    0.666398442   -1.047197551   17.098514702  -44.622886774   -4.546591143
    0.856797996   -1.047197551   10.027333795  -27.328254046   -3.699479450
    1.047197551   -1.047197551    7.464121023    1.723653823   -2.890375600
    1.237597106   -1.047197551   10.926711268   34.296184398   -2.053150522
    1.427996661   -1.047197551   20.131860824   60.487047247   -1.191099480
    1.618396215   -1.047197551   33.076297734   72.708394979   -0.300037164
    1.808795770   -1.047197551   46.766593771   68.329978791    0.643962031
    1.999195325   -1.047197551   58.208056446   49.870082552    1.659423872
    2.189594880   -1.047197551   65.234914160   23.052489483    2.713692410
    2.379994435   -1.047197551   66.898450901   -5.341107787    3.693628632
    2.570393989   -1.047197551   63.495767893  -29.276839123    4.425185704
    2.760793544   -1.047197551   56.327388189  -44.362530121    4.731385751
    2.951193099   -1.047197551   47.317084682  -48.531316921    4.515908464

   -3.141592654   -0.698131701   38.292409583  -45.686347243    3.802968323
   -2.951193099   -0.698131701   30.782175037  -32.513156722    1.512319709
   -2.760793544   -0.698131701   26.124810621  -16.520039346   -1.050042498
   -2.570393989   -0.698131701   24.349475033   -2.988099334   -3.678861341
   -2.379994435   -0.698131701   24.608978552    4.477120087   -6.328565304
   -2.189594880   -0.698131701   25.619858551    5.044565456   -9.139178769
   -1.999195325   -0.698131701   26.214412052    0.626119349  -12.322403088
   -1.808795770   -0.698131701   25.772824995   -5.188571973  -15.929021182
   -1.618396215   -0.698131701   24.391451758   -8.703833485  -19.645200781
   -1.427996661   -0.698131701   22.759787229   -7.590889819  -22.776795432
   -1.237597106   -0.698131701   21.818390990   -1.587374909  -24.482929212
   -1.047197551   -0.698131701   22.363626511    7.583079822  -24.152604766
   -0.856797996   -0.698131701   24.736115388   17.006714512  -21.706335623
   -0.666398442   -0.698131701   28.664787006   23.347593151  -17.653912609
   -0.475998887   -0.698131701   33.274644173   23.783106468  -12.892404652
   -0.285599332   -0.698131701   37.253216310   16.601605344   -8.372103636
   -0.095199777   -0.698131701   39.135415427    1.948851761   -4.761515743
    0.095199777   -0.698131701   37.710483550  -17.421348259   -2.274680794
    0.285599332   -0.698131701   32.554983112  -36.145975152   -0.660240852
    0.475998887   -0.698131701   24.445197704  -47.273850381    0.580066754
    0.666398442   -0.698131701   15.442416777  -44.802339929    1.904858137
    0.856797996   -0.698131701    8.410744511  -26.688806106    3.486786230
    1.047197551   -0.698131701    6.062889714    3.305028081    5.162414656
    1.237597106   -0.698131701    9.893968709   36.491742840    6.597702257
    1.427996661   -0.698131701   19.540161711   62.844292188    7.512985774
    1.618396215   -0.698131701   32.921803359   74.898767023    7.864566331
    1.808795770   -0.698131701   47.001012907   70.212576324    7.826706399
    1.999195325   -0.698131701   58.767980843   51.398137783    7.662503491
    2.189594880   -0.698131701   66.044622000   24.125266257    7.550742968
    2.379994435   -0.698131701   67.852393533   -4.939268716    7.490901955
    2.570393989   -0.698131701   64.440914527  -29.810331636    7.305942586
    2.760793544   -0.698131701   57.067415575  -45.987532968    6.738945582
    2.951193099   -0.698131701   47.648200642  -51.169484320    5.589052558

   -3.141592654   -0.349065850   39.039343183  -50.467621175    3.273198415
   -2.951193099   -0.349065850   30.550014642  -37.921235640    0.183028302
   -2.760793544   -0.349065850   24.842121100  -22.066753492   -3.042942051
   -2.570393989   -0.349065850   22.021248777   -8.407238913   -6.153642255
   -2.379994435   -0.349065850   21.256566274   -0.903266696   -9.065869386
   -2.189594880   -0.349065850   21.222122540   -0.605739963  -11.889497336
   -1.999195325   -0.349065850   20.701156601   -5.419376286  -14.787564846
   -1.808795770   -0.349065850   19.102623908  -11.148582836  -17.721472833
   -1.618396215   -0.349065850   16.684421840  -13.385417680  -20.273472213
   -1.427996661   -0.349065850   14.403943715   -9.472451828  -21.715572307
   -1.237597106   -0.349065850   13.466513669    0.457498950  -21.333633802
   -1.047197551   -0.349065850   14.791787711   13.645197550  -18.834598942
   -0.856797996   -0.349065850   18.620561523   25.960352614  -14.570631720
   -0.666398442   -0.349065850   24.376858319   33.227125384   -9.443836203
   -0.475998887   -0.349065850   30.787351534   32.491840869   -4.537150046
   -0.285599332   -0.349065850   36.186963436   22.649348923   -0.697959611
   -0.095199777   -0.349065850   38.925072703    4.907776734    1.776866950
    0.095199777   -0.349065850   37.819057302  -16.832624031    3.190325162
    0.285599332   -0.349065850   32.663521188  -36.461526385    4.265135727
    0.475998887   -0.349065850   24.533818961  -46.945072738    5.753671450
    0.666398442   -0.349065850   15.737255135  -42.902023562    8.049850869
    0.856797996   -0.349065850    9.222577446  -23.276849093   10.976386272
    1.047197551   -0.349065850    7.603794429    7.344272797   13.881465491
    1.237597106   -0.349065850   12.172364541   40.005475253   16.010919531
    1.427996661   -0.349065850   22.370510762   65.049303196   16.886096687
    1.618396215   -0.349065850   36.032968562   75.677224415   16.517462383
    1.808795770   -0.349065850   50.155217502   69.987136001   15.302831604
    1.999195325   -0.349065850   61.829328959   50.736101168   13.769516749
    2.189594880   -0.349065850   68.966798785   23.354917176   12.294916372
    2.379994435   -0.349065850   70.614235379   -5.894046008   10.978359340
    2.570393989   -0.349065850   66.974301687  -31.329967419    9.658852767
    2.760793544   -0.349065850   59.222222240  -48.502118318    8.058243292
    2.951193099   -0.349065850   49.210364293  -54.891799720    5.949311057

   -3.141592654    0.000000000   40.205019996  -55.959271998    2.182819683
   -2.951193099    0.000000000   30.622516951  -43.805441377   -0.781816960
   -2.760793544    0.000000000   23.797027986  -27.832117881   -3.673897245
   -2.570393989    0.000000000   19.918286725  -13.721003400   -6.342131093
   -2.379994435    0.000000000   18.187049830   -5.763302511   -8.771463553
   -2.189594880    0.000000000   17.254720315   -5.204995877  -11.070842066
   -1.999195325    0.000000000   15.878763191   -9.756444601  -13.320872246
   -1.808795770    0.000000000   13.518283777  -14.660944597  -15.358540501
   -1.618396215    0.000000000   10.595460728  -14.954304133  -16.690967540
   -1.427996661    0.000000000    8.297769026   -7.914358863  -16.664013147
   -1.237597106    0.000000000    8.002786748    5.645923335  -14.820306886
   -1.047197551    0.000000000   10.618321740   21.794803287  -11.238083416
   -0.856797996    0.000000000   16.147876953   35.316398427   -6.598934559
   -0.666398442    0.000000000   23.627667459   41.624375558   -1.936201240
   -0.475998887    0.000000000   31.402574436   38.211415356    1.818900668
   -0.285599332    0.000000000   37.579259228   25.100128344    4.210189015
   -0.095199777    0.000000000   40.521373922    4.811126281    5.432051517
    0.095199777    0.000000000   39.286679649  -17.755125510    6.200695634
    0.285599332    0.000000000   34.035819605  -36.237667270    7.416635656
    0.475998887    0.000000000   26.174560833  -44.218762113    9.729717815
    0.666398442    0.000000000   18.155722571  -37.571763410   13.204965507
    0.856797996    0.000000000   12.818807110  -16.545856914   17.254153112
    1.047197551    0.000000000   12.466261729   13.574822724   20.885408901
    1.237597106    0.000000000   18.034570211   44.054369395   23.174641143
    1.427996661    0.000000000   28.728800553   66.194698985   23.656913501
    1.618396215    0.000000000   42.355027752   74.294366158   22.473061311
    1.808795770    0.000000000   56.053853749   67.126987750   20.186485980
    1.999195325    0.000000000   67.129991204   47.468986490   17.464241756
    2.189594880    0.000000000   73.659051206   20.288611916   14.783174837
    2.379994435    0.000000000   74.746277937   -8.754198568   12.321762768
    2.570393989    0.000000000   70.551258607  -34.384238896    9.997293732
    2.760793544    0.000000000   62.159624670  -52.234822074    7.617309774
    2.951193099    0.000000000   51.349331870  -59.562681882    5.022811794

   -3.141592654    0.349065850   42.043159258  -60.518468893    1.875812768
   -2.951193099    0.349065850   31.575248571  -48.475581482   -0.016446158
   -2.760793544    0.349065850   23.871039510  -32.338250441   -1.673358136
   -2.570393989    0.349065850   19.163731302  -17.901459667   -3.138759612
   -2.379994435    0.349065850   16.665479635   -9.647082427   -4.526790104
   -2.189594880    0.349065850   15.015325036   -8.853337010   -5.965944103
   -1.999195325    0.349065850   12.979725798  -12.957727564   -7.465202904
   -1.808795770    0.349065850   10.101474470  -16.742948090   -8.785514371
   -1.618396215    0.349065850    6.963352979  -14.972649767   -9.459465393
   -1.427996661    0.349065850    4.918140764   -5.178264159   -9.008147180
   -1.237597106    0.349065850    5.403830906   11.002447524   -7.238587838
   -1.047197551    0.349065850    9.206035275   28.642974158   -4.430844848
   -0.856797996    0.349065850   16.044414170   41.904120436   -1.255462599
   -0.666398442    0.349065850   24.621616413   46.351230964    1.534619178
   -0.475998887    0.349065850   33.051334157   40.328166638    3.483237012
   -0.285599332    0.349065850   39.410091008   25.064260357    4.631107637
   -0.095199777    0.349065850   42.252357984    4.099823226    5.502819269
    0.095199777    0.349065850   40.969319432  -17.242774739    6.864640128
    0.285599332    0.349065850   36.059488544  -32.988698308    9.368411593
    0.475998887    0.349065850   29.122411535  -37.809408478   13.225958709
    0.666398442    0.349065850   22.560829491  -28.948888636   18.032407657
    0.856797996    0.349065850   18.924545926   -7.703417408   22.857266887
    1.047197551    0.349065850   20.098700313   20.428095793   26.582918758
    1.237597106    0.349065850   26.653690547   47.409501231   28.363435645
    1.427996661    0.349065850   37.620209376   65.770374373   27.938965598
    1.618396215    0.349065850   50.865462542   70.930133290   25.668285393
    1.808795770    0.349065850   63.753101694   62.216296465   22.274234312
    1.999195325    0.349065850   73.851421677   42.282590182   18.508281106
    2.189594880    0.349065850   79.429945989   15.564765039   14.892847186
    2.379994435    0.349065850   79.676051391  -12.889677631   11.661897517
    2.570393989    0.349065850   74.729908912  -38.203001029    8.821963068
    2.760793544    0.349065850   65.609532895  -56.130045274    6.289714078
    2.951193099    0.349065850   54.027773139  -63.790913168    3.984040333

   -3.141592654    0.698131701   43.661243149  -62.909680959    0.598730028
   -2.951193099    0.698131701   32.761905634  -50.603973880    0.318824153
   -2.760793544    0.698131701   24.666513163  -34.327872933    0.311338527
   -2.570393989    0.698131701   19.580912706  -19.904159105    0.342013986
   -2.379994435    0.698131701   16.687414308  -11.801952674    0.199883889
   -2.189594880    0.698131701   14.611441807  -11.138909136   -0.241776781
   -1.999195325    0.698131701   12.150749778  -15.049810181   -0.955260178
   -1.808795770    0.698131701    8.939500241  -18.027933616   -1.728241607
   -1.618396215    0.698131701    5.683991017  -14.835635041   -2.237745870
   -1.427996661    0.698131701    3.822225162   -3.402970830   -2.225030470
   -1.237597106    0.698131701    4.771460296   13.962381119   -1.652402531
   -1.047197551    0.698131701    9.174258532   31.800383489   -0.736988333
   -0.856797996    0.698131701   16.546993811   44.206044852    0.199944581
   -0.666398442    0.698131701   25.433622425   47.281139280    0.954588941
   -0.475998887    0.698131701   33.929004005   40.212395233    1.623483551
   -0.285599332    0.698131701   40.249971402   25.008595148    2.594261220
   -0.095199777    0.698131701   43.202156791    5.552805317    4.392974275
    0.095199777    0.698131701   42.439138336  -13.084653958    7.444607646
    0.285599332    0.698131701   38.619237548  -25.715877843   11.828079911
    0.475998887    0.698131701   33.318078383  -28.112624599   17.152566766
    0.666398442    0.698131701   28.704719526  -18.538590244   22.579707914
    0.856797996    0.698131701   26.943478117    1.201448712   27.050216711
    1.047197551    0.698131701   29.509716759   25.887171637   29.630819937
    1.237597106    0.698131701   36.690738720   48.480384299   29.847814737
    1.427996661    0.698131701   47.458339023   62.769790355   27.832669855
    1.618396215    0.698131701   59.841497388   65.139742099   24.202803241
    1.808795770    0.698131701   71.490287227   55.253453525   19.767139274
    1.999195325    0.698131701   80.261652405   35.477615221   15.244238164
    2.189594880    0.698131701   84.623410492    9.661499726   11.105562403
    2.379994435    0.698131701   83.849087068  -17.715394258    7.592481362
    2.570393989    0.698131701   78.076065040  -42.099135870    4.791116697
    2.760793544    0.698131701   68.281987426  -59.348434010    2.720760763
    2.951193099    0.698131701   56.134556054  -66.533026968    1.350760161

   -3.141592654    1.047197551   42.281906240  -63.090596648   -3.758853784
   -2.951193099    1.047197551   31.443037279  -49.840867312   -2.683419031
   -2.760793544    1.047197551   23.543358926  -33.108243565   -1.365472366
   -2.570393989    1.047197551   18.697340533  -18.666909033   -0.154406313
   -2.379994435    1.047197551   16.013436664  -10.868963864    0.728583974
   -2.189594880    1.047197551   14.072618630  -10.653405640    1.202258899
   -1.999195325    1.047197551   11.664355468  -14.958626465    1.297617044
   -1.808795770    1.047197551    8.447613169  -18.139124070    1.109453290
   -1.618396215    1.047197551    5.166073024  -14.982498795    0.742141946
   -1.427996661    1.047197551    3.274920755   -3.589138128    0.260684558
   -1.237597106    1.047197551    4.171696855   13.543455570   -0.301872332
   -1.047197551    1.047197551    8.457421631   30.966419401   -0.889029013
   -0.856797996    1.047197551   15.636765426   43.057813290   -1.329676149
   -0.666398442    1.047197551   24.318392207   46.419546326   -1.311371899
   -0.475998887    1.047197551   32.755444772   40.648122681   -0.424530738
   -0.285599332    1.047197551   39.372428863   27.841701196    1.697878932
   -0.095199777    1.047197551   43.154539489   11.507494163    5.222991172
    0.095199777    1.047197551   43.824355033   -4.077623386   10.007989686
    0.285599332    1.047197551   41.936134990  -14.677265102   15.538380637
    0.475998887    1.047197551   38.789497745  -16.875552458   20.999616916
    0.666398442    1.047197551   36.162910365   -9.262869022   25.437420731
    0.856797996    1.047197551   35.831007638    6.703242828   28.022779376
    1.047197551    1.047197551   39.006591623   26.739749577   28.305973195
    1.237597106    1.047197551   45.923009999   44.992651981   26.345683634
    1.427996661    1.047197551   55.704685259   56.154225501   22.658249170
    1.618396215    1.047197551   66.652454584   56.923642648   17.981011643
    1.808795770    1.047197551   76.692045654   46.737522350   13.009487624
    1.999195325    1.047197551   83.882837128   27.476325927    8.247061485
    2.189594880    1.047197551   86.805480100    2.590760925    3.999815321
    2.379994435    1.047197551   84.791858376  -23.630978341    0.476772487
    2.570393989    1.047197551   78.017856150  -46.660804651   -2.144403356
    2.760793544    1.047197551   67.496858113  -62.399230973   -3.716073983
    2.951193099    1.047197551   54.914312173  -68.050561984   -4.206872659

   -3.141592654    1.396263402   37.763510855  -61.158369365  -10.129009432
   -2.951193099    1.396263402   27.446307154  -46.414246927   -8.606819046
   -2.760793544    1.396263402   20.273259555  -29.044487882   -6.754542778
   -2.570393989    1.396263402   16.199735278  -14.723174908   -4.883081707
   -2.379994435    1.396263402   14.211042794   -7.573253600   -3.133505418
   -2.189594880    1.396263402   12.810626425   -8.305389099   -1.532852221
   -1.999195325    1.396263402   10.745724653  -13.723063450   -0.102107231
   -1.808795770    1.396263402    7.650243262  -18.116500791    1.063132644
   -1.618396215    1.396263402    4.253260328  -16.224178294    1.801080363
   -1.427996661    1.396263402    2.012562191   -5.994225531    1.971229238
   -1.237597106    1.396263402    2.371204853   10.375684484    1.591054256
   -1.047197551    1.396263402    6.043683663   27.849315066    0.918413947
   -0.856797996    1.396263402   12.723796687   41.134112650    0.444594603
   -0.666398442    1.396263402   21.250939062   46.908319543    0.747590305
   -0.475998887    1.396263402   30.086166172   44.442181890    2.307747801
   -0.285599332    1.396263402   37.763928933   35.146686310    5.337794392
   -0.095199777    1.396263402   43.225147205   21.660142066    9.686638189
    0.095199777    1.396263402   45.985449448    7.423895520   14.851462172
    0.285599332    1.396263402   46.257082020   -3.845262646   20.031170292
    0.475998887    1.396263402   44.943905212   -8.765544499   24.296618779
    0.666398442    1.396263402   43.476652061   -5.369740482   26.801934574
    0.856797996    1.396263402   43.436720648    5.904270147   27.039369704
    1.047197551    1.396263402   46.057129497   21.898783154   24.996713594
    1.237597106    1.396263402   51.779728009   37.569055379   21.132458541
    1.427996661    1.396263402   60.031713443   47.746822169   16.190097391
    1.618396215    1.396263402   69.380858047   48.660225133   10.903777885
    1.808795770    1.396263402   77.901150268   39.053419597    5.784294109
    1.999195325    1.396263402   83.683187193   20.332557932    1.087696559
    2.189594880    1.396263402   85.290523335   -4.069687251   -3.071347078
    2.379994435    1.396263402   82.071885417  -29.548189963   -6.557807867
    2.570393989    1.396263402   74.287607187  -51.229592454   -9.157708039
    2.760793544    1.396263402   63.077813018  -64.962441313  -10.642785395
    2.951193099    1.396263402   50.227175198  -68.268429417  -10.921323591

   -3.141592654    1.745329252   31.214644169  -58.939002546  -16.340103140
   -2.951193099    1.745329252   21.474979977  -42.684758209  -14.972655130
   -2.760793544    1.745329252   15.094990614  -24.566780201  -13.079135210
   -2.570393989    1.745329252   11.895563240  -10.103282346  -10.884145920
   -2.379994435    1.745329252   10.767192091   -3.208120843   -8.464818884
   -2.189594880    1.745329252   10.150489631   -4.487786791   -5.826982825
   -1.999195325    1.745329252    8.735418632  -10.782020358   -3.035242228
   -1.808795770    1.745329252    6.086757180  -16.431129525   -0.305253266
   -1.618396215    1.745329252    2.868789276  -16.061109560    2.033338774
   -1.427996661    1.745329252    0.521336002   -7.225783386    3.680660722
   -1.237597106    1.745329252    0.566274872    8.457890552    4.556556233
   -1.047197551    1.745329252    3.904348219   26.476616968    4.899767158
   -0.856797996    1.745329252   10.485155852   41.672057036    5.222276820
   -0.666398442    1.745329252   19.382420325   50.370623894    6.098486482
   -0.475998887    1.745329252   29.182567928   51.082061054    7.927502345
   -0.285599332    1.745329252   38.384068113   44.326645962   10.763664226
   -0.095199777    1.745329252   45.729556004   31.996778320   14.256177852
    0.095199777    1.745329252   50.423909596   17.079905385   17.738511002
    0.285599332    1.745329252   52.320075517    3.277874275   20.372705056
    0.475998887    1.745329252   52.004464085   -5.589413330   21.402644361
    0.666398442    1.745329252   50.713724078   -6.694956074   20.394814885
    0.856797996    1.745329252   50.022091892    0.558592753   17.424357862
    1.047197551    1.745329252   51.341774500   13.844122712   13.058921272
    1.237597106    1.745329252   55.404101768   28.441069484    8.127848830
    1.427996661    1.745329252   61.925652042   38.858064386    3.402999438
    1.618396215    1.745329252   69.659595196   40.614867025   -0.685134347
    1.808795770    1.745329252   76.728022706   31.799497562   -4.118069151
    1.999195325    1.745329252   81.178418159   13.549398163   -7.132326506
    2.189594880    1.745329252   81.525923397  -10.499266446   -9.961869598
    2.379994435    1.745329252   77.138502557  -35.294944621  -12.625206708
    2.570393989    1.745329252   68.377428536  -55.604882106  -14.887049431
    2.760793544    1.745329252   56.520982550  -67.274091825  -16.392506920
    2.951193099    1.745329252   43.454185655  -68.200615139  -16.884140234

   -3.141592654    2.094395102   24.220771367  -57.713844881  -18.790690813
   -2.951193099    2.094395102   14.837669324  -40.240742362  -17.544967958
   -2.760793544    2.094395102    9.006954682  -21.307718137  -15.598884408
   -2.570393989    2.094395102    6.487985262   -6.236890747  -13.107079992
   -2.379994435    2.094395102    6.151361063    1.240346443  -10.146645019
   -2.189594880    2.094395102    6.435914953    0.507933280   -6.760639831
   -1.999195325    2.094395102    6.006208576   -5.504440171   -3.048713537
   -1.808795770    2.094395102    4.348896608  -11.405872728    0.756630612
   -1.618396215    2.094395102    2.015420798  -11.891760797    4.310884462
   -1.427996661    2.094395102    0.352241493   -4.232758352    7.273874238
   -1.237597106    2.094395102    0.870010809   10.500672231    9.474730897
   -1.047197551    2.094395102    4.564295241   28.323128425   11.007874235
   -0.856797996    2.094395102   11.552735921   44.250572552   12.194926517
   -0.666398442    2.094395102   21.066917212   54.330159509   13.397890491
   -0.475998887    2.094395102   31.759532904   56.435024519   14.814425677
   -0.285599332    2.094395102   42.061844152   50.349065230   16.352277749
   -0.095199777    2.094395102   50.518704750   37.402289714   17.617739631
    0.095199777    2.094395102   56.063063301   20.353219248   18.046970344
    0.285599332    2.094395102   58.275338445    3.161325277   17.079388682
    0.475998887    2.094395102   57.565005601   -9.634882387   14.406453156
    0.666398442    2.094395102   55.159451826  -14.187146735   10.149130954
    0.856797996    2.094395102   52.818222925   -8.970370258    4.911171259
    1.047197551    2.094395102   52.275492475    4.118317067   -0.403782438
    1.237597106    2.094395102   54.598984044   20.108361703   -4.939665146
    1.427996661    2.094395102   59.734984324   32.679294617   -8.211871170
    1.618396215    2.094395102   66.487017410   36.375671224  -10.264663981
    1.808795770    2.094395102   72.866874576   28.644035345  -11.557060871
    1.999195325    2.094395102   76.742428076   10.541117357  -12.673168796
    2.189594880    2.094395102   76.485886910  -13.859124127  -14.021789392
    2.379994435    2.094395102   71.430928565  -38.860902535  -15.667184475
    2.570393989    2.094395102   62.018696582  -58.738289946  -17.345363347
    2.760793544    2.094395102   49.665862769  -69.238084845  -18.634661008
    2.951193099    2.094395102   36.373899099  -68.555146406  -19.171654014

   -3.141592654    2.443460953   17.777905747  -57.295964364  -12.585165271
   -2.951193099    2.443460953    8.588908996  -38.631528656  -11.036869240
   -2.760793544    2.443460953    3.181752141  -18.478685159   -9.005907356
   -2.570393989    2.443460953    1.322243027   -2.137717684   -6.612437837
   -2.379994435    2.443460953    1.890378882    6.635976951   -3.901840917
   -2.189594880    2.443460953    3.318475471    7.079552405   -0.838670473
   -1.999195325    2.443460953    4.224905732    1.863291469    2.628486137
   -1.808795770    2.443460953    3.997633540   -3.879253756    6.453025371
   -1.618396215    2.443460953    3.054723837   -4.932230536   10.417077378
   -1.427996661    2.443460953    2.617961505    1.620548250   14.156012820
   -1.237597106    2.443460953    4.131747038   15.113293337   17.286227022
   -1.047197551    2.443460953    8.605702687   31.966677257   19.555599483
   -0.856797996    2.443460953   16.229554774   47.342965538   20.911121254
   -0.666398442    2.443460953   26.301528729   57.096282468   21.432287168
   -0.475998887    2.443460953   37.477076809   58.660680283   21.196069134
   -0.285599332    2.443460953   48.102293069   51.362146464   20.168475690
   -0.095199777    2.443460953   56.563784311   36.280284622   18.172469234
    0.095199777    2.443460953   61.621246187   16.244623109   14.980412614
    0.285599332    2.443460953   62.733187872   -4.287611512   10.461156767
    0.475998887    2.443460953   60.316950262  -19.951740329    4.777949484
    0.666398442    2.443460953   55.777606847  -25.978077535   -1.513744863
    0.856797996    2.443460953   51.205141257  -20.255975574   -7.528707155
    1.047197551    2.443460953   48.715581825   -4.772122448  -12.333372910
    1.237597106    2.443460953   49.669758497   14.707143760  -15.309640688
    1.427996661    2.443460953   54.111679134   30.684302569  -16.387820559
    1.618396215    2.443460953   60.726378898   36.699055369  -16.043487269
    1.808795770    2.443460953   67.268050263   29.782578453  -15.034596642
    1.999195325    2.443460953   71.331498059   11.222583690  -14.069440283
    2.189594880    2.443460953   71.105307516  -14.254833040  -13.558054418
    2.379994435    2.443460953   65.873870630  -40.242945488  -13.541951481
    2.570393989    2.443460953   56.146875083  -60.538739102  -13.770914305
    2.760793544    2.443460953   43.467319988  -70.755593498  -13.875115179
    2.951193099    2.443460953   29.958440695  -69.243261021  -13.535135351

   -3.141592654    2.792526803   15.096824201  -55.634813324    1.064534758
   -2.951193099    2.792526803    6.270999234  -36.498918373    3.023782146
   -2.760793544    2.792526803    1.316021775  -15.874010184    4.899523520
   -2.570393989    2.792526803    0.000000000    0.973067024    6.681407804
   -2.379994435    2.792526803    1.218478796   10.380165370    8.482610115
   -2.189594880    2.792526803    3.436201362   11.659271105   10.544482015
   -1.999195325    2.792526803    5.308428425    7.434443278   13.144316937
   -1.808795770    2.792526803    6.233995436    2.617064439   16.416167249
   -1.618396215    2.792526803    6.587491815    2.093249093   20.191502319
   -1.427996661    2.792526803    7.487145155    8.504941139   23.980113559
   -1.237597106    2.792526803   10.238921225   21.114171615   27.122258683
   -1.047197551    2.792526803   15.720758952   36.470224624   29.034414368
   -0.856797996    2.792526803   24.024907844   49.930234749   29.387868455
   -0.666398442    2.792526803   34.382835500   57.461567375   28.133470221
   -0.475998887    2.792526803   45.392845189   56.502214830   25.399158659
   -0.285599332    2.792526803   55.341383121   46.360613989   21.367804210
   -0.095199777    2.792526803   62.561426841   28.234059174   16.204723738
    0.095199777    2.792526803   65.804693748    5.304927412   10.089601362
    0.285599332    2.792526803   64.613552937  -17.353563016    3.301768038
    0.475998887    2.792526803   59.619264985  -33.671288423   -3.665536673
    0.666398442    2.792526803   52.559474917  -38.383287335  -10.090476032
    0.856797996    2.792526803   45.903784986  -29.444346036  -15.150308047
    1.047197551    2.792526803   42.070922617   -9.581063196  -18.198570120
    1.237597106    2.792526803   42.534453589   14.272049103  -19.036201362
    1.427996661    2.792526803   47.227596079   33.513563766  -17.991905066
    1.618396215    2.792526803   54.559688328   41.131238201  -15.769501610
    1.808795770    2.792526803   61.970758215   34.279564539  -13.120246568
    1.999195325    2.792526803   66.813798934   14.828771279  -10.579134344
    2.189594880    2.792526803   67.162071899  -11.815762882   -8.358761701
    2.379994435    2.792526803   62.298680092  -38.744465355   -6.422537496
    2.570393989    2.792526803   52.802244893  -59.531964791   -4.616972157
    2.760793544    2.792526803   40.304112245  -69.794417823   -2.799594362
    2.951193099    2.792526803   27.001177617  -68.010366459   -0.901718066
