#! FIELDS phi psi file.free der_phi der_psi
#! SET min_phi -pi
#! SET max_phi pi
#! SET nbins_phi  33
#! SET periodic_phi true
#! SET min_psi -pi
#! SET max_psi pi
#! SET nbins_psi  18
#! SET periodic_psi true
   -3.141592654   -3.141592654   17.885833395  -53.658909112   16.508752752
   -2.951193099   -3.141592654    9.351804469  -35.344413882   18.969871977
   -2.760793544   -3.141592654    4.577418675  -15.041078845   20.667412705
   -2.570393989   -3.141592654    3.431480253    2.025103441   21.692420927
   -2.379994435   -3.141592654    4.914150304   12.207715252   22.359669232
   -2.189594880   -3.141592654    7.597424536   14.809070475   23.162872383
   -1.999195325   -3.141592654   10.229346828   12.308513291   24.597034799
   -1.808795770   -3.141592654   12.248363280    9.170950525   26.894960853
   -1.618396215   -3.141592654   13.959799915    9.641313790   29.824843067
   -1.427996661   -3.141592654   16.290651766   15.753462756   32.704275391
   -1.237597106   -3.141592654   20.268871312   26.513814555   34.644480401
   -1.047197551   -3.141592654   26.490482804   38.670928103   34.902934309
   -0.856797996   -3.141592654   34.839627596   48.134263231   33.134645879
   -0.666398442   -3.141592654   44.458588740   51.534847781   29.446395433
   -0.475998887   -3.141592654   53.979051576   46.911204808   24.252128888
   -0.285599332   -3.141592654   61.821670490   34.028359344   18.081656564
   -0.095199777   -3.141592654   66.526884987   14.390711707   11.420073375
    0.095199777   -3.141592654   67.100148002   -8.644457456    4.665782603
    0.285599332   -3.141592654   63.359556699  -29.930072656   -1.822575352
    0.475998887   -3.141592654   56.213109442  -43.482327962   -7.635827942
    0.666398442   -3.141592654   47.635439615  -44.374008889  -12.290122976
    0.856797996   -3.141592654   40.237024529  -31.246312348  -15.318165907
    1.047197551   -3.141592654   36.421796706   -7.736632083  -16.456000577
    1.237597106   -3.141592654   37.479735495   18.436770838  -15.795228903
    1.427996661   -3.141592654   43.058481017   38.428917910  -13.760645326
    1.618396215   -3.141592654   51.302004550   45.692906259  -10.928188009
    1.808795770   -3.141592654   59.519106035   38.232666760   -7.764643057
    1.999195325   -3.141592654   65.085942133   18.596743052   -4.496970811
    2.189594880   -3.141592654   66.178591713   -7.689331362   -1.133505343
    2.379994435   -3.141592654   62.150253588  -34.118664365    2.390673617
    2.570393989   -3.141592654   53.553334425  -54.808661161    6.082972074
    2.760793544   -3.141592654   41.911662354  -65.631632400    9.822982937
    2.951193099   -3.141592654   29.306532575  -64.901105259   13.385384579

   -3.141592654   -2.792526803   25.375615135  -49.181367869   24.640508803
   -2.951193099   -2.792526803   17.529883869  -32.623307185   26.898241711
   -2.760793544   -2.792526803   13.111513006  -13.975526298   28.086514579
   -2.570393989   -2.792526803   12.047268908    1.937621433   28.407938602
   -2.379994435   -2.792526803   13.473676422   11.880425022   28.286526677
   -2.189594880   -2.792526803   16.160766444   15.356236390   28.292228914
   -1.999195325   -2.792526803   19.054123424   14.606677300   28.944270673
   -1.808795770   -2.792526803   21.695796480   13.355148741   30.442834150
   -1.618396215   -2.792526803   24.322367196   14.849972023   32.481765709
   -1.427996661   -2.792526803   27.613341179   20.319067821   34.294485875
   -1.237597106   -2.792526803   32.246978175   28.554811371   34.936331897
   -1.047197551   -2.792526803   38.496530853   36.766956940   33.672817273
   -0.856797996   -2.792526803   46.059571059   41.798807434   30.245879683
   -0.666398442   -2.792526803   54.081317125   41.255076350   24.930540628
   -0.475998887   -2.792526803   61.360318089   33.900341253   18.359355545
   -0.285599332   -2.792526803   66.584231052   19.801507887   11.285591635
   -0.095199777   -2.792526803   68.580833399    0.398318271    4.368933497
    0.095199777   -2.792526803   66.607514909  -21.228349061   -1.912728167
    0.285599332   -2.792526803   60.676421971  -40.229814081   -7.237608368
    0.475998887   -2.792526803   51.838335977  -50.859259228  -11.362648815
    0.666398442   -2.792526803   42.168653543  -48.410333256  -14.076328910
    0.856797996   -2.792526803   34.328344601  -31.856191056  -15.239453393
    1.047197551   -2.792526803   30.696101994   -5.288905497  -14.871289439
    1.237597106   -2.792526803   32.447627698   23.136035516  -13.206649452
    1.427996661   -2.792526803   39.055915034   44.396321897  -10.630575894
    1.618396215   -2.792526803   48.490363640   52.147914807   -7.527503209
    1.808795770   -2.792526803   57.951077478   44.826043231   -4.118545775
    1.999195325   -2.792526803   64.787199076   25.365664780   -0.432952865
    2.189594880   -2.792526803   67.199002407   -0.585559434    3.604201935
    2.379994435   -2.792526803   64.558286316  -26.674612720    8.012819683
    2.570393989   -2.792526803   57.391629806  -47.307831887   12.657168541
    2.760793544   -2.792526803   47.144727757  -58.591966287   17.230456572
    2.951193099   -2.792526803   35.791080985  -58.904064008   21.343188947

   -3.141592654   -2.443460953   33.986907173  -44.637040859   23.030667083
   -2.951193099   -2.443460953   26.828478876  -29.964417802   24.878673528
   -2.760793544   -2.443460953   22.746805689  -13.041970639   25.788622328
   -2.570393989   -2.443460953   21.732809597    1.646676297   25.946444578
   -2.379994435   -2.443460953   23.050478728   11.182471857   25.687331396
   -2.189594880   -2.443460953   25.640598675   15.180306881   25.431341002
   -1.999195325   -2.443460953   28.605634517   15.595765288   25.527380169
   -1.808795770   -2.443460953   31.547349232   15.430844497   26.050441086
   -1.618396215   -2.443460953   34.602230697   17.050278363   26.680824851
   -1.427996661   -2.443460953   38.200318326   21.069932905   26.781485244
   -1.237597106   -2.443460953   42.710825810   26.310402112   25.651770147
   -1.047197551   -2.443460953   48.170528258   30.666006256   22.840850695
   -0.856797996   -2.443460953   54.211051304   32.042986726   18.332294392
   -0.666398442   -2.443460953   60.111072996   28.982622869   12.555751847
   -0.475998887   -2.443460953   64.941942251   20.758754518    6.201500867
   -0.285599332   -2.443460953   67.709382241    7.395729750    0.000817864
   -0.095199777   -2.443460953   67.510683749  -10.096940474   -5.469239405
    0.095199777   -2.443460953   63.773349060  -29.200247360   -9.871188247
    0.285599332   -2.443460953   56.579209053  -45.525365707  -13.077550060
    0.475998887   -2.443460953   46.979296379  -53.587540508  -15.092333147
    0.666398442   -2.443460953   37.016419864  -48.796001849  -15.965782915
    0.856797996   -2.443460953   29.301247318  -30.197665115  -15.771180293
    1.047197551   -2.443460953   26.146853228   -1.987908270  -14.614226755
    1.237597106   -2.443460953   28.642935255   27.587444211  -12.654613337
    1.427996661   -2.443460953   36.170489157   49.540696501  -10.088041928
    1.618396215   -2.443460953   46.627717335   57.730609289   -7.092801785
    1.808795770   -2.443460953   57.191975409   50.851519955   -3.762120722
    1.999195325   -2.443460953   65.231014454   32.003964849   -0.110026888
    2.189594880   -2.443460953   68.976112231    6.772641892    3.874427705
    2.379994435   -2.443460953   67.796760761  -18.741666510    8.131646123
    2.570393989   -2.443460953   62.161234394  -39.268070965   12.480688876
    2.760793544   -2.443460953   53.404006859  -51.114727148   16.624152223
    2.951193099   -2.443460953   43.367901162  -52.655083857   20.231225037

   -3.141592654   -2.094395102   40.688044690  -40.612448528   14.157892548
   -2.951193099   -2.094395102   34.171555243  -27.270836536   15.362870526
   -2.760793544   -2.094395102   30.474638028  -11.680785875   16.021582416
   -2.570393989   -2.094395102   29.604834393    1.849237684   16.197674006
   -2.379994435   -2.094395102   30.880364653   10.614824235   15.992099057
   -2.189594880   -2.094395102   33.328376489   14.332758017   15.535805278
   -1.999195325   -2.094395102   36.132987742   14.780553160   14.931886945
   -1.808795770   -2.094395102   38.914498131   14.490709129   14.159804944
   -1.618396215   -2.094395102   41.727316347   15.302273474   13.029105557
   -1.427996661   -2.094395102   44.839840809   17.569160502   11.244584722
   -1.237597106   -2.094395102   48.454437710   20.339515707    8.555836278
   -1.047197551   -2.094395102   52.528905740   22.147547775    4.919109627
   -0.856797996   -2.094395102   56.755665461   21.699899606    0.556590539
   -0.666398442   -2.094395102   60.611269081   18.098213001   -4.080270038
   -0.475998887   -2.094395102   63.431849460   10.764053367   -8.467315650
   -0.285599332   -2.094395102   64.472240555   -0.591793238  -12.153922117
   -0.095199777   -2.094395102   62.991102576  -15.536819085  -14.876623061
    0.095199777   -2.094395102   58.460797649  -32.134419330  -16.595172124
    0.285599332   -2.094395102   50.913289669  -46.392950477  -17.431388538
    0.475998887   -2.094395102   41.299067357  -52.950938685  -17.586618800
    0.666398442   -2.094395102   31.560628308  -47.130256371  -17.234153620
    0.856797996   -2.094395102   24.235299995  -27.790940235  -16.468542474
    1.047197551   -2.094395102   21.598778681    1.044563614  -15.287159238
    1.237597106   -2.094395102   24.728328435   31.215933943  -13.636511833
    1.427996661   -2.094395102   33.003816173   53.764491260  -11.481228626
    1.618396215   -2.094395102   44.323152294   62.560239272   -8.851071182
    1.808795770   -2.094395102   55.865690337   56.288220840   -5.837608119
    1.999195325   -2.094395102   64.997199354   38.025237920   -2.575494821
    2.189594880   -2.094395102   69.938142904   13.273993718    0.794689937
    2.379994435   -2.094395102   70.026152352  -11.988745527    4.125605534
    2.570393989   -2.094395102   65.673377059  -32.625549611    7.266760714
    2.760793544   -2.094395102   58.138120926  -45.000924022   10.062337129
    2.951193099   -2.094395102   49.185933468  -47.449464216   12.384835923

   -3.141592654   -1.745329252   43.011501064  -38.819207622    5.620999889
   -2.951193099   -1.745329252   36.790348778  -25.970010940    6.101887401
   -2.760793544   -1.745329252   33.293555912  -10.891550221    6.364499148
   -2.570393989   -1.745329252   32.518314787    2.034006250    6.398573851
   -2.379994435   -1.745329252   33.762989596   10.083480056    6.139758733
   -2.189594880   -1.745329252   36.031833139   12.958089815    5.494534757
   -1.999195325   -1.745329252   38.479569168   12.368074323    4.358139822
   -1.808795770   -1.745329252   40.680995803   10.759543773    2.622886647
   -1.618396215   -1.745329252   42.636184635    9.995165810    0.216979631
   -1.427996661   -1.745329252   44.582883810   10.660392958   -2.826752706
   -1.237597106   -1.745329252   46.757087354   12.233572465   -6.325716430
   -1.047197551   -1.745329252   49.238190299   13.690249794   -9.954527811
   -0.856797996   -1.745329252   51.908461111   14.002434032  -13.330202284
   -0.666398442   -1.745329252   54.454055718   12.182805748  -16.096964731
   -0.475998887   -1.745329252   56.372509617    7.272230413  -18.024560359
   -0.285599332   -1.745329252   56.989072843   -1.574458285  -19.042058673
   -0.095199777   -1.745329252   55.528503901  -14.447441740  -19.239375988
    0.095199777   -1.745329252   51.343753691  -29.735540340  -18.843862553
    0.285599332   -1.745329252   44.309578893  -43.533795752  -18.137176041
    0.475998887   -1.745329252   35.226419513  -50.310593919  -17.380509218
    0.666398442   -1.745329252   25.940115384  -45.038195957  -16.712939746
    0.856797996   -1.745329252   18.965673759  -26.146534069  -16.109880919
    1.047197551   -1.745329252   16.633093487    2.681981364  -15.386841726
    1.237597106   -1.745329252   20.117280288   33.378423314  -14.289975906
    1.427996661   -1.745329252   28.887402871   56.820416494  -12.634145875
    1.618396215   -1.745329252   40.880518390   66.547201269  -10.398023402
    1.808795770   -1.745329252   53.251498131   60.925823734   -7.731871282
    1.999195325   -1.745329252   63.295219730   42.886588584   -4.898580368
    2.189594880   -1.745329252   69.150941022   17.950528540   -2.164872021
    2.379994435   -1.745329252   70.089158015   -7.777553081    0.259476821
    2.570393989   -1.745329252   66.481700410  -29.032097554    2.254949149
    2.760793544   -1.745329252   59.568801932  -42.060914543    3.781991544
    2.951193099   -1.745329252   51.117601167  -45.120304389    4.876972909

   -3.141592654   -1.396263402   41.535420036  -39.380385706    3.245536833
   -2.951193099   -1.396263402   35.211965436  -26.466095652    3.071085140
   -2.760793544   -1.396263402   31.636091333  -11.231139347    2.709636635
   -2.570393989   -1.396263402   30.805139488    1.753400748    2.155080315
   -2.379994435   -1.396263402   31.981156234    9.573288725    1.293642854
   -2.189594880   -1.396263402   34.094750278   11.746987610   -0.070206175
   -1.999195325   -1.396263402   36.200037441    9.892157487   -2.146894096
   -1.808795770   -1.396263402   37.773402751    6.593428785   -5.064489884
   -1.618396215   -1.396263402   38.771111052    4.153949468   -8.758153680
   -1.427996661   -1.396263402   39.490819299    3.767888079  -12.901332576
   -1.237597106   -1.396263402   40.339809481    5.423719027  -16.947702150
   -1.047197551   -1.396263402   41.634238668    8.232196220  -20.277183165
   -0.856797996   -1.396263402   43.476350983   10.885285237  -22.401518893
   -0.666398442   -1.396263402   45.687990260   11.801221941  -23.099847918
   -0.475998887   -1.396263402   47.780428478    9.395722719  -22.469934281
   -0.285599332   -1.396263402   48.984747491    2.329370651  -20.856971601
   -0.095199777   -1.396263402   48.359797079   -9.758558637  -18.727808348
    0.095199777   -1.396263402   45.061450226  -25.276803354  -16.552782715
    0.285599332   -1.396263402   38.785270573  -40.145930889  -14.680453205
    0.475998887   -1.396263402   30.204406137  -48.449363245  -13.291364884
    0.666398442   -1.396263402   21.127342659  -44.644991298  -12.368493415
    0.856797996   -1.396263402   14.131977003  -26.631461023  -11.738907075
    1.047197551   -1.396263402   11.696706433    2.241277746  -11.133375199
    1.237597106   -1.396263402   15.174070571   33.853017316  -10.281940857
    1.427996661   -1.396263402   24.164723660   58.676013539   -9.018287953
    1.618396215   -1.396263402   36.639183324   69.672651221   -7.323378981
    1.808795770   -1.396263402   49.682335242   64.727123312   -5.319137433
    1.999195325   -1.396263402   60.454434181   46.607028486   -3.211545835
    2.189594880   -1.396263402   66.959398532   20.958576551   -1.210244989
    2.379994435   -1.396263402   68.374876408   -5.803960758    0.511437920
    2.570393989   -1.396263402   65.041966216  -28.106505356    1.839530389
    2.760793544   -1.396263402   58.221915308  -41.961007841    2.717980957
    2.951193099   -1.396263402   49.737113756  -45.515850325    3.162568443

   -3.141592654   -1.047197551   39.418513594  -41.760196402    3.801448951
   -2.951193099   -1.047197551   32.645495096  -28.755591196    2.658892408
   -2.760793544   -1.047197551   28.666779493  -13.154203781    1.241273581
   -2.570393989   -1.047197551   27.504734585    0.158353646   -0.353811654
   -2.379994435   -1.047197551   28.379062056    7.899570165   -2.164409846
   -2.189594880   -1.047197551   30.114371208    9.326308399   -4.365866817
   -1.999195325   -1.047197551   31.634854598    6.087860692   -7.180814579
   -1.808795770   -1.047197551   32.330067574    1.191255486  -10.712423450
   -1.618396215   -1.047197551   32.180981635   -2.341488775  -14.775146877
   -1.427996661   -1.047197551   31.650695705   -2.624010237  -18.838675321
   -1.237597106   -1.047197551   31.412820652    0.651889831  -22.156743607
   -1.047197551   -1.047197551   32.057080650    6.329986517  -24.033870023
   -0.856797996   -1.047197551   33.859157852   12.377776468  -24.100482873
   -0.666398442   -1.047197551   36.654774412   16.306152226  -22.442840417
   -0.475998887   -1.047197551   39.809092213   15.814559065  -19.551323370
   -0.285599332   -1.047197551   42.304988442    9.233546761  -16.125849492
   -0.095199777   -1.047197551   42.932416482   -3.717243833  -12.832921965
    0.095199777   -1.047197551   40.624829328  -21.022407729  -10.125940598
    0.285599332   -1.047197551   34.955876327  -38.030589075   -8.134927124
    0.475998887   -1.047197551   26.589025231  -48.225853860   -6.726224432
    0.666398442   -1.047197551   17.428795697  -45.600554662   -5.627321957
    0.856797996   -1.047197551   10.216102341  -27.808449964   -4.599106735
    1.047197551   -1.047197551    7.611206912    1.753435517   -3.527603604
    1.237597106   -1.047197551   11.112129936   34.623780873   -2.417680338
    1.427996661   -1.047197551   20.381516186   60.790211693   -1.332457275
    1.618396215   -1.047197551   33.359678616   72.745978830   -0.302310089
    1.808795770   -1.047197551   47.027846380   68.091794984    0.692715263
    1.999195325   -1.047197551   58.413686282   49.582688829    1.693674092
    2.189594880   -1.047197551   65.406154702   23.035510772    2.705895379
    2.379994435   -1.047197551   67.109117214   -4.884097242    3.652950071
    2.570393989   -1.047197551   63.836723231  -28.381756119    4.381197868
    2.760793544   -1.047197551   56.861052569  -43.277956549    4.710268660
    2.951193099   -1.047197551   48.049498091  -47.571174200    4.520772785

   -3.141592654   -0.698131701   39.230028188  -45.114670214    3.589989818
   -2.951193099   -0.698131701   31.781030644  -32.423329200    1.292674887
   -2.760793544   -0.698131701   27.105279998  -16.760498989   -1.314834044
   -2.570393989   -0.698131701   25.271629424   -3.309765630   -3.990842949
   -2.379994435   -0.698131701   25.478495154    4.279097492   -6.651514586
   -2.189594880   -0.698131701   26.469308929    5.038352403   -9.414865228
   -1.999195325   -0.698131701   27.075903843    0.746373684  -12.493055939
   -1.808795770   -0.698131701   26.659781035   -5.053964987  -15.957099190
   -1.618396215   -0.698131701   25.300319854   -8.602033008  -19.524446196
   -1.427996661   -0.698131701   23.687738937   -7.469320886  -22.535800216
   -1.237597106   -0.698131701   22.777595893   -1.356972189  -24.183500716
   -1.047197551   -0.698131701   23.378278247    7.933838833  -23.881229786
   -0.856797996   -0.698131701   25.819916707   17.361033085  -21.559532127
   -0.666398442   -0.698131701   29.799199873   23.497807960  -17.722270854
   -0.475998887   -0.698131701   34.401814094   23.541403120  -13.241254991
   -0.285599332   -0.698131701   38.289814849   15.899701060   -9.022909283
   -0.095199777   -0.698131701   39.998565409    0.857458164   -5.680059814
    0.095199777   -0.698131701   38.342040769  -18.719750050   -3.370272581
    0.285599332   -0.698131701   32.937347438  -37.409312953   -1.802117293
    0.475998887   -0.698131701   24.609927211  -48.246551626   -0.468354164
    0.666398442   -0.698131701   15.467023088  -45.267351527    1.064397911
    0.856797996   -0.698131701    8.402064092  -26.568323281    2.915755278
    1.047197551   -0.698131701    6.124086592    3.885529924    4.857500123
    1.237597106   -0.698131701   10.085156782   37.219042774    6.495229445
    1.427996661   -0.698131701   19.853257298   63.351639979    7.508952925
    1.618396215   -0.698131701   33.289507165   74.959249506    7.845356693
    1.808795770   -0.698131701   47.338260204   69.877171885    7.703557500
    1.999195325   -0.698131701   59.026311245   50.977496034    7.398035619
    2.189594880   -0.698131701   66.246089901   24.014905878    7.167021740
    2.379994435   -0.698131701   68.083073508   -4.494922042    7.053547380
    2.570393989   -0.698131701   64.807040862  -28.855139966    6.891132405
    2.760793544   -0.698131701   57.641020816  -44.819182660    6.398612578
    2.951193099   -0.698131701   48.433661430  -50.165497413    5.330037868

   -3.141592654   -0.349065850   39.957060393  -49.796626741    3.065819310
   -2.951193099   -0.349065850   31.537210796  -37.839284274    0.030333229
   -2.760793544   -0.349065850   25.803220929  -22.366887994   -3.207444824
   -2.570393989   -0.349065850   22.914333427   -8.756459368   -6.354619484
   -2.379994435   -0.349065850   22.100615319   -1.027393310   -9.282146741
   -2.189594880   -0.349065850   22.072072289   -0.414084916  -12.071734537
   -1.999195325   -0.349065850   21.610212846   -5.013529202  -14.886788457
   -1.808795770   -0.349065850   20.093636524  -10.723120424  -17.715925877
   -1.618396215   -0.349065850   17.745019508  -13.090498314  -20.184382579
   -1.427996661   -0.349065850   15.503671009   -9.346617236  -21.607566635
   -1.237597106   -0.349065850   14.576355475    0.457767032  -21.301069325
   -1.047197551   -0.349065850   15.891653646   13.547950232  -18.974330692
   -0.856797996   -0.349065850   19.688798258   25.720310204  -14.951083923
   -0.666398442   -0.349065850   25.377174205   32.746066488  -10.085382971
   -0.475998887   -0.349065850   31.666291747   31.701888005   -5.405915806
   -0.285599332   -0.349065850   36.887461452   21.587430648   -1.714309742
   -0.095199777   -0.349065850   39.407521939    3.715998461    0.719816553
    0.095199777   -0.349065850   38.077475923  -17.952587029    2.206055187
    0.285599332   -0.349065850   32.730494632  -37.309209621    3.452943597
    0.475998887   -0.349065850   24.477659102  -47.359378930    5.179702825
    0.666398442   -0.349065850   15.651050564  -42.789717201    7.735037459
    0.856797996   -0.349065850    9.205236698  -22.677485272   10.891040918
    1.047197551   -0.349065850    7.730878060    8.218380433   13.949371992
    1.237597106   -0.349065850   12.464062938   40.800177257   16.121009251
    1.427996661   -0.349065850   22.775743160   65.406799117   16.914170107
    1.618396215   -0.349065850   36.447825267   75.428294381   16.355958392
    1.808795770   -0.349065850   50.473113718   69.280831666   14.893667896
    1.999195325   -0.349065850   62.000964945   49.997084996   13.126726019
    2.189594880   -0.349065850   69.033802594   23.072064065   11.503736277
    2.379994435   -0.349065850   70.695273256   -5.437535711   10.166411262
    2.570393989   -0.349065850   67.208836560  -30.208923105    8.949858221
    2.760793544   -0.349065850   59.703910948  -47.099883255    7.528930348
    2.951193099   -0.349065850   49.946746790  -53.686995952    5.607370034

   -3.141592654    0.000000000   41.088993690  -55.028224461    2.238926844
   -2.951193099    0.000000000   31.609103115  -43.631510191   -0.656075707
   -2.760793544    0.000000000   24.762913085  -28.153064973   -3.574999723
   -2.570393989    0.000000000   20.808645624  -14.112087981   -6.316757273
   -2.379994435    0.000000000   19.024917711   -5.871674628   -8.810401939
   -2.189594880    0.000000000   18.109746101   -4.911569005  -11.127035120
   -1.999195325    0.000000000   16.818342658   -9.196710292  -13.341954400
   -1.808795770    0.000000000   14.567962537  -14.110975957  -15.319955608
   -1.618396215    0.000000000   11.727781338  -14.662110515  -16.617475007
   -1.427996661    0.000000000    9.450476570   -7.991524456  -16.629917925
   -1.237597106    0.000000000    9.106778747    5.235447365  -14.927891860
   -1.047197551    0.000000000   11.619496085   21.153075239  -11.577353381
   -0.856797996    0.000000000   17.011354250   34.532795858   -7.207039360
   -0.666398442    0.000000000   24.332149035   40.753771628   -2.778925288
   -0.475998887    0.000000000   31.935918984   37.301974973    0.839087851
   -0.285599332    0.000000000   37.940978989   24.228464331    3.224287640
   -0.095199777    0.000000000   40.727936097    4.076732703    4.568260909
    0.095199777    0.000000000   39.373634314  -18.255975756    5.557301041
    0.285599332    0.000000000   34.054230288  -36.436095142    7.048207754
    0.475998887    0.000000000   26.186431557  -44.074930501    9.642602025
    0.666398442    0.000000000   18.227715527  -37.081403558   13.359481278
    0.856797996    0.000000000   13.010420967  -15.795724913   17.568797425
    1.047197551    0.000000000   12.807897435   14.356757786   21.245613423
    1.237597106    0.000000000   18.500798575   44.524714069   23.447418533
    1.427996661    0.000000000   29.227668703   66.036025294   23.715690946
    1.618396215    0.000000000   42.753172234   73.419140618   22.229615403
    1.808795770    0.000000000   56.235095098   65.809762355   19.622298517
    1.999195325    0.000000000   67.061581502   46.277262069   16.646286486
    2.189594880    0.000000000   73.424196526   19.821809056   13.851086863
    2.379994435    0.000000000   74.519363467   -8.181327446   11.446184623
    2.570393989    0.000000000   70.524168793  -32.910721768    9.324414698
    2.760793544    0.000000000   62.458860486  -50.378344194    7.223243171
    2.951193099    0.000000000   51.987409642  -57.950043919    4.895619608

   -3.141592654    0.349065850   42.946675124  -59.256765774    2.005606583
   -2.951193099    0.349065850   32.622692430  -48.193333403    0.159144700
   -2.760793544    0.349065850   24.901655328  -32.711199422   -1.555376054
   -2.570393989    0.349065850   20.101598112  -18.404179670   -3.133978722
   -2.379994435    0.349065850   17.531389354   -9.836746778   -4.638519424
   -2.189594880    0.349065850   15.889544979   -8.571023472   -6.159713161
   -1.999195325    0.349065850   13.941673645  -12.364314669   -7.695675553
   -1.808795770    0.349065850   11.178455055  -16.191613196   -9.023868160
   -1.618396215    0.349065850    8.112692384  -14.803788301   -9.712392384
   -1.427996661    0.349065850    6.047518001   -5.561154007   -9.317886573
   -1.237597106    0.349065850    6.410091176   10.126714409   -7.663583127
   -1.047197551    0.349065850   10.013888292   27.488742310   -5.010951064
   -0.856797996    0.349065850   16.625166183   40.722621758   -1.980484143
   -0.666398442    0.349065850   24.990670749   45.343994345    0.731945796
   -0.475998887    0.349065850   33.254257804   39.610327182    2.707979548
   -0.285599332    0.349065850   39.506789823   24.673376800    3.990667161
   -0.095199777    0.349065850   42.303744791    4.014216501    5.074310187
    0.095199777    0.349065850   41.028341524  -17.080974911    6.679121537
    0.285599332    0.349065850   36.166238133  -32.648814117    9.412374441
    0.475998887    0.349065850   29.305339340  -37.346317090   13.449883581
    0.666398442    0.349065850   22.839720177  -28.404725388   18.360605776
    0.856797996    0.349065850   19.307550861   -7.166930626   23.194698290
    1.047197551    0.349065850   20.567811111   20.760046342   26.823297099
    1.237597106    0.349065850   27.143844792   47.254432064   28.401959406
    1.427996661    0.349065850   38.014207817   64.900543056   27.693364002
    1.618396215    0.349065850   51.024383018   69.374475122   25.103892911
    1.808795770    0.349065850   63.578963422   60.379984538   21.425129413
    1.999195325    0.349065850   73.353471405   40.846630073   17.481794533
    2.189594880    0.349065850   78.750400608   15.186577190   13.847730865
    2.379994435    0.349065850   79.051830033  -11.919345995   10.764044407
    2.570393989    0.349065850   74.402682889  -36.129288643    8.194063419
    2.760793544    0.349065850   65.729887031  -53.627265766    5.976086249
    2.951193099    0.349065850   54.601794606  -61.640213585    3.943698008

   -3.141592654    0.698131701   44.607388863  -61.378250919    0.541223827
   -2.951193099    0.698131701   33.885053269  -50.241267139    0.203641560
   -2.760793544    0.698131701   25.772751425  -34.772530365    0.074899057
   -2.570393989    0.698131701   20.571353860  -20.566324497   -0.039048072
   -2.379994435    0.698131701   17.572209390  -12.177226930   -0.313869876
   -2.189594880    0.698131701   15.469865688  -11.032931449   -0.854002132
   -1.999195325    0.698131701   13.064824618  -14.620031751   -1.626318283
   -1.808795770    0.698131701    9.937156336  -17.649105565   -2.425302922
   -1.618396215    0.698131701    6.718284957  -14.871771535   -2.942683887
   -1.427996661    0.698131701    4.794227075   -4.022548137   -2.931709045
   -1.237597106    0.698131701    5.575678440   12.865085296   -2.356895683
   -1.047197551    0.698131701    9.745838738   30.524952893   -1.423115621
   -0.856797996    0.698131701   16.884794786   43.087755573   -0.431774622
   -0.666398442    0.698131701   25.592826714   46.558378629    0.424580797
   -0.475998887    0.698131701   33.994828830   39.961184836    1.234444942
   -0.285599332    0.698131701   40.307686139   25.161104440    2.359309412
   -0.095199777    0.698131701   43.315199262    5.961152960    4.294538496
    0.095199777    0.698131701   42.640865590  -12.577057648    7.444740200
    0.285599332    0.698131701   38.916479193  -25.222998769   11.884316651
    0.475998887    0.698131701   33.702402568  -27.684130238   17.226683011
    0.666398442    0.698131701   29.162893999  -18.186057773   22.636541476
    0.856797996    0.698131701   27.457085907    1.423053693   27.050377307
    1.047197551    0.698131701   30.039798531   25.805763165   29.526780606
    1.237597106    0.698131701   37.155604242   47.836864675   29.589232790
    1.427996661    0.698131701   47.729859828   61.375293153   27.382485820
    1.618396215    0.698131701   59.779924584   63.092075735   23.557370745
    1.808795770    0.698131701   71.012524843   53.052451953   18.971103128
    1.999195325    0.698131701   79.410132914   33.895167518   14.389171877
    2.189594880    0.698131701   83.587419011    9.402753177   10.306998913
    2.379994435    0.698131701   82.915289635  -16.381967335    6.952492421
    2.570393989    0.698131701   77.524788223  -39.509345602    4.363421621
    2.760793544    0.698131701   68.280978415  -56.304958420    2.494265080
    2.951193099    0.698131701   56.682536611  -63.938587270    1.257418790

   -3.141592654    1.047197551   43.312463037  -61.676148864   -4.128754291
   -2.951193099    1.047197551   32.617724690  -49.697442410   -3.211405274
   -2.760793544    1.047197551   24.653915172  -33.821323745   -2.037683242
   -2.570393989    1.047197551   19.639863694  -19.603949825   -0.935670409
   -2.379994435    1.047197551   16.799412520  -11.500337145   -0.125791117
   -2.189594880    1.047197551   14.786477133  -10.770685073    0.300310930
   -1.999195325    1.047197551   12.395683076  -14.704472275    0.363696905
   -1.808795770    1.047197551    9.235039334  -17.870503320    0.161565314
   -1.618396215    1.047197551    5.977032660  -15.041568225   -0.189438567
   -1.427996661    1.047197551    4.029258658   -4.122575665   -0.608005941
   -1.237597106    1.047197551    4.786523727   12.659071553   -1.051924787
   -1.047197551    1.047197551    8.892448735   30.031738258   -1.469627298
   -0.856797996    1.047197551   15.912765103   42.375609402   -1.711791400
   -0.666398442    1.047197551   24.502537479   46.156463463   -1.502638568
   -0.475998887    1.047197551   32.928445931   40.784394340   -0.473826125
   -0.285599332    1.047197551   39.597101664   28.224084025    1.710872396
   -0.095199777    1.047197551   43.459945556   11.952584676    5.212924536
    0.095199777    1.047197551   44.208805982   -3.698429427    9.912148823
    0.285599332    1.047197551   42.381672112  -14.404074302   15.335247378
    0.475998887    1.047197551   39.278154808  -16.678018671   20.707751540
    0.666398442    1.047197551   36.684697412   -9.102860544   25.097640842
    0.856797996    1.047197551   36.376083528    6.776710889   27.673541615
    1.047197551    1.047197551   39.542177658   26.527457637   27.965151702
    1.237597106    1.047197551   46.367484087   44.204351124   26.006984392
    1.427996661    1.047197551   55.926222724   54.595971743   22.303127566
    1.618396215    1.047197551   66.510493240   54.728991237   17.598497849
    1.808795770    1.047197551   76.112459905   44.470204398   12.612294859
    1.999195325    1.047197551   82.928930489   25.961321595    7.872041951
    2.189594880    1.047197551   85.693541754    2.538459172    3.689466285
    2.379994435    1.047197551   83.830681732  -22.007397935    0.250927438
    2.570393989    1.047197551   77.495027387  -43.791447127   -2.307576814
    2.760793544    1.047197551   67.569085874  -59.177250559   -3.877373506
    2.951193099    1.047197551   55.555552175  -65.427586666   -4.442413999

   -3.141592654    1.396263402   38.800191444  -60.141508451  -10.799281814
   -2.951193099    1.396263402   28.552694353  -46.641627937   -9.491132704
   -2.760793544    1.396263402   21.252512869  -30.043207471   -7.760354227
   -2.570393989    1.396263402   16.965732441  -15.852186020   -5.923144934
   -2.379994435    1.396263402   14.790622441   -8.331361459   -4.157086960
   -2.189594880    1.396263402   13.297625733   -8.514561799   -2.530640540
   -1.999195325    1.396263402   11.236028731  -13.520960229   -1.088076442
   -1.808795770    1.396263402    8.193851327  -17.814904095    0.083101901
   -1.618396215    1.396263402    4.839922753  -16.100021116    0.849771550
   -1.427996661    1.396263402    2.595452185   -6.151688420    1.101682283
   -1.237597106    1.396263402    2.903634034   10.042060299    0.866963824
   -1.047197551    1.396263402    6.511072008   27.548485091    0.384535765
   -0.856797996    1.396263402   13.149416915   41.022810829    0.101587946
   -0.666398442    1.396263402   21.675173201   47.001263629    0.542740846
   -0.475998887    1.396263402   30.538107671   44.620142085    2.145950363
   -0.285599332    1.396263402   38.244312174   35.251732184    5.109947340
   -0.095199777    1.396263402   43.710071483   21.605612738    9.306630253
    0.095199777    1.396263402   46.445673015    7.242265719   14.286230595
    0.285599332    1.396263402   46.679194932   -4.029383864   19.312060889
    0.475998887    1.396263402   45.341339125   -8.812004457   23.506435596
    0.666398442    1.396263402   43.883716335   -5.216855204   26.043812695
    0.856797996    1.396263402   43.884432784    6.151935319   26.401365385
    1.047197551    1.396263402   46.538033699   21.942817308   24.527201294
    1.237597106    1.396263402   52.218264861   37.023933223   20.835846160
    1.427996661    1.396263402   60.287714512   46.366762283   16.041304766
    1.618396215    1.396263402   69.301046064   46.584022188   10.870366859
    1.808795770    1.396263402   77.403702275   36.886430463    5.842165266
    1.999195325    1.396263402   82.831741488   18.934903946    1.219523702
    2.189594880    1.396263402   84.304761966   -3.996091250   -2.893667594
    2.379994435    1.396263402   81.257539320  -27.845906884   -6.392394138
    2.570393989    1.396263402   73.916310135  -48.400300643   -9.093812444
    2.760793544    1.396263402   63.279058411  -61.939232072  -10.777329172
    2.951193099    1.396263402   50.945726004  -65.981025505  -11.320787466

   -3.141592654    1.745329252   32.182561157  -58.578600245  -17.062595424
   -2.951193099    1.745329252   22.404975830  -43.371204623  -15.882513348
   -2.760793544    1.745329252   15.833308119  -25.785723810  -14.047580204
   -2.570393989    1.745329252   12.398295755  -11.259687395  -11.809593926
   -2.379994435    1.745329252   11.089427259   -3.891089648   -9.302867598
   -2.189594880    1.745329252   10.397781259   -4.595836420   -6.586703658
   -1.999195325    1.745329252    9.005566757  -10.472846507   -3.749999897
   -1.808795770    1.745329252    6.433381038  -15.984158991   -0.994318032
   -1.618396215    1.745329252    3.293876839  -15.701717171    1.385209986
   -1.427996661    1.745329252    0.997946688   -7.037157051    3.117744920
   -1.237597106    1.745329252    1.065991765    8.539108561    4.123900514
   -1.047197551    1.745329252    4.416808220   26.556674363    4.608164727
   -0.856797996    1.745329252   11.015038070   41.779932697    5.026437690
   -0.666398442    1.745329252   19.928832324   50.419677488    5.901980379
   -0.475998887    1.745329252   29.720413394   50.924827983    7.611820907
   -0.285599332    1.745329252   38.863262588   43.870685655   10.230389965
   -0.095199777    1.745329252   46.096048056   31.300644342   13.466451595
    0.095199777    1.745329252   50.650088852   16.354959366   16.732408381
    0.285599332    1.745329252   52.426685032    2.800968764   19.261898854
    0.475998887    1.745329252   52.061297495   -5.603272778   20.338293898
    0.666398442    1.745329252   50.816332281   -6.207163768   19.522704297
    0.856797996    1.745329252   50.250369304    1.342894019   16.844902740
    1.047197551    1.745329252   51.714346439   14.497912085   12.806315646
    1.237597106    1.745329252   55.848560903   28.474154553    8.175095385
    1.427996661    1.745329252   62.290098536   37.973928545    3.685759281
    1.618396215    1.745329252   69.774372656   38.950016836   -0.240305820
    1.808795770    1.745329252   76.496286417   29.968940052   -3.576372998
    1.999195325    1.745329252   80.648431362   12.394614496   -6.552380564
    2.189594880    1.745329252   80.894393308  -10.337524700   -9.410928268
    2.379994435    1.745329252   76.674366256  -33.734856716  -12.191622910
    2.570393989    1.745329252   68.303880514  -53.185601109  -14.672810283
    2.760793544    1.745329252   56.919357674  -64.883313305  -16.483600353
    2.951193099    1.745329252   44.238051649  -66.639284562  -17.312615788

   -3.141592654    2.094395102   24.999179043  -57.813056019  -19.239951014
   -2.951193099    2.094395102   15.515689438  -41.118082596  -18.187424279
   -2.760793544    2.094395102    9.481764842  -22.467982196  -16.304666755
   -2.570393989    2.094395102    6.754558963   -7.184861817  -13.776113367
   -2.379994435    2.094395102    6.281435907    0.793729200  -10.732740529
   -2.189594880    2.094395102    6.531643548    0.582207056   -7.263815864
   -1.999195325    2.094395102    6.153000797   -5.075629596   -3.488303936
   -1.808795770    2.094395102    4.592337603  -10.855689165    0.370336682
   -1.618396215    2.094395102    2.360029311  -11.389492730    3.985344252
   -1.427996661    2.094395102    0.780855982   -3.847301627    7.022166141
   -1.237597106    2.094395102    1.360614304   10.780478564    9.291732626
   -1.047197551    2.094395102    5.097987894   28.503514277   10.850060237
   -0.856797996    2.094395102   12.105693083   44.262963055   11.979105117
   -0.666398442    2.094395102   21.595549490   54.044093832   13.025321547
   -0.475998887    2.094395102   32.195702359   55.745379155   14.207981192
   -0.285599332    2.094395102   42.328467097   49.286523959   15.490681904
   -0.095199777    2.094395102   50.563117475   36.190816571   16.552448243
    0.095199777    2.094395102   55.890156605   19.356129608   16.892962395
    0.285599332    2.094395102   57.961896330    2.743556543   15.985246742
    0.475998887    2.094395102   57.245180501   -9.260945741   13.514726302
    0.666398442    2.094395102   54.984173993  -13.070220411    9.560636603
    0.856797996    2.094395102   52.900760110   -7.451648691    4.665800066
    1.047197551    2.094395102   52.641253983    5.477773500   -0.324576399
    1.237597106    2.094395102   55.160372705   20.726229535   -4.591042656
    1.427996661    2.094395102   60.312930541   32.223950792   -7.657641815
    1.618396215    2.094395102   66.882444576   34.990376469   -9.557885787
    1.808795770    2.094395102   72.956000964   26.957239662  -10.739103232
    1.999195325    2.094395102   76.547305217    9.385237420  -11.790103855
    2.189594880    2.094395102   76.172652256  -13.877865745  -13.145242100
    2.379994435    2.094395102   71.231035162  -37.691316564  -14.901357089
    2.570393989    2.094395102   62.115858021  -56.903540316  -16.809019732
    2.760793544    2.094395102   50.111766350  -67.536311619  -18.422855796
    2.951193099    2.094395102   37.075565030  -67.641183759  -19.315376510

   -3.141592654    2.443460953   18.416464378  -57.808946659  -12.912023303
   -2.951193099    2.443460953    9.070770826  -39.682354142  -11.494828835
   -2.760793544    2.443460953    3.449228746  -19.592387222   -9.492770126
   -2.570393989    2.443460953    1.404982197   -2.901264448   -7.053148929
   -2.379994435    2.443460953    1.877265083    6.419246530   -4.261934138
   -2.189594880    2.443460953    3.314007574    7.369927464   -1.115657045
   -1.999195325    2.443460953    4.309873981    2.481407965    2.422591759
   -1.808795770    2.443460953    4.213368839   -3.157572763    6.304522949
   -1.618396215    2.443460953    3.402732326   -4.277407667   10.309029086
   -1.427996661    2.443460953    3.074634609    2.104764186   14.057505643
   -1.237597106    2.443460953    4.658851030   15.371826363   17.143364889
   -1.047197551    2.443460953    9.155144070   31.940203632   19.292688527
   -0.856797996    2.443460953   16.739225235   46.942997284   20.448233590
   -0.666398442    2.443460953   26.692351927   56.244413092   20.718060832
   -0.475998887    2.443460953   37.662484646   57.374836254   20.238264104
   -0.285599332    2.443460953   48.014214201   49.830647434   19.046580548
   -0.095199777    2.443460953   56.187648235   34.864423244   17.023126348
    0.095199777    2.443460953   61.020238906   15.376321487   13.957927424
    0.285599332    2.443460953   62.046856457   -4.265535681    9.690392230
    0.475998887    2.443460953   59.730078875  -18.927848273    4.319597317
    0.666398442    2.443460953   55.467987795  -24.141456771   -1.672811675
    0.856797996    2.443460953   51.286364285  -18.078014764   -7.457012718
    1.047197551    2.443460953   49.192995265   -2.892106738  -12.118114715
    1.237597106    2.443460953   50.427043221   15.692993569  -15.017599651
    1.427996661    2.443460953   54.943485256   30.477829264  -16.042721224
    1.618396215    2.443460953   61.415224333   35.485646188  -15.630119405
    1.808795770    2.443460953   67.677362101   28.202722712  -14.527054241
    1.999195325    2.443460953   71.468538808   10.075798545  -13.468086998
    2.189594880    2.443460953   71.112056081  -14.421609497  -12.913602247
    2.379994435    2.443460953   65.947057874  -39.422033906  -12.951631566
    2.570393989    2.443460953   56.432278998  -59.238392272  -13.347313842
    2.760793544    2.443460953   43.988645806  -69.684079964  -13.702922039
    2.951193099    2.443460953   30.617273996  -68.916756539  -13.636316244

   -3.141592654    2.792526803   15.627830469  -56.317921806    0.521275116
   -2.951193099    2.792526803    6.628638450  -37.556752311    2.467539976
   -2.760793544    2.792526803    1.470804025  -16.868531442    4.408508492
   -2.570393989    2.792526803    0.000000000    0.394996072    6.302369854
   -2.379994435    2.792526803    1.160054564   10.364484190    8.226589822
   -2.189594880    2.792526803    3.423624264   12.136450315   10.396321040
   -1.999195325    2.792526803    5.417887643    8.206215541   13.073548644
   -1.808795770    2.792526803    6.498237085    3.432010526   16.380594278
   -1.618396215    2.792526803    6.992790680    2.738193268   20.134466369
   -1.427996661    2.792526803    7.985419848    8.827386691   23.829269393
   -1.237597106    2.792526803   10.759468341   21.026946574   26.799088307
   -1.047197551    2.792526803   16.181143599   35.929084596   28.473592479
   -0.856797996    2.792526803   24.337599791   48.929970466   28.563270906
   -0.666398442    2.792526803   34.465121102   56.065274891   27.083391203
   -0.475998887    2.792526803   45.184333743   54.889406595   24.234140692
   -0.285599332    2.792526803   54.828076351   44.840906359   20.250878375
   -0.095199777    2.792526803   61.797518845   27.194160999   15.305715618
    0.095199777    2.792526803   64.916055608    5.088968197    9.527769028
    0.285599332    2.792526803   63.776938472  -16.573098109    3.102405703
    0.475998887    2.792526803   59.021515521  -31.970013175   -3.579909798
    0.666398442    2.792526803   52.348888297  -36.084437867   -9.870406523
    0.856797996    2.792526803   46.147582503  -27.058853344  -14.962130256
    1.047197551    2.792526803   42.729999471   -7.691866492  -18.163342897
    1.237597106    2.792526803   43.464922863   15.180195295  -19.188694632
    1.427996661    2.792526803   48.218399826   33.250041682  -18.277741355
    1.618396215    2.792526803   55.403396332   39.933096657  -16.081186173
    1.808795770    2.792526803   62.543400173   32.762125460  -13.355646491
    1.999195325    2.792526803   67.124632905   13.712630075  -10.693695427
    2.189594880    2.792526803   67.338636043  -12.066919062   -8.385120337
    2.379994435    2.792526803   62.511116443  -38.160849109   -6.449606878
    2.570393989    2.792526803   53.169147933  -58.589926835   -4.743126948
    2.760793544    2.792526803   40.833931967  -69.112892549   -3.085767579
    2.951193099    2.792526803   27.599616970  -68.000995412   -1.345830254
