#! FIELDS phi psi file.free der_phi der_psi
#! SET min_phi -pi
#! SET max_phi pi
#! SET nbins_phi  33
#! SET periodic_phi true
#! SET min_psi -pi
#! SET max_psi pi
#! SET nbins_psi  18
#! SET periodic_psi true
   -3.141592654   -3.141592654   18.426571231  -54.533967446   16.167341492
   -2.951193099   -3.141592654    9.707010209  -36.365953354   18.625482181
   -2.760793544   -3.141592654    4.746665926  -15.913886500   20.397904595
   -2.570393989   -3.141592654    3.468064441    1.550767239   21.517400782
   -2.379994435   -3.141592654    4.908589783   12.249067709   22.241316551
   -2.189594880   -3.141592654    7.647011718   15.329378263   23.026314208
   -1.999195325   -3.141592654   10.410036426   13.136790634   24.354417708
   -1.808795770   -3.141592654   12.595464210   10.058588981   26.466431417
   -1.618396215   -3.141592654   14.460758314   10.335444136   29.151160692
   -1.427996661   -3.141592654   16.888814410   16.058717109   31.753055254
   -1.237597106   -3.141592654   20.877367196   26.309849762   33.416524823
   -1.047197551   -3.141592654   27.007840101   37.929098246   33.437827434
   -0.856797996   -3.141592654   35.168381220   46.920905703   31.516576031
   -0.666398442   -3.141592654   44.524633085   50.030324212   27.804285495
   -0.475998887   -3.141592654   53.752675063   45.408606915   22.749441298
   -0.285599332   -3.141592654   61.337576257   32.892285671   16.887893588
   -0.095199777   -3.141592654   65.889784164   13.977073241   10.665053407
    0.095199777   -3.141592654   66.472030489   -8.109497003    4.391050358
    0.285599332   -3.141592654   62.925388903  -28.446281608   -1.692940608
    0.475998887   -3.141592654   56.132541831  -41.306994484   -7.280823094
    0.666398442   -3.141592654   47.998038539  -41.978033057  -11.930372630
    0.856797996   -3.141592654   41.032141256  -29.184732083  -15.130604854
    1.047197551   -3.141592654   37.537715396   -6.484952186  -16.503641091
    1.237597106   -3.141592654   38.735859100   18.656088736  -16.008801757
    1.427996661   -3.141592654   44.265300926   37.750657680  -13.981715589
    1.618396215   -3.141592654   52.327138123   44.560854615  -10.992452975
    1.808795770   -3.141592654   60.329082161   37.194669705   -7.582682326
    1.999195325   -3.141592654   65.740146252   18.043441969   -4.093895062
    2.189594880   -3.141592654   66.781177618   -7.691705055   -0.633269778
    2.379994435   -3.141592654   62.788066366  -33.798703198    2.824678362
    2.570393989   -3.141592654   54.254183972  -54.523051719    6.318773038
    2.760793544   -3.141592654   42.638414595  -65.677003069    9.808422372
    2.951193099   -3.141592654   29.981123539  -65.398768712   13.158024249

   -3.141592654   -2.792526803   25.860122636  -49.921950171   24.021246478
   -2.951193099   -2.792526803   17.865465415  -33.410308002   26.430832727
   -2.760793544   -2.792526803   13.307413646  -14.615820389   27.810318689
   -2.570393989   -2.792526803   12.146771040    1.596434796   28.284953678
   -2.379994435   -2.792526803   13.541598008   11.893717132   28.217883070
   -2.189594880   -2.792526803   16.261005460   15.665151783   28.152968455
   -1.999195325   -2.792526803   19.228394245   15.051674070   28.615623251
   -1.808795770   -2.792526803   21.949548365   13.721054807   29.836187441
   -1.618396215   -2.792526803   24.621373997   14.934579800   31.551950439
   -1.427996661   -2.792526803   27.890820865   20.000267312   33.045328505
   -1.237597106   -2.792526803   32.421966696   27.806662123   33.423730302
   -1.047197551   -2.792526803   38.492922207   35.669012568   32.001764927
   -0.856797996   -2.792526803   45.825765289   40.519721709   28.561457640
   -0.666398442   -2.792526803   53.605794017   40.044334612   23.399610924
   -0.475998887   -2.792526803   60.683555251   33.055810310   17.144119293
   -0.285599332   -2.792526803   65.803630625   19.600910379   10.508259162
   -0.095199777   -2.792526803   67.837980254    1.016375271    4.074382316
    0.095199777   -2.792526803   66.060278066  -19.806567121   -1.783268598
    0.285599332   -2.792526803   60.459723270  -38.229377270   -6.847018203
    0.475998887   -2.792526803   52.027670849  -48.656490201  -10.939213199
    0.666398442   -2.792526803   42.762054594  -46.430275524  -13.843224587
    0.856797996   -2.792526803   35.248060320  -30.451278575  -15.337103205
    1.047197551   -2.792526803   31.810636661   -4.658702853  -15.307957763
    1.237597106   -2.792526803   33.606650720   22.998958118  -13.863601297
    1.427996661   -2.792526803   40.131466012   43.714326998  -11.322079012
    1.618396215   -2.792526803   49.412090052   51.285940422   -8.088381965
    1.808795770   -2.792526803   58.720672901   44.144300518   -4.475695910
    1.999195325   -2.792526803   65.461338347   25.061585546   -0.627589101
    2.189594880   -2.792526803   67.849521584   -0.550681905    3.449643955
    2.379994435   -2.792526803   65.231428486  -26.510226577    7.763252292
    2.570393989   -2.792526803   58.088154032  -47.258425723   12.232454524
    2.760793544   -2.792526803   47.825461933  -58.816483398   16.639611370
    2.951193099   -2.792526803   36.398909209  -59.430295032   20.675691224

   -3.141592654   -2.443460953   34.362312491  -45.032602908   22.817722502
   -2.951193099   -2.443460953   27.127775860  -30.353470480   24.864545606
   -2.760793544   -2.443460953   22.976733260  -13.364638033   25.947801210
   -2.570393989   -2.443460953   21.910157332    1.432244914   26.190633404
   -2.379994435   -2.443460953   23.197577241   11.080460817   25.892859180
   -2.189594880   -2.443460953   25.775309631   15.141799065   25.475877749
   -1.999195325   -2.443460953   28.730334437   15.517980622   25.317417512
   -1.808795770   -2.443460953   31.641758676   15.182107137   25.537152820
   -1.618396215   -2.443460953   34.623768974   16.524972108   25.866404555
   -1.427996661   -2.443460953   38.092946079   20.250260634   25.719749804
   -1.237597106   -2.443460953   42.424113500   25.271001674   24.445073603
   -1.047197551   -2.443460953   47.676404619   29.566988800   21.627846133
   -0.856797996   -2.443460953   53.517660481   31.091554109   17.266502829
   -0.666398442   -2.443460953   59.268330546   28.405778877   11.776306914
   -0.475998887   -2.443460953   64.040981751   20.761772510    5.803382603
   -0.285599332   -2.443460953   66.874214482    8.098867357    0.009129088
   -0.095199777   -2.443460953   66.875198376   -8.714751981   -5.113491225
    0.095199777   -2.443460953   63.450532174  -27.340424181   -9.307502701
    0.285599332   -2.443460953   56.629160837  -43.529799227  -12.500895820
    0.475998887   -2.443460953   47.391349742  -51.829614232  -14.704897807
    0.666398442   -2.443460953   37.715798561  -47.564957688  -15.919588472
    0.856797996   -2.443460953   30.173323032  -29.615470791  -16.119784352
    1.047197551   -2.443460953   27.069858571   -2.010768772  -15.296765960
    1.237597106   -2.443460953   29.516273386   27.130050620  -13.522046556
    1.427996661   -2.443460953   36.934133315   48.893265637  -10.963180963
    1.618396215   -2.443460953   47.269708385   57.143183745   -7.839088405
    1.808795770   -2.443460953   57.742258145   50.497767049   -4.328372916
    1.999195325   -2.443460953   65.739763113   31.917052159   -0.532535532
    2.189594880   -2.443460953   69.485715788    6.846408175    3.509764418
    2.379994435   -2.443460953   68.322177520  -18.670304011    7.745730111
    2.570393989   -2.443460953   62.688930515  -39.323362619   12.046735173
    2.760793544   -2.443460953   53.905062687  -51.329737852   16.180537783
    2.951193099   -2.443460953   43.814620630  -52.991724307   19.860951903

   -3.141592654   -2.094395102   41.101970566  -40.637906105   14.479680799
   -2.951193099   -2.094395102   34.577464978  -27.334686307   15.839000050
   -2.760793544   -2.094395102   30.860065799  -11.831779753   16.586189441
   -2.570393989   -2.094395102   29.950252715    1.588136419   16.752019338
   -2.379994435   -2.094395102   31.165405678   10.248646048   16.433945595
   -2.189594880   -2.094395102   33.533954784   13.866613025   15.788380265
   -1.999195325   -2.094395102   36.238119229   14.195757464   14.958500559
   -1.808795770   -2.094395102   38.892620091   13.748477606   13.966335212
   -1.618396215   -2.094395102   41.547284245   14.389283856   12.659547806
   -1.427996661   -2.094395102   44.474120268   16.554279030   10.775142620
   -1.237597106   -2.094395102   47.896114400   19.364242396    8.087111301
   -1.047197551   -2.094395102   51.802538769   21.397348960    4.561187485
   -0.856797996   -2.094395102   55.921197801   21.345676329    0.407383663
   -0.666398442   -2.094395102   59.757017142   18.264128482   -3.959904763
   -0.475998887   -2.094395102   62.662767685   11.503363020   -8.072878843
   -0.285599332   -2.094395102   63.895204915    0.674739535  -11.545816976
   -0.095199777   -2.094395102   62.693114793  -13.902772773  -14.172395423
    0.095199777   -2.094395102   58.487402380  -30.406614045  -15.945582233
    0.285599332   -2.094395102   51.251642214  -44.894732490  -16.985051844
    0.475998887   -2.094395102   41.878179495  -51.945642413  -17.449895333
    0.666398442   -2.094395102   32.273155081  -46.730976477  -17.442375155
    0.856797996   -2.094395102   24.970076330  -27.927651443  -16.975976299
    1.047197551   -2.094395102   22.270916172    0.565450379  -15.983355499
    1.237597106   -2.094395102   25.294576281   30.624831128  -14.382879667
    1.427996661   -2.094395102   33.462856696   53.260321619  -12.154791276
    1.618396215   -2.094395102   44.704754517   62.269528823   -9.379465711
    1.808795770   -2.094395102   56.214961173   56.239992173   -6.209800833
    1.999195325   -2.094395102   65.355230306   38.150943149   -2.826580379
    2.189594880   -2.094395102   70.326343145   13.447468313    0.615886690
    2.379994435   -2.094395102   70.442303614  -11.874132842    3.990055461
    2.570393989   -2.094395102   66.101823451  -32.602709455    7.182900234
    2.760793544   -2.094395102   58.564284757  -45.029545516   10.070908267
    2.951193099   -2.094395102   49.605211765  -47.478594910   12.535877416

   -3.141592654   -1.745329252   43.636519533  -38.659858454    6.182735652
   -2.951193099   -1.745329252   37.434159304  -25.945919742    6.741034141
   -2.760793544   -1.745329252   33.921165212  -11.089603536    7.002241036
   -2.570393989   -1.745329252   33.083679877    1.588707602    6.954051316
   -2.379994435   -1.745329252   34.222520542    9.433268154    6.555373301
   -2.189594880   -1.745329252   36.353036590   12.169157708    5.752823094
   -1.999195325   -1.745329252   38.640565781   11.489402568    4.481622121
   -1.808795770   -1.745329252   40.666861245    9.814938249    2.663323807
   -1.618396215   -1.745329252   42.438481140    9.025612203    0.240549419
   -1.427996661   -1.745329252   44.205893608    9.775028869   -2.751181281
   -1.237597106   -1.745329252   46.231104385   11.586037271   -6.136395205
   -1.047197551   -1.745329252   48.623149937   13.431823296   -9.607454500
   -0.856797996   -1.745329252   51.287874406   14.214506771  -12.810844182
   -0.666398442   -1.745329252   53.918134695   12.856205720  -15.430849914
   -0.475998887   -1.745329252   56.001176342    8.316325451  -17.281340386
   -0.285599332   -1.745329252   56.839380066   -0.314613174  -18.329601431
   -0.095199777   -1.745329252   55.623413093  -13.166985593  -18.684000997
    0.095199777   -1.745329252   51.666683212  -28.652174286  -18.559844925
    0.285599332   -1.745329252   44.804139027  -42.834612899  -18.193872002
    0.475998887   -1.745329252   35.808886453  -50.082438923  -17.778259515
    0.666398442   -1.745329252   26.523533713  -45.229972221  -17.382158144
    0.856797996   -1.745329252   19.485250315  -26.587067596  -16.931091809
    1.047197551   -1.745329252   17.061326084    2.199421234  -16.226561733
    1.237597106   -1.745329252   20.462594971   33.015522227  -15.036575058
    1.427996661   -1.745329252   29.181963596   56.660084671  -13.221303808
    1.618396215   -1.745329252   41.164797159   66.602409903  -10.810321990
    1.808795770   -1.745329252   53.563161400   61.153006532   -7.991379945
    1.999195325   -1.745329252   63.659721021   43.202866663   -5.041406361
    2.189594880   -1.745329252   69.576172009   18.263319171   -2.217131889
    2.379994435   -1.745329252   70.567881740   -7.525163089    0.295833473
    2.570393989   -1.745329252   67.001905461  -28.836544737    2.400174989
    2.760793544   -1.745329252   60.123653850  -41.876641009    4.063235933
    2.951193099   -1.745329252   51.708014843  -44.924804867    5.307487456

   -3.141592654   -1.396263402   42.466681225  -39.240856211    3.598021197
   -2.951193099   -1.396263402   36.145627958  -26.594997890    3.448972331
   -2.760793544   -1.396263402   32.512652098  -11.700608820    3.030363402
   -2.570393989   -1.396263402   31.560235857    0.968270703    2.361464100
   -2.379994435   -1.396263402   32.564761569    8.586527032    1.371104804
   -2.189594880   -1.396263402   34.482103430   10.697377422   -0.090599411
   -1.999195325   -1.396263402   36.389458144    8.885553568   -2.202732574
   -1.808795770   -1.396263402   37.778735736    5.685065559   -5.082473310
   -1.618396215   -1.396263402   38.615970690    3.389503168   -8.674116208
   -1.427996661   -1.396263402   39.209578213    3.230129062  -12.672693345
   -1.237597106   -1.396263402   39.984850853    5.207432173  -16.560199289
   -1.047197551   -1.396263402   41.273388701    8.399614471  -19.747029772
   -0.856797996   -1.396263402   43.182081811   11.411424519  -21.775345725
   -0.666398442   -1.396263402   45.519303880   12.576126812  -22.453303498
   -0.475998887   -1.396263402   47.769549480   10.259963370  -21.902780504
   -0.285599332   -1.396263402   49.133015698    3.116519847  -20.481925937
   -0.095199777   -1.396263402   48.638944865   -9.184293579  -18.648313542
    0.095199777   -1.396263402   45.421659957  -25.005304295  -16.833995680
    0.285599332   -1.396263402   39.165829500  -40.193882503  -15.323860443
    0.475998887   -1.396263402   30.550161593  -48.740004315  -14.226650540
    0.666398442   -1.396263402   21.406045201  -45.022452482  -13.472998528
    0.856797996   -1.396263402   14.344708656  -26.915909642  -12.874627300
    1.047197551   -1.396263402   11.874254895    2.172343716  -12.187461078
    1.237597106   -1.396263402   15.361053167   34.022566923  -11.191765168
    1.427996661   -1.396263402   24.402441344   59.029835634   -9.773550461
    1.618396215   -1.396263402   36.955263185   70.137056750   -7.949456311
    1.808795770   -1.396263402   50.091581663   65.239028768   -5.850122155
    1.999195325   -1.396263402   60.961379759   47.118993587   -3.666339060
    2.189594880   -1.396263402   67.560284156   21.434112164   -1.579892512
    2.379994435   -1.396263402   69.060480511   -5.382307700    0.260223200
    2.570393989   -1.396263402   65.802608412  -27.730724295    1.745433466
    2.760793544   -1.396263402   59.050429443  -41.616062324    2.801542291
    2.951193099   -1.396263402   50.626234244  -45.227923141    3.408228287

   -3.141592654   -1.047197551   40.482529899  -41.618296138    3.522261221
   -2.951193099   -1.047197551   33.701691496  -28.989999618    2.429817814
   -2.760793544   -1.047197551   29.638552875  -13.795090022    0.992234962
   -2.570393989   -1.047197551   28.321534108   -0.795169139   -0.664098914
   -2.379994435   -1.047197551   28.998626660    6.822954466   -2.534763546
   -2.189594880   -1.047197551   30.532716807    8.320909619   -4.755520284
   -1.999195325   -1.047197551   31.878399059    5.279409365   -7.527789674
   -1.808795770   -1.047197551   32.440568027    0.612941569  -10.955468427
   -1.618396215   -1.047197551   32.201968863   -2.702664475  -14.873609296
   -1.427996661   -1.047197551   31.622627129   -2.770513251  -18.783015929
   -1.237597106   -1.047197551   31.377021052    0.722857273  -21.971917533
   -1.047197551   -1.047197551   32.053708542    6.601603098  -23.774609602
   -0.856797996   -1.047197551   33.920535146   12.775448083  -23.842458617
   -0.666398442   -1.047197551   36.793780996   16.707769453  -22.272023472
   -0.475998887   -1.047197551   40.013334762   16.087245809  -19.553645180
   -0.285599332   -1.047197551   42.539937539    9.277442341  -16.374767247
   -0.095199777   -1.047197551   43.150364030   -3.932979383  -13.371419435
    0.095199777   -1.047197551   40.779478641  -21.454245091  -10.948201319
    0.285599332   -1.047197551   35.015847620  -38.563603166   -9.176436750
    0.475998887   -1.047197551   26.549933636  -48.699093424   -7.873948993
    0.666398442   -1.047197551   17.317575712  -45.855999630   -6.753128505
    0.856797996   -1.047197551   10.084995754  -27.750195878   -5.601431048
    1.047197551   -1.047197551    7.520723639    2.115430149   -4.364176999
    1.237597106   -1.047197551   11.111161773   35.187089933   -3.112949018
    1.427996661   -1.047197551   20.496286891   61.427107002   -1.958499805
    1.618396215   -1.047197551   33.595196526   73.377402068   -0.943905163
    1.808795770   -1.047197551   47.380628608   68.700367222   -0.025182083
    1.999195325   -1.047197551   58.881003768   50.185380206    0.886494263
    2.189594880   -1.047197551   65.988252314   23.645049275    1.848923597
    2.379994435   -1.047197551   67.806885625   -4.273743472    2.821782545
    2.570393989   -1.047197551   64.648917292  -27.789386072    3.656178422
    2.760793544   -1.047197551   57.781050608  -42.740956488    4.144596022
    2.951193099   -1.047197551   49.060059866  -47.169851994    4.119808166

   -3.141592654   -0.698131701   40.222957526  -44.784556268    2.832612207
   -2.951193099   -0.698131701   32.787561142  -32.617734333    0.644992771
   -2.760793544   -0.698131701   28.023914348  -17.465175010   -1.909407716
   -2.570393989   -0.698131701   26.020043860   -4.343977173   -4.558999294
   -2.379994435   -0.698131701   26.019911488    3.193781406   -7.180663325
   -2.189594880   -0.698131701   26.819289629    4.148598861   -9.862371353
   -1.999195325   -0.698131701   27.285389461    0.177377970  -12.808800604
   -1.808795770   -0.698131701   26.790021445   -5.320049754  -16.107158634
   -1.618396215   -0.698131701   25.401168946   -8.658899914  -19.508792917
   -1.427996661   -0.698131701   23.789690339   -7.406887759  -22.394194953
   -1.237597106   -0.698131701   22.896986031   -1.239132147  -23.990924269
   -1.047197551   -0.698131701   23.520904777    8.060245418  -23.731556589
   -0.856797996   -0.698131701   25.981842613   17.431755119  -21.544927808
   -0.666398442   -0.698131701   29.962331864   23.433195384  -17.914070139
   -0.475998887   -0.698131701   34.533238387   23.274136895  -13.679211005
   -0.285599332   -0.698131701   38.348614134   15.413338342   -9.711209763
   -0.095199777   -0.698131701   39.947961684    0.217631339   -6.585273622
    0.095199777   -0.698131701   38.165173728  -19.374660548   -4.422019475
    0.285599332   -0.698131701   32.647783063  -37.902616251   -2.899344013
    0.475998887   -0.698131701   24.253985752  -48.424594378   -1.498787511
    0.666398442   -0.698131701   15.112895995  -45.062417981    0.191875577
    0.856797996   -0.698131701    8.119649865  -26.035507442    2.238251280
    1.047197551   -0.698131701    5.961342152    4.580713216    4.339693576
    1.237597106   -0.698131701   10.053129733   37.872345290    6.037834718
    1.427996661   -0.698131701   19.929133606   63.822006373    6.982006378
    1.618396215   -0.698131701   33.435279257   75.241481975    7.133389134
    1.808795770   -0.698131701   47.527427608   70.082464958    6.745111127
    1.999195325   -0.698131701   59.259238562   51.261477819    6.204929964
    2.189594880   -0.698131701   66.549808937   24.493280024    5.819316322
    2.379994435   -0.698131701   68.498828899   -3.793643941    5.671699879
    2.570393989   -0.698131701   65.373072905  -27.991128436    5.595861341
    2.760793544   -0.698131701   58.376146471  -43.930743968    5.274332488
    2.951193099   -0.698131701   49.324453313  -49.450761746    4.403485335

   -3.141592654   -0.349065850   40.700161674  -49.139772820    2.136449198
   -2.951193099   -0.349065850   32.345184703  -37.820571644   -0.705100702
   -2.760793544   -0.349065850   26.555040529  -22.940702938   -3.815663566
   -2.570393989   -0.349065850   23.518583360   -9.670667510   -6.871615127
   -2.379994435   -0.349065850   22.525327990   -1.935035928   -9.703614427
   -2.189594880   -0.349065850   22.347399780   -1.039903276  -12.366240634
   -1.999195325   -0.349065850   21.802051174   -5.257214208  -15.022012485
   -1.808795770   -0.349065850   20.268836492  -10.672944182  -17.684952004
   -1.618396215   -0.349065850   17.943025408  -12.931334318  -20.021645263
   -1.427996661   -0.349065850   15.727582853   -9.251732508  -21.389300644
   -1.237597106   -0.349065850   14.802635021    0.381751681  -21.131964943
   -1.047197551   -0.349065850   16.083480588   13.269396143  -18.960726769
   -0.856797996   -0.349065850   19.808015646   25.246911053  -15.172066440
   -0.666398442   -0.349065850   25.389082742   32.104958477  -10.570862818
   -0.475998887   -0.349065850   31.542721155   30.938391375   -6.131209328
   -0.285599332   -0.349065850   36.612093795   20.778610751   -2.609058481
   -0.095199777   -0.349065850   38.982972021    2.987201029   -0.244220652
    0.095199777   -0.349065850   37.533730565  -18.444760286    1.284928161
    0.285599332   -0.349065850   32.126933572  -37.418841401    2.681936734
    0.475998887   -0.349065850   23.895547380  -47.016583940    4.639817925
    0.666398442   -0.349065850   15.173062931  -42.054250457    7.456198093
    0.856797996   -0.349065850    8.889298260  -21.749019464   10.831164767
    1.047197551   -0.349065850    7.587168806    9.054935918   13.990155660
    1.237597106   -0.349065850   12.448751755   41.285584629   16.090408759
    1.427996661   -0.349065850   22.808563481   65.429237141   16.631522996
    1.618396215   -0.349065850   36.446528960   75.088290619   15.685663889
    1.808795770   -0.349065850   50.392034945   68.840279287   13.786237823
    1.999195325   -0.349065850   61.850784625   49.764277590   11.633048699
    2.189594880   -0.349065850   68.877662079   23.274110519    9.760002166
    2.379994435   -0.349065850   70.625391073   -4.732046543    8.354241643
    2.570393989   -0.349065850   67.314390429  -29.098243458    7.245288604
    2.760793544   -0.349065850   60.040932138  -45.823487331    6.057545401
    2.951193099   -0.349065850   50.516897378  -52.566561882    4.418559877

   -3.141592654    0.000000000   41.518921436  -53.902659896    1.332434227
   -2.951193099    0.000000000   32.183443983  -43.246825703   -1.303070085
   -2.760793544    0.000000000   25.341799093  -28.447351688   -4.044428644
   -2.570393989    0.000000000   21.289171110  -14.778947938   -6.659530103
   -2.379994435    0.000000000   19.374228314   -6.513492586   -9.034848862
   -2.189594880    0.000000000   18.363537629   -5.239928473  -11.213119591
   -1.999195325    0.000000000   17.045969963   -9.146787940  -13.269039191
   -1.808795770    0.000000000   14.829124133  -13.842426430  -15.095347080
   -1.618396215    0.000000000   12.039719394  -14.440794217  -16.291895503
   -1.427996661    0.000000000    9.780325688   -8.050325520  -16.294367900
   -1.237597106    0.000000000    9.388274231    4.783978650  -14.693937114
   -1.047197551    0.000000000   11.778277657   20.338101877  -11.543587703
   -0.856797996    0.000000000   16.989090163   33.480371526   -7.427196529
   -0.666398442    0.000000000   24.099528592   39.632373313   -3.243602493
   -0.475998887    0.000000000   31.495703478   36.276874099    0.197327007
   -0.285599332    0.000000000   37.325567760   23.440264693    2.508511518
   -0.095199777    0.000000000   39.994198517    3.644902607    3.889317987
    0.095199777    0.000000000   38.598637289  -18.241115442    5.011679969
    0.285599332    0.000000000   33.327545472  -35.937281679    6.705318139
    0.475998887    0.000000000   25.596260895  -43.154125025    9.534333853
    0.666398442    0.000000000   17.837975984  -35.933345221   13.467746371
    0.856797996    0.000000000   12.836190413  -14.733352879   17.813361405
    1.047197551    0.000000000   12.799357889   14.986646508   21.484021391
    1.237597106    0.000000000   18.549232902   44.475176477   23.497738001
    1.427996661    0.000000000   29.197759210   65.285671161   23.400193854
    1.618396215    0.000000000   42.530751002   72.214529938   21.426829584
    1.808795770    0.000000000   55.772714723   64.576401385   18.305647760
    1.999195325    0.000000000   66.397548186   45.464495860   14.896059221
    2.189594880    0.000000000   72.671509779   19.744174534   11.836619001
    2.379994435    0.000000000   73.830483895   -7.435586062    9.382405401
    2.570393989    0.000000000   70.045538144  -31.488029983    7.416927069
    2.760793544    0.000000000   62.289089625  -48.621009333    5.618748159
    2.951193099    0.000000000   52.148526179  -56.303837777    3.652888006

   -3.141592654    0.349065850   43.062424341  -57.498861224    1.324554532
   -2.951193099    0.349065850   32.988751026  -47.330015115   -0.299519707
   -2.760793544    0.349065850   25.349717366  -32.661254444   -1.871427009
   -2.570393989    0.349065850   20.508828015  -18.800089518   -3.353386563
   -2.379994435    0.349065850   17.856798902  -10.225090514   -4.766677219
   -2.189594880    0.349065850   16.167837225   -8.646354167   -6.177758134
   -1.999195325    0.349065850   14.239994337  -12.092781903   -7.586630398
   -1.808795770    0.349065850   11.544987954  -15.793920684   -8.797171816
   -1.618396215    0.349065850    8.540773086  -14.608124076   -9.413361932
   -1.427996661    0.349065850    6.471112019   -5.831894863   -9.019539817
   -1.237597106    0.349065850    6.728995028    9.304856907   -7.444742142
   -1.047197551    0.349065850   10.131196550   26.234771751   -4.927193844
   -0.856797996    0.349065850   16.481283847   39.290027141   -2.043412009
   -0.666398442    0.349065850   24.579348982   44.019396079    0.558145019
   -0.475998887    0.349065850   32.619160469   38.622748719    2.489577703
   -0.285599332    0.349065850   38.726243181   24.152279530    3.798915572
   -0.095199777    0.349065850   41.472086660    4.006024965    4.964711659
    0.095199777    0.349065850   40.242983974  -16.586636760    6.684439825
    0.285599332    0.349065850   35.517882293  -31.712722538    9.545886357
    0.475998887    0.349065850   28.865923024  -36.114174559   13.706083649
    0.666398442    0.349065850   22.642148597  -27.143874193   18.707016295
    0.856797996    0.349065850   19.322942213   -6.252801943   23.557578184
    1.047197551    0.349065850   20.692430701   20.942443674   27.082932194
    1.237597106    0.349065850   27.212139165   46.468935778   28.410011068
    1.427996661    0.349065850   37.842266005   63.204299314   27.311401497
    1.618396215    0.349065850   50.470688617   67.154522871   24.250221891
    1.808795770    0.349065850   62.599286940   58.236664784   20.107370549
    1.999195325    0.349065850   72.022330667   39.394814012   15.802837318
    2.189594880    0.349065850   77.244163316   14.852471863   11.983031045
    2.379994435    0.349065850   77.599894575  -11.020548369    8.917218517
    2.570393989    0.349065850   73.224464849  -34.211333483    6.545889739
    2.760793544    0.349065850   64.976528818  -51.174281689    4.643036821
    2.951193099    0.349065850   54.317536780  -59.264181473    2.957823047

   -3.141592654    0.698131701   44.513326108  -59.136681182    0.066890420
   -2.951193099    0.698131701   34.119649692  -49.038576025   -0.182570290
   -2.760793544    0.698131701   26.141620385  -34.504622357   -0.272802702
   -2.570393989    0.698131701   20.933471481  -20.813017189   -0.364128709
   -2.379994435    0.698131701   17.878230879  -12.440970963   -0.602942405
   -2.189594880    0.698131701   15.751623413  -10.994516191   -1.082683112
   -1.999195325    0.698131701   13.386094395  -14.263931290   -1.776873540
   -1.808795770    0.698131701   10.337634034  -17.226631536   -2.498281227
   -1.618396215    0.698131701    7.177848519  -14.727939134   -2.955863868
   -1.427996661    0.698131701    5.233189827   -4.405693242   -2.909668207
   -1.237597106    0.698131701    5.886902996   11.924812628   -2.317160843
   -1.047197551    0.698131701    9.838242280   29.220938687   -1.364803178
   -0.856797996    0.698131701   16.718031958   41.734034867   -0.335243711
   -0.666398442    0.698131701   25.187435588   45.454384536    0.586549146
   -0.475998887    0.698131701   33.417909345   39.290109309    1.478132062
   -0.285599332    0.698131701   39.648096285   24.967794861    2.677304605
   -0.095199777    0.698131701   42.661265320    6.210500660    4.656208231
    0.095199777    0.698131701   42.071663612  -11.939423109    7.810515321
    0.285599332    0.698131701   38.500357073  -24.258602588   12.223597761
    0.475998887    0.698131701   33.491033772  -26.521113604   17.524597169
    0.666398442    0.698131701   29.171309777  -17.089706124   22.885136622
    0.856797996    0.698131701   27.636075638    2.049916030   27.228562093
    1.047197551    0.698131701   30.258383499   25.538320080   29.585257124
    1.237597106    0.698131701   37.215237876   46.424143101   29.453574819
    1.427996661    0.698131701   47.415807640   58.916788046   26.976894769
    1.618396215    0.698131701   58.933893321   60.077255439   22.839742515
    1.808795770    0.698131701   69.597003026   50.220212829   17.959802614
    1.999195325    0.698131701   77.532725683   31.992459145   13.168644969
    2.189594880    0.698131701   81.478792483    8.939003386    9.008325187
    2.379994435    0.698131701   80.868175625  -15.282962580    5.715893554
    2.570393989    0.698131701   75.815918027  -37.131086304    3.298227955
    2.760793544    0.698131701   67.099637864  -53.257551959    1.652157890
    2.951193099    0.698131701   56.085098189  -60.972141759    0.627028585

   -3.141592654    1.047197551   43.204811232  -59.308746542   -4.485301866
   -2.951193099    1.047197551   32.855178366  -48.443875046   -3.705611911
   -2.760793544    1.047197551   25.030626059  -33.545340182   -2.642569378
   -2.570393989    1.047197551   20.009943796  -19.852275855   -1.590940136
   -2.379994435    1.047197551   17.113865559  -11.757597800   -0.764522880
   -2.189594880    1.047197551   15.079077719  -10.715009559   -0.272870592
   -1.999195325    1.047197551   12.731637492  -14.327343149   -0.119252740
   -1.808795770    1.047197551    9.654394741  -17.424071597   -0.222667833
   -1.618396215    1.047197551    6.461348798  -14.855982681   -0.466696400
   -1.427996661    1.047197551    4.505053935   -4.414887661   -0.758266138
   -1.237597106    1.047197551    5.159337355   11.893205881   -1.043073859
   -1.047197551    1.047197551    9.088970079   28.999820252   -1.268749215
   -0.856797996    1.047197551   15.909495171   41.365300922   -1.304381723
   -0.666398442    1.047197551   24.327486655   45.395987664   -0.910177259
   -0.475998887    1.047197551   32.639630495   40.360765615    0.238386267
   -0.285599332    1.047197551   39.256767138   28.100518602    2.443721611
   -0.095199777    1.047197551   43.118821264   12.065443381    5.858558254
    0.095199777    1.047197551   43.909424503   -3.363672823   10.385481258
    0.285599332    1.047197551   42.168736216  -13.819963595   15.598461088
    0.475998887    1.047197551   39.197934268  -15.877222405   20.775314316
    0.666398442    1.047197551   36.762016777   -8.293412098   25.021581100
    0.856797996    1.047197551   36.576854708    7.190543541   27.514660780
    1.047197551    1.047197551   39.745470513   26.073848726   27.765781304
    1.237597106    1.047197551   46.374613609   42.579638220   25.778551412
    1.427996661    1.047197551   55.515034142   51.882352019   22.034467957
    1.618396215    1.047197551   65.516918511   51.449719094   17.278839078
    1.808795770    1.047197551   74.503497871   41.433509724   12.251954499
    1.999195325    1.047197551   80.830250469   23.980584937    7.507169139
    2.189594880    1.047197551   83.363360548    2.151110023    3.366328498
    2.379994435    1.047197551   81.589814959  -20.700542052   -0.001456976
    2.570393989    1.047197551   75.639787193  -41.135478662   -2.498802121
    2.760793544    1.047197551   66.295011766  -55.856158238   -4.057218308
    2.951193099    1.047197551   54.912277050  -62.249270592   -4.681248093

   -3.141592654    1.396263402   38.877077149  -58.382876200  -11.182336254
   -2.951193099    1.396263402   28.858686481  -45.975194570  -10.097017487
   -2.760793544    1.396263402   21.597819403  -30.214652555   -8.502011782
   -2.570393989    1.396263402   17.237137551  -16.356110657   -6.702087152
   -2.379994435    1.396263402   14.975234081   -8.668110206   -4.897199738
   -2.189594880    1.396263402   13.458445092   -8.408266135   -3.195909071
   -1.999195325    1.396263402   11.459046020  -12.999870816   -1.672751728
   -1.808795770    1.396263402    8.535992501  -17.134235554   -0.421419268
   -1.618396215    1.396263402    5.301929843  -15.566546342    0.442401803
   -1.427996661    1.396263402    3.127682660   -5.962790741    0.833796293
   -1.237597106    1.396263402    3.435975661    9.871326436    0.793642159
   -1.047197551    1.396263402    6.985624717   27.149592227    0.547476555
   -0.856797996    1.396263402   13.538830136   40.560873292    0.501288611
   -0.666398442    1.396263402   21.978568233   46.571903368    1.123536256
   -0.475998887    1.396263402   30.762056423   44.215189419    2.801676965
   -0.285599332    1.396263402   38.388446612   34.816739750    5.710924095
   -0.095199777    1.396263402   43.767809600   21.149582689    9.737093717
    0.095199777    1.396263402   46.423249719    6.893060639   14.478140262
    0.285599332    1.396263402   46.615371962   -4.078075606   19.263176624
    0.475998887    1.396263402   45.306005883   -8.455873739   23.275435335
    0.666398442    1.396263402   43.945134067   -4.597802619   25.728081347
    0.856797996    1.396263402   44.056563403    6.613101438   26.103910035
    1.047197551    1.396263402   46.738413643   21.696160333   24.326880772
    1.237597106    1.396263402   52.269519062   35.672607299   20.771206522
    1.427996661    1.396263402   59.973585986   43.931009922   16.113387727
    1.618396215    1.396263402   68.456519519   43.576194722   11.059879487
    1.808795770    1.396263402   75.996481831   34.137098384    6.126534339
    1.999195325    1.396263402   80.992078904   17.267942309    1.577800430
    2.189594880    1.396263402   82.293145562   -4.082388799   -2.490971560
    2.379994435    1.396263402   79.384526893  -26.339880222   -5.998187223
    2.570393989    1.396263402   72.449034513  -45.746962848   -8.787674496
    2.760793544    1.396263402   62.368316916  -58.877511822  -10.648859615
    2.951193099    1.396263402   50.593502627  -63.290584481  -11.438840097

   -3.141592654    1.745329252   32.285577318  -57.444825863  -17.027574116
   -2.951193099    1.745329252   22.629943564  -43.188452408  -16.174499933
   -2.760793544    1.745329252   16.025258831  -26.227692078  -14.550214079
   -2.570393989    1.745329252   12.485044103  -11.827375402  -12.401463007
   -2.379994435    1.745329252   11.092150723   -4.148586165   -9.894568462
   -2.189594880    1.745329252   10.399774308   -4.336385234   -7.135199832
   -1.999195325    1.745329252    9.102709434   -9.760067821   -4.242513750
   -1.808795770    1.745329252    6.690251457  -15.063232490   -1.419843430
   -1.618396215    1.745329252    3.723515148  -14.846245599    1.058082643
   -1.427996661    1.745329252    1.568475188   -6.427916446    2.941677093
   -1.237597106    1.745329252    1.723887398    8.855168242    4.151873122
   -1.047197551    1.745329252    5.109416808   26.624691208    4.861717119
   -0.856797996    1.745329252   11.700356803   41.648417561    5.471155534
   -0.666398442    1.745329252   20.569599049   50.080405996    6.444754096
   -0.475998887    1.745329252   30.271622872   50.321419969    8.124222998
   -0.285599332    1.745329252   39.271295474   42.980578129   10.589443501
   -0.095199777    1.745329252   46.314605992   30.239511646   13.594623830
    0.095199777    1.745329252   50.670709077   15.399986031   16.620978001
    0.285599332    1.745329252   52.302467759    2.292533560   18.970982075
    0.475998887    1.745329252   51.900561816   -5.459091644   19.976025307
    0.666398442    1.745329252   50.738668037   -5.521798530   19.216015642
    0.856797996    1.745329252   50.319653221    2.105778155   16.709230502
    1.047197551    1.745329252   51.884483093   14.694365331   12.923378196
    1.237597106    1.745329252   55.958915526   27.602643089    8.582278343
    1.427996661    1.745329252   62.123439167   35.978744254    4.379139948
    1.618396215    1.745329252   69.154585955   36.312554304    0.706735286
    1.808795770    1.745329252   75.377413625   27.518472283   -2.424706760
    1.999195325    1.745329252   79.146821266   10.947942564   -5.258230550
    2.189594880    1.745329252   79.252471574  -10.320930145   -8.056869841
    2.379994435    1.745329252   75.174614009  -32.304788930  -10.887896615
    2.570393989    1.745329252   67.174404738  -50.832985512  -13.550137704
    2.760793544    1.745329252   56.268273140  -62.333881073  -15.666723657
    2.951193099    1.745329252   44.034246495  -64.585147127  -16.882689464

   -3.141592654    2.094395102   25.208502894  -57.434447360  -18.760130039
   -2.951193099    2.094395102   15.722004627  -41.479089539  -18.047478763
   -2.760793544    2.094395102    9.575852543  -23.198114433  -16.384014945
   -2.570393989    2.094395102    6.710336277   -7.821782056  -13.958499927
   -2.379994435    2.094395102    6.154318866    0.602851743  -10.937312544
   -2.189594880    2.094395102    6.423134185    0.968499640   -7.452640295
   -1.999195325    2.094395102    6.166319591   -4.209816981   -3.649211167
   -1.808795770    2.094395102    4.797315312   -9.746388101    0.247240376
   -1.618396215    2.094395102    2.778926161  -10.285684762    3.921704082
   -1.427996661    2.094395102    1.394183274   -2.926278948    7.046874680
   -1.237597106    2.094395102    2.123482778   11.426649833    9.422209930
   -1.047197551    2.094395102    5.953325778   28.831112243   11.070166046
   -0.856797996    2.094395102   12.988536544   44.221581355   12.229863232
   -0.666398442    2.094395102   22.429637629   53.564671939   13.217146117
   -0.475998887    2.094395102   32.891967570   54.783867351   14.253177229
   -0.285599332    2.094395102   42.799290824   47.910663714   15.341399551
   -0.095199777    2.094395102   50.750680763   34.654567411   16.224398156
    0.095199777    2.094395102   55.801441524   18.073335010   16.463410045
    0.285599332    2.094395102   57.687764168    2.145897095   15.567591442
    0.475998887    2.094395102   56.942918408   -8.940458118   13.223394380
    0.666398442    2.094395102   54.821701620  -11.975141369    9.485279830
    0.856797996    2.094395102   52.980193448   -6.114455535    4.860641582
    1.047197551    2.094395102   52.940000458    6.330717854    0.164188997
    1.237597106    2.094395102   55.525993485   20.517888380   -3.804230222
    1.427996661    2.094395102   60.523654060   30.841414806   -6.578518929
    1.618396215    2.094395102   66.748552994   32.875114181   -8.199190750
    1.808795770    2.094395102   72.411063416   24.903473438   -9.127654764
    1.999195325    2.094395102   75.679685351    8.163380298   -9.980868041
    2.189594880    2.094395102   75.186545754  -13.867478076  -11.235608146
    2.379994435    2.094395102   70.359861675  -36.546841186  -13.031696716
    2.570393989    2.094395102   61.533371812  -55.117294983  -15.140677341
    2.760793544    2.094395102   49.878307930  -65.761350928  -17.098170439
    2.951193099    2.094395102   37.132716328  -66.431423049  -18.415234732

   -3.141592654    2.443460953   18.812770026  -58.093100055  -12.260979356
   -2.951193099    2.443460953    9.357449963  -40.492370932  -11.147500496
   -2.760793544    2.443460953    3.560037315  -20.546952640   -9.337551205
   -2.570393989    2.443460953    1.351767298   -3.595792815   -6.991825149
   -2.379994435    2.443460953    1.739296325    6.253638608   -4.231088589
   -2.189594880    2.443460953    3.201988524    7.801613749   -1.087684295
   -1.999195325    2.443460953    4.328112703    3.391736185    2.453514189
   -1.808795770    2.443460953    4.432177372   -1.994093722    6.337512678
   -1.618396215    2.443460953    3.847642676   -3.098552395   10.342604212
   -1.427996661    2.443460953    3.729358600    3.107504333   14.084204232
   -1.237597106    2.443460953    5.475477416   16.055661904   17.140811418
   -1.047197551    2.443460953   10.061860490   32.194460544   19.217756135
   -0.856797996    2.443460953   17.645025632   46.671949556   20.245132016
   -0.666398442    2.443460953   27.491443579   55.393778730   20.340967090
   -0.475998887    2.443460953   38.246003946   55.987481586   19.682227349
   -0.285599332    2.443460953   48.296510945   48.108267022   18.368944477
   -0.095199777    2.443460953   56.138683037   33.187775991   16.338970693
    0.095199777    2.443460953   60.693741960   14.224525550   13.407010104
    0.285599332    2.443460953   61.584850523   -4.480782189    9.389389260
    0.475998887    2.443460953   59.330324465  -18.057436954    4.324843118
    0.666398442    2.443460953   55.320548614  -22.430164588   -1.370676838
    0.856797996    2.443460953   51.498327795  -16.131173248   -6.907289928
    1.047197551    2.443460953   49.737117072   -1.464713363  -11.368453913
    1.237597106    2.443460953   51.144199781   16.027561212  -14.082732245
    1.427996661    2.443460953   55.606813388   29.614805805  -14.898913356
    1.618396215    2.443460953   61.829812857   33.853122898  -14.237013347
    1.808795770    2.443460953   67.765842037   26.547621108  -12.864869426
    1.999195325    2.443460953   71.296320887    9.091024828  -11.571264054
    2.189594880    2.443460953   70.844503672  -14.418665169  -10.886131712
    2.379994435    2.443460953   65.765406823  -38.579101121  -10.953037876
    2.570393989    2.443460953   56.454717486  -58.029643804  -11.552557408
    2.760793544    2.443460953   44.231080616  -68.664875196  -12.252289487
    2.951193099    2.443460953   31.001146948  -68.490535167  -12.595662217

   -3.141592654    2.792526803   16.237009637  -57.117639682    0.689955179
   -2.951193099    2.792526803    7.045034721  -38.720187002    2.451582742
   -2.760793544    2.792526803    1.659807743  -18.016256035    4.323986342
   -2.570393989    2.792526803    0.000000000   -0.377769432    6.231344062
   -2.379994435    2.792526803    1.066569768   10.176990599    8.201848098
   -2.189594880    2.792526803    3.353415525   12.556885114   10.407683732
   -1.999195325    2.792526803    5.474540868    9.091146976   13.084789259
   -1.808795770    2.792526803    6.747988850    4.542354200   16.346676981
   -1.618396215    2.792526803    7.454609388    3.819804624   20.010673189
   -1.427996661    2.792526803    8.632479127    9.665091667   23.572582101
   -1.237597106    2.792526803   11.528409221   21.451755332   26.369777407
   -1.047197551    2.792526803   16.981133886   35.824349925   27.840257419
   -0.856797996    2.792526803   25.061370385   48.237393545   27.717076627
   -0.666398442    2.792526803   35.003063451   54.824641468   26.056858539
   -0.475998887    2.792526803   45.445917959   53.276744945   23.116167639
   -0.285599332    2.792526803   54.771322621   43.180142693   19.182696924
   -0.095199777    2.792526803   61.453361345   25.916235941   14.448900829
    0.095199777    2.792526803   64.398465711    4.612065132    9.012031695
    0.285599332    2.792526803   63.266681292  -15.994853503    2.975251208
    0.475998887    2.792526803   58.720832134  -30.374455031   -3.371952808
    0.666398442    2.792526803   52.420730689  -33.849422346   -9.453376670
    0.856797996    2.792526803   46.656600049  -24.812723202  -14.471438645
    1.047197551    2.792526803   43.612658456   -6.108282751  -17.676772039
    1.237597106    2.792526803   44.546958186   15.656670386  -18.692578606
    1.427996661    2.792526803   49.280810994   32.615373130  -17.682574165
    1.618396215    2.792526803   56.271104184   38.634558781  -15.277516386
    1.808795770    2.792526803   63.153708129   31.476254676  -12.280315998
    1.999195325    2.792526803   67.538212701   13.006626303   -9.373640036
    2.189594880    2.792526803   67.691513379  -11.997082961   -6.941020276
    2.379994435    2.792526803   62.936946089  -37.524214286   -5.058412009
    2.570393989    2.792526803   53.735000436  -57.836214134   -3.577676553
    2.760793544    2.792526803   41.516961334  -68.696681336   -2.258888848
    2.951193099    2.792526803   28.305699988  -68.191727417   -0.879641558
