#! FIELDS phi psi file.free der_phi der_psi
#! SET min_phi -pi
#! SET max_phi pi
#! SET nbins_phi  33
#! SET periodic_phi true
#! SET min_psi -pi
#! SET max_psi pi
#! SET nbins_psi  18
#! SET periodic_psi true
   -3.141592654   -3.141592654   17.846080636  -53.453493135   16.691864077
   -2.951193099   -3.141592654    9.346297131  -35.197583362   19.121856372
   -2.760793544   -3.141592654    4.592161345  -14.977021815   20.789415057
   -2.570393989   -3.141592654    3.451627049    2.023023030   21.793091197
   -2.379994435   -3.141592654    4.931700050   12.192379323   22.452551703
   -2.189594880   -3.141592654    7.616025390   14.843711775   23.262255308
   -1.999195325   -3.141592654   10.263610782   12.437853681   24.713221350
   -1.808795770   -3.141592654   12.317809449    9.409868603   27.030178745
   -1.618396215   -3.141592654   14.083560893    9.965459303   29.970768072
   -1.427996661   -3.141592654   16.481114487   16.120536507   32.843143433
   -1.237597106   -3.141592654   20.529876065   26.878679093   34.753749044
   -1.047197551   -3.141592654   26.817723327   38.994233442   34.960960575
   -0.856797996   -3.141592654   35.222089038   48.385427748   33.126724368
   -0.666398442   -3.141592654   44.879950240   51.687868695   29.367200431
   -0.475998887   -3.141592654   54.418471054   46.943862611   24.105906498
   -0.285599332   -3.141592654   62.254814323   33.927693745   17.881201018
   -0.095199777   -3.141592654   66.928656025   14.163840483   11.185108967
    0.095199777   -3.141592654   67.449270173   -8.964708273    4.421475159
    0.285599332   -3.141592654   63.642965305  -30.292147338   -2.048211497
    0.475998887   -3.141592654   56.427922907  -43.834703346   -7.816483350
    0.666398442   -3.141592654   47.786892136  -44.685006616  -12.406749315
    0.856797996   -3.141592654   40.333617618  -31.514074684  -15.363520981
    1.047197551   -3.141592654   36.470281450   -7.978980116  -16.436256262
    1.237597106   -3.141592654   37.482989419   18.201163368  -15.726945374
    1.427996661   -3.141592654   43.017068156   38.195536513  -13.663600426
    1.618396215   -3.141592654   51.217413368   45.475940508  -10.817375909
    1.808795770   -3.141592654   59.396742218   38.056540016   -7.644675923
    1.999195325   -3.141592654   64.935851203   18.483941781   -4.362725171
    2.189594880   -3.141592654   66.014162278   -7.725909287   -0.976329091
    2.379994435   -3.141592654   61.986479906  -34.076514845    2.575314292
    2.570393989   -3.141592654   53.405029046  -54.690295173    6.290022840
    2.760793544   -3.141592654   41.792373843  -65.450182877   10.038570289
    2.951193099   -3.141592654   29.225843287  -64.685219176   13.592065793

   -3.141592654   -2.792526803   25.338317974  -49.016659857   24.872591865
   -2.951193099   -2.792526803   17.520268304  -32.503306094   27.050586776
   -2.760793544   -2.792526803   13.118930704  -13.917785501   28.175203044
   -2.570393989   -2.792526803   12.061046682    1.952111919   28.457700242
   -2.379994435   -2.792526803   13.489999934   11.901760246   28.323944504
   -2.189594880   -2.792526803   16.186514124   15.440518871   28.339858734
   -1.999195325   -2.792526803   19.105360658   14.787994466   29.016124218
   -1.808795770   -2.792526803   21.791252785   13.634722000   30.541413847
   -1.618396215   -2.792526803   24.477672446   15.189241188   32.595233083
   -1.427996661   -2.792526803   27.834767898   20.663563994   34.397575985
   -1.237597106   -2.792526803   32.530478077   28.852396980   34.995051776
   -1.047197551   -2.792526803   38.829326169   36.980922187   33.652368077
   -0.856797996   -2.792526803   46.423616243   41.910060663   30.121223976
   -0.666398442   -2.792526803   54.456246614   41.257179220   24.693741120
   -0.475998887   -2.792526803   61.725319947   33.793977772   18.022582103
   -0.285599332   -2.792526803   66.919339917   19.595009354   10.878794346
   -0.095199777   -2.792526803   68.868945452    0.115230835    3.933210799
    0.095199777   -2.792526803   66.837716545  -21.546906303   -2.333374870
    0.285599332   -2.792526803   60.846710655  -40.533807482   -7.604221942
    0.475998887   -2.792526803   51.955669944  -51.107961350  -11.647649242
    0.666398442   -2.792526803   42.245261104  -48.590566504  -14.266665963
    0.856797996   -2.792526803   34.375860591  -31.987600234  -15.335996150
    1.047197551   -2.792526803   30.720424755   -5.408665330  -14.884671534
    1.237597106   -2.792526803   32.447695840   22.996913562  -13.150712696
    1.427996661   -2.792526803   39.026859008   44.229763619  -10.515454273
    1.618396215   -2.792526803   48.428297601   51.972051456   -7.355805761
    1.808795770   -2.792526803   57.857192083   44.672213720   -3.886196302
    1.999195325   -2.792526803   64.668547487   25.261767755   -0.135862064
    2.189594880   -2.792526803   67.066596728   -0.624880799    3.961376195
    2.379994435   -2.792526803   64.424807466  -26.648464418    8.410994697
    2.570393989   -2.792526803   57.269277123  -47.219296191   13.063359342
    2.760793544   -2.792526803   47.044591365  -58.451428721   17.606112082
    2.951193099   -2.792526803   35.721191391  -58.733538203   21.655766268

   -3.141592654   -2.443460953   34.003620674  -44.638128445   23.177651746
   -2.951193099   -2.443460953   26.844189412  -29.975571892   24.942043481
   -2.760793544   -2.443460953   22.759463389  -13.062370438   25.791935417
   -2.570393989   -2.443460953   21.742297947    1.638820943   25.917747637
   -2.379994435   -2.443460953   23.062877529   11.227623477   25.652462671
   -2.189594880   -2.443460953   25.670021363   15.317268387   25.409326306
   -1.999195325   -2.443460953   28.671528763   15.836676624   25.527644925
   -1.808795770   -2.443460953   31.667373510   15.750501256   26.071136230
   -1.618396215   -2.443460953   34.785690942   17.383056023   26.705901190
   -1.427996661   -2.443460953   38.442251527   21.337992794   26.781437453
   -1.237597106   -2.443460953   42.992625937   26.450554092   25.588630159
   -1.047197551   -2.443460953   48.464592585   30.652158580   22.677980889
   -0.856797996   -2.443460953   54.488712401   31.888357218   18.047857177
   -0.666398442   -2.443460953   60.349135721   28.728682321   12.152160680
   -0.475998887   -2.443460953   65.126218777   20.455303758    5.707627122
   -0.285599332   -2.443460953   67.834856821    7.086840115   -0.534690253
   -0.095199777   -2.443460953   67.579970593  -10.373939502   -5.991027986
    0.095199777   -2.443460953   63.795602239  -29.413804813  -10.330896547
    0.285599332   -2.443460953   56.568945281  -45.652132424  -13.443651933
    0.475998887   -2.443460953   46.954033233  -53.620619040  -15.353903122
    0.666398442   -2.443460953   36.992510587  -48.754469494  -16.129670969
    0.856797996   -2.443460953   29.289146039  -30.123863509  -15.854509067
    1.047197551   -2.443460953   26.148166070   -1.928791517  -14.634718666
    1.237597106   -2.443460953   28.651697850   27.603886303  -12.622220538
    1.427996661   -2.443460953   36.178351181   49.516824206  -10.000937737
    1.618396215   -2.443460953   46.629341395   57.694154954   -6.940139182
    1.808795770   -2.443460953   57.188140941   50.833319447   -3.532156560
    1.999195325   -2.443460953   65.226890268   32.017386383    0.198865975
    2.189594880   -2.443460953   68.976904115    6.807587714    4.246149406
    2.379994435   -2.443460953   67.804569616  -18.708315059    8.532239467
    2.570393989   -2.443460953   62.174285424  -39.248736663   12.865771803
    2.760793544   -2.443460953   53.419605699  -51.107930836   16.951483053
    2.951193099   -2.443460953   43.384410074  -52.652937777   20.472527005

   -3.141592654   -2.094395102   40.729417714  -40.788374952   14.217896933
   -2.951193099   -2.094395102   34.182400160  -27.413683710   15.336846600
   -2.760793544   -2.094395102   30.462597140  -11.777221550   15.935806777
   -2.570393989   -2.094395102   29.580269142    1.817776809   16.079905102
   -2.379994435   -2.094395102   30.858256450   10.676120712   15.865409173
   -2.189594880   -2.094395102   33.328822745   14.508597653   15.414968202
   -1.999195325   -2.094395102   36.177823470   15.063272031   14.821810452
   -1.808795770   -2.094395102   39.019740713   14.830241957   14.054548368
   -1.618396215   -2.094395102   41.895562502   15.606554107   12.909256034
   -1.427996661   -2.094395102   45.054619418   17.737969820   11.078459368
   -1.237597106   -2.094395102   48.682763946   20.303027526    8.305321345
   -1.047197551   -2.094395102   52.729868177   21.899765458    4.551341891
   -0.856797996   -2.094395102   56.893654882   21.298971515    0.059050693
   -0.666398442   -2.094395102   60.666181164   17.643193354   -4.689883125
   -0.475998887   -2.094395102   63.403059545   10.353919393   -9.141301167
   -0.285599332   -2.094395102   64.375371509   -0.890457830  -12.826179028
   -0.095199777   -2.094395102   62.850562155  -15.696894064  -15.481192584
    0.095199777   -2.094395102   58.302889130  -32.160809797  -17.083684691
    0.285599332   -2.094395102   50.761461546  -46.309515085  -17.783052429
    0.475998887   -2.094395102   41.171060034  -52.792180617  -17.808536377
    0.666398442   -2.094395102   31.466644479  -46.939528942  -17.352876957
    0.856797996   -2.094395102   24.177185931  -27.611888921  -16.517028202
    1.047197551   -2.094395102   21.571286066    1.183641560  -15.291167873
    1.237597106   -2.094395102   24.723403458   31.316348143  -13.605464983
    1.427996661   -2.094395102   33.016518194   53.854043443  -11.406673593
    1.618396215   -2.094395102   44.354875209   62.674665919   -8.714090233
    1.808795770   -2.094395102   55.923138019   56.440994835   -5.621642074
    1.999195325   -2.094395102   65.085987742   38.192094621   -2.279894689
    2.189594880   -2.094395102   70.055929930   13.401869949    1.147987598
    2.379994435   -2.094395102   70.160365923  -11.952604629    4.495269710
    2.570393989   -2.094395102   65.804327276  -32.696602736    7.603569445
    2.760793544   -2.094395102   58.247272698  -45.153514603   10.323861134
    2.951193099   -2.094395102   49.262230168  -47.635302336   12.546777127

   -3.141592654   -1.745329252   43.054813944  -39.151091620    5.620298072
   -2.951193099   -1.745329252   36.777035638  -26.229461707    6.040573710
   -2.760793544   -1.745329252   33.239187533  -11.062857480    6.260299181
   -2.570393989   -1.745329252   32.440560764    1.961875722    6.266309463
   -2.379994435   -1.745329252   33.682350320   10.127329208    5.989017244
   -2.189594880   -1.745329252   35.971759077   13.128700312    5.329412139
   -1.999195325   -1.745329252   38.462980567   12.645195258    4.177606587
   -1.808795770   -1.745329252   40.722271428   11.074613177    2.419896426
   -1.618396215   -1.745329252   42.732283518   10.234502718   -0.024618781
   -1.427996661   -1.745329252   44.707749587   10.705814474   -3.131766881
   -1.237597106   -1.745329252   46.866155373   12.013905426   -6.721966600
   -1.047197551   -1.745329252   49.281191415   13.225812601  -10.461072842
   -0.856797996   -1.745329252   51.847957988   13.402165412  -13.943291853
   -0.666398442   -1.745329252   54.278953383   11.605139025  -16.782395055
   -0.475998887   -1.745329252   56.101376396    6.860099562  -18.721891963
   -0.285599332   -1.745329252   56.662073900   -1.744427189  -19.680502100
   -0.095199777   -1.745329252   55.192857598  -14.375694316  -19.758880577
    0.095199777   -1.745329252   51.040569646  -29.480475895  -19.212066844
    0.285599332   -1.745329252   44.066071537  -43.178249067  -18.355543492
    0.475998887   -1.745329252   35.053905748  -49.933954063  -17.478813726
    0.666398442   -1.745329252   25.836192650  -44.703096943  -16.735290903
    0.856797996   -1.745329252   18.918648526  -25.887348233  -16.098405072
    1.047197551   -1.745329252   16.628084471    2.866668386  -15.367688685
    1.237597106   -1.745329252   20.143127830   33.526011958  -14.266674222
    1.427996661   -1.745329252   28.942276604   56.984807088  -12.590263195
    1.618396215   -1.745329252   40.971902330   66.768558135  -10.308648367
    1.808795770   -1.745329252   53.390606250   61.196736733   -7.578586695
    1.999195325   -1.745329252   63.486398469   43.146034118   -4.682017684
    2.189594880   -1.745329252   69.383347052   18.109223373   -1.907814793
    2.379994435   -1.745329252   70.336299690   -7.791064127    0.518921861
    2.570393989   -1.745329252   66.708797955  -29.226529460    2.476602279
    2.760793544   -1.745329252   59.745695118  -42.382439205    3.936255038
    2.951193099   -1.745329252   51.228019628  -45.484140483    4.951598835

   -3.141592654   -1.396263402   41.576875213  -39.800400329    3.277719388
   -2.951193099   -1.396263402   35.180939786  -26.803277140    3.060152513
   -2.760793544   -1.396263402   31.550227878  -11.469950867    2.663686661
   -2.570393989   -1.396263402   30.683703380    1.620102093    2.077351091
   -2.379994435   -1.396263402   31.845531027    9.558833746    1.183187559
   -2.189594880   -1.396263402   33.968683659   11.859955158   -0.216614337
   -1.999195325   -1.396263402   36.106164917   10.107841248   -2.333239098
   -1.808795770   -1.396263402   37.724518044    6.832461632   -5.295766558
   -1.618396215   -1.396263402   38.760030217    4.288187997   -9.042581515
   -1.427996661   -1.396263402   39.484832216    3.669215369  -13.249944038
   -1.237597106   -1.396263402   40.287261055    5.028198451  -17.370163085
   -1.047197551   -1.396263402   41.481512787    7.592797922  -20.773459286
   -0.856797996   -1.396263402   43.190938134   10.162787020  -22.953043396
   -0.666398442   -1.396263402   45.273968011   11.205751762  -23.666274401
   -0.475998887   -1.396263402   47.279374990    9.097443116  -22.995786948
   -0.285599332   -1.396263402   48.461383192    2.392607057  -21.286686970
   -0.095199777   -1.396263402   47.879867281   -9.383499655  -19.022787221
    0.095199777   -1.396263402   44.673074201  -24.716115419  -16.702809406
    0.285599332   -1.396263402   38.509886483  -39.545063981  -14.704409351
    0.475998887   -1.396263402   30.037638018  -47.926718557  -13.228062081
    0.666398442   -1.396263402   21.046692630  -44.270406550  -12.262053753
    0.856797996   -1.396263402   14.107295112  -26.415535296  -11.624677550
    1.047197551   -1.396263402   11.701376606    2.344697678  -11.027989854
    1.237597106   -1.396263402   15.194551643   33.931759262  -10.181047853
    1.427996661   -1.396263402   24.205577501   58.822262888   -8.902337599
    1.618396215   -1.396263402   36.719215593   69.938993596   -7.169881589
    1.808795770   -1.396263402   49.823522779   65.088400061   -5.115957119
    1.999195325   -1.396263402   60.666332538   46.964874289   -2.965467598
    2.189594880   -1.396263402   67.228871718   21.185096408   -0.945747967
    2.379994435   -1.396263402   68.667117388   -5.802607728    0.761416380
    2.570393989   -1.396263402   65.311736568  -28.339451146    2.046203774
    2.760793544   -1.396263402   58.430276961  -42.357899408    2.865230425
    2.951193099   -1.396263402   49.862874003  -45.970056374    3.248429061

   -3.141592654   -1.047197551   39.488743212  -42.283617421    3.874138156
   -2.951193099   -1.047197551   32.624086512  -29.190748217    2.700516017
   -2.760793544   -1.047197551   28.572189928  -13.488203170    1.253566878
   -2.570393989   -1.047197551   27.356487604   -0.070063783   -0.373112028
   -2.379994435   -1.047197551   28.198531453    7.790269945   -2.221421634
   -2.189594880   -1.047197551   29.925515223    9.346934938   -4.468239736
   -1.999195325   -1.047197551   31.460884725    6.214718752   -7.334651777
   -1.808795770   -1.047197551   32.184287633    1.341976382  -10.920113498
   -1.618396215   -1.047197551   32.055883056   -2.299249571  -15.034962748
   -1.427996661   -1.047197551   31.512715015   -2.818842626  -19.144404082
   -1.237597106   -1.047197551   31.210271177    0.166464090  -22.496859197
   -1.047197551   -1.047197551   31.739602368    5.630424112  -24.389580463
   -0.856797996   -1.047197551   33.402781178   11.655296707  -24.444711318
   -0.666398442   -1.047197551   36.077488926   15.794026734  -22.742009159
   -0.475998887   -1.047197551   39.168965491   15.685009941  -19.772171187
   -0.285599332   -1.047197551   41.681057115    9.526450805  -16.245191701
   -0.095199777   -1.047197551   42.397993907   -3.096346922  -12.845775811
    0.095199777   -1.047197551   40.226397307  -20.248573883  -10.048361294
    0.285599332   -1.047197551   34.704879444  -37.285506206   -7.999493943
    0.475998887   -1.047197551   26.466277203  -47.641187142   -6.572211139
    0.666398442   -1.047197551   17.396925356  -45.234422401   -5.489514830
    0.856797996   -1.047197551   10.234295802  -27.639836180   -4.498807642
    1.047197551   -1.047197551    7.649226845    1.810755146   -3.467486534
    1.237597106   -1.047197551   11.160187114   34.692580859   -2.382429669
    1.427996661   -1.047197551   20.453075943   60.979694221   -1.295248594
    1.618396215   -1.047197551   33.483370335   73.101332832   -0.235750943
    1.808795770   -1.047197551   47.231829380   68.558719170    0.805302777
    1.999195325   -1.047197551   58.707080365   50.025547466    1.851758511
    2.189594880   -1.047197551   65.768908617   23.297429283    2.893290848
    2.379994435   -1.047197551   67.495763892   -4.905747083    3.845396831
    2.570393989   -1.047197551   64.191634532  -28.685782038    4.556364063
    2.760793544   -1.047197551   57.138047349  -43.773336685    4.853977032
    2.951193099   -1.047197551   48.224111316  -48.131876947    4.628157691

   -3.141592654   -0.698131701   39.302677820  -45.647652893    3.590913817
   -2.951193099   -0.698131701   31.759979667  -32.872292320    1.283941647
   -2.760793544   -0.698131701   27.007193644  -17.122707846   -1.331941220
   -2.570393989   -0.698131701   25.112538695   -3.588347918   -4.021500405
   -2.379994435   -0.698131701   25.275280041    4.095669679   -6.706893978
   -2.189594880   -0.698131701   26.241680839    4.965790634   -9.508481333
   -1.999195325   -0.698131701   26.844441382    0.772407276  -12.635106209
   -1.808795770   -0.698131701   26.437823760   -4.995809397  -16.148387761
   -1.618396215   -0.698131701   25.083624630   -8.626605585  -19.752548627
   -1.427996661   -0.698131701   23.449228411   -7.688726293  -22.774869137
   -1.237597106   -0.698131701   22.474843576   -1.812372898  -24.398528950
   -1.047197551   -0.698131701   22.972025808    7.324562663  -24.035176035
   -0.856797996   -0.698131701   25.297493945   16.785597268  -21.622090808
   -0.666398442   -0.698131701   29.188073248   23.173216704  -17.676762429
   -0.475998887   -0.698131701   33.765243514   23.611470011  -13.089059379
   -0.285599332   -0.698131701   37.705828212   16.369423788   -8.783974633
   -0.095199777   -0.698131701   39.532948200    1.600149180   -5.388654861
    0.095199777   -0.698131701   38.028726282  -17.898239998   -3.067824965
    0.285599332   -0.698131701   32.773274028  -36.691506991   -1.528538416
    0.475998887   -0.698131701   24.562920276  -47.748233099   -0.254133619
    0.666398442   -0.698131701   15.490960685  -45.019462098    1.203402323
    0.856797996   -0.698131701    8.453029088  -26.518415514    2.980538727
    1.047197551   -0.698131701    6.174557740    3.852159724    4.865171345
    1.237597106   -0.698131701   10.132630744   37.243475825    6.474592239
    1.427996661   -0.698131701   19.920533651   63.545349253    7.492232414
    1.618396215   -0.698131701   33.413318221   75.352625139    7.858089557
    1.808795770   -0.698131701   47.550802547   70.390317685    7.755997812
    1.999195325   -0.698131701   59.335811861   51.450730278    7.483071558
    2.189594880   -0.698131701   66.628198165   24.280105713    7.265531419
    2.379994435   -0.698131701   68.487394905   -4.535276958    7.143927105
    2.570393989   -0.698131701   65.175003662  -29.186253329    6.958626173
    2.760793544   -0.698131701   57.926147486  -45.337601032    6.438772574
    2.951193099   -0.698131701   48.612846322  -50.740519970    5.346811697

   -3.141592654   -0.349065850   39.995843038  -50.315024470    2.915494663
   -2.951193099   -0.349065850   31.485881246  -38.267322275   -0.095975804
   -2.760793544   -0.349065850   25.678387281  -22.715328271   -3.305505871
   -2.570393989   -0.349065850   22.729379164   -9.042055536   -6.429952713
   -2.379994435   -0.349065850   21.867385199   -1.248480585   -9.349488821
   -2.189594880   -0.349065850   21.804169797   -0.555509127  -12.150392972
   -1.999195325   -0.349065850   21.323362455   -5.073616317  -14.992617032
   -1.808795770   -0.349065850   19.800417407  -10.739930379  -17.851733762
   -1.618396215   -0.349065850   17.446695352  -13.143422177  -20.333167473
   -1.427996661   -0.349065850   15.185058299   -9.518048650  -21.733038608
   -1.237597106   -0.349065850   14.210906490    0.137373297  -21.356544606
   -1.047197551   -0.349065850   15.455676603   13.145379335  -18.917398389
   -0.856797996   -0.349065850   19.179989524   25.385916339  -14.759180703
   -0.666398442   -0.349065850   24.824935733   32.647739760   -9.764391579
   -0.475998887   -0.349065850   31.126548581   31.937239955   -4.989590136
   -0.285599332   -0.349065850   36.423399068   22.131196294   -1.255104753
   -0.095199777   -0.349065850   39.066389131    4.433135044    1.165138144
    0.095199777   -0.349065850   37.875235597  -17.242602069    2.589478631
    0.285599332   -0.349065850   32.650319245  -36.759378035    3.743552772
    0.475998887   -0.349065850   24.480064403  -47.049125545    5.366187743
    0.666398442   -0.349065850   15.689595312  -42.714174138    7.823463034
    0.856797996   -0.349065850    9.241862337  -22.755686282   10.900537148
    1.047197551   -0.349065850    7.748267933    8.117764031   13.907123910
    1.237597106   -0.349065850   12.471639557   40.818969800   16.056475210
    1.427996661   -0.349065850   22.806757774   65.640614437   16.851835604
    1.618396215   -0.349065850   36.545174484   75.879198863   16.308752252
    1.808795770   -0.349065850   50.669319415   69.838785401   14.859012480
    1.999195325   -0.349065850   62.299675175   50.482471757   13.089483637
    2.189594880   -0.349065850   69.404049020   23.315073475   11.444661861
    2.379994435   -0.349065850   71.081322328   -5.519420503   10.072089493
    2.570393989   -0.349065850   67.550390603  -30.580438967    8.819510131
    2.760793544   -0.349065850   59.956345080  -47.642215117    7.373932969
    2.951193099   -0.349065850   50.090757607  -54.264355227    5.445729352

   -3.141592654    0.000000000   41.050553110  -55.471098072    1.933938426
   -2.951193099    0.000000000   31.496945294  -43.966243989   -0.903285332
   -2.760793544    0.000000000   24.595057783  -28.411488839   -3.756069227
   -2.570393989    0.000000000   20.595817095  -14.332446215   -6.436539192
   -2.379994435    0.000000000   18.772506831   -6.068464129   -8.885685031
   -2.189594880    0.000000000   17.822990579   -5.072664240  -11.181341602
   -1.999195325    0.000000000   16.505918702   -9.302983472  -13.396458108
   -1.808795770    0.000000000   14.240650011  -14.163850693  -15.382181457
   -1.618396215    0.000000000   11.393021328  -14.697078084  -16.672644524
   -1.427996661    0.000000000    9.106791112   -8.058445842  -16.641539449
   -1.237597106    0.000000000    8.744899318    5.109384534  -14.848915553
   -1.047197551    0.000000000   11.230305106   21.001958849  -11.368772839
   -0.856797996    0.000000000   16.598151858   34.448907725   -6.856525963
   -0.666398442    0.000000000   23.917992969   40.841466796   -2.309147756
   -0.475998887    0.000000000   31.559670288   37.612651791    1.375321023
   -0.285599332    0.000000000   37.642825570   24.722898230    3.759288145
   -0.095199777    0.000000000   40.532713713    4.638658351    5.038526177
    0.095199777    0.000000000   39.280831430  -17.765956473    5.917918121
    0.285599332    0.000000000   34.039219200  -36.123438578    7.279135637
    0.475998887    0.000000000   26.210485495  -43.979048438    9.747639080
    0.666398442    0.000000000   18.251519460  -37.170934912   13.360734247
    0.856797996    0.000000000   13.006593876  -15.978416751   17.499490870
    1.047197551    0.000000000   12.770672487   14.210740319   21.142169993
    1.237597106    0.000000000   18.449798137   44.544343751   23.341022659
    1.427996661    0.000000000   29.202946283   66.295026422   23.623586079
    1.618396215    0.000000000   42.799730923   73.892506438   22.150023829
    1.808795770    0.000000000   56.382549132   66.364342918   19.534972701
    1.999195325    0.000000000   67.307453193   46.723568218   16.521721005
    2.189594880    0.000000000   73.731352703   19.999078066   13.664143808
    2.379994435    0.000000000   74.829110372   -8.331555031   11.188051984
    2.570393989    0.000000000   70.778290297  -33.326751790    9.007538673
    2.760793544    0.000000000   62.619143645  -50.924144971    6.876522914
    2.951193099    0.000000000   52.042901135  -58.486721835    4.554109777

   -3.141592654    0.349065850   42.782408654  -59.596663496    1.698143409
   -2.951193099    0.349065850   32.408532180  -48.385726500   -0.066626611
   -2.760793544    0.349065850   24.660320301  -32.817432757   -1.692555497
   -2.570393989    0.349065850   19.842947521  -18.490843954   -3.189164325
   -2.379994435    0.349065850   17.255055367   -9.939533199   -4.629482215
   -2.189594880    0.349065850   15.592288174   -8.684382346   -6.110705361
   -1.999195325    0.349065850   13.624426932  -12.454434463   -7.629471896
   -1.808795770    0.349065850   10.849006145  -16.225541913   -8.951468211
   -1.618396215    0.349065850    7.783042396  -14.775645807   -9.624454401
   -1.427996661    0.349065850    5.727695948   -5.491913794   -9.185164410
   -1.237597106    0.349065850    6.105027111   10.207270525   -7.447706692
   -1.047197551    0.349065850    9.724672856   27.574900712   -4.682600608
   -0.856797996    0.349065850   16.355124208   40.843753155   -1.536925938
   -0.666398442    0.349065850   24.750626004   45.543252411    1.260423433
   -0.475998887    0.349065850   33.061462593   39.904640346    3.265297962
   -0.285599332    0.349065850   39.376858088   25.027951139    4.511876435
   -0.095199777    0.349065850   42.241099234    4.349715349    5.504375289
    0.095199777    0.349065850   41.020903255  -16.851205841    6.985523699
    0.285599332    0.349065850   36.187910854  -32.579392228    9.588649328
    0.475998887    0.349065850   29.324507252  -37.438813146   13.512278562
    0.666398442    0.349065850   22.829857955  -28.606259320   18.340950852
    0.856797996    0.349065850   19.256460643   -7.381413487   23.131860257
    1.047197551    0.349065850   20.483951002   20.648803863   26.753761485
    1.237597106    0.349065850   27.056852635   47.344846429   28.350386374
    1.427996661    0.349065850   37.967076838   65.224698758   27.664500872
    1.618396215    0.349065850   51.056967958   69.865573044   25.080379301
    1.808795770    0.349065850   63.708993817   60.879010189   21.372683967
    1.999195325    0.349065850   73.564190726   41.165322430   17.362869027
    2.189594880    0.349065850   78.993455300   15.194054985   13.637733176
    2.379994435    0.349065850   79.264791114  -12.234839993   10.462742016
    2.570393989    0.349065850   74.532585936  -36.661871001    7.827226444
    2.760793544    0.349065850   65.750712878  -54.214313136    5.586427261
    2.951193099    0.349065850   54.517672421  -62.138732846    3.576774949

   -3.141592654    0.698131701   44.334655560  -61.601117242    0.303892039
   -2.951193099    0.698131701   33.587402304  -50.291612072    0.065636452
   -2.760793544    0.698131701   25.475926938  -34.729576179    0.035937846
   -2.570393989    0.698131701   20.284991735  -20.513284909    0.008628973
   -2.379994435    0.698131701   17.292618126  -12.164825887   -0.200229999
   -2.189594880    0.698131701   15.188154196  -11.064243701   -0.698405857
   -1.999195325    0.698131701   12.775917715  -14.655784735   -1.449800751
   -1.808795770    0.698131701    9.645442547  -17.633965018   -2.238988995
   -1.618396215    0.698131701    6.437657608  -14.769737054   -2.742161097
   -1.427996661    0.698131701    4.541805726   -3.832480185   -2.698439067
   -1.237597106    0.698131701    5.365475127   13.110362147   -2.066797133
   -1.047197551    0.698131701    9.584566188   30.786024377   -1.060027039
   -0.856797996    0.698131701   16.772912864   43.342248273    0.000298956
   -0.666398442    0.698131701   25.528458312   46.802035825    0.898288823
   -0.475998887    0.698131701   33.975739763   40.189402210    1.706129268
   -0.285599332    0.698131701   40.329144924   25.351956171    2.782308552
   -0.095199777    0.698131701   43.366442337    6.074512552    4.632356061
    0.095199777    0.698131701   42.703291024  -12.579511851    7.678721692
    0.285599332    0.698131701   38.966233224  -25.354186402   12.014822043
    0.475998887    0.698131701   33.716687268  -27.919160123   17.270136120
    0.666398442    0.698131701   29.127484141  -18.461818376   22.620114450
    0.856797996    0.698131701   27.372503420    1.197168817   27.004992591
    1.047197551    0.698131701   29.924805524   25.726521004   29.478422216
    1.237597106    0.698131701   37.045290569   47.971502052   29.550522871
    1.427996661    0.698131701   47.666072647   61.720001624   27.347250678
    1.618396215    0.698131701   59.794975255   63.550145253   23.502267998
    1.808795770    0.698131701   71.112559862   53.454504397   18.864120646
    1.999195325    0.698131701   79.567289132   34.068280595   14.203430408
    2.189594880    0.698131701   83.747374762    9.252550099   10.033488903
    2.379994435    0.698131701   83.017440232  -16.824320872    6.606096774
    2.570393989    0.698131701   77.525312201  -40.106349946    3.980012051
    2.760793544    0.698131701   68.167100923  -56.883832454    2.120045097
    2.951193099    0.698131701   56.471626684  -64.365142270    0.935986776

   -3.141592654    1.047197551   42.966161838  -61.746082579   -4.196901437
   -2.951193099    1.047197551   32.277135783  -49.583254807   -3.199858062
   -2.760793544    1.047197551   24.344771062  -33.624406319   -1.957997349
   -2.570393989    1.047197551   19.368229891  -19.422623063   -0.802924221
   -2.379994435    1.047197551   16.555867799  -11.392711289    0.045283750
   -2.189594880    1.047197551   14.555736277  -10.739667341    0.497654097
   -1.999195325    1.047197551   12.167155898  -14.702057948    0.579193313
   -1.808795770    1.047197551    9.009935079  -17.825111704    0.392167297
   -1.618396215    1.047197551    5.769449975  -14.899846848    0.060016574
   -1.427996661    1.047197551    3.859271458   -3.873366385   -0.330158439
   -1.237597106    1.047197551    4.671600516   12.977765154   -0.734441578
   -1.047197551    1.047197551    8.840194462   30.359055518   -1.106064999
   -0.856797996    1.047197551   15.919617083   42.661431021   -1.307519215
   -0.666398442    1.047197551   24.557814873   46.376388009   -1.076972965
   -0.475998887    1.047197551   33.018917931   40.931556292   -0.056148469
   -0.285599332    1.047197551   39.708355148   28.291937269    2.089479020
   -0.095199777    1.047197551   43.575459013   11.925168233    5.528604151
    0.095199777    1.047197551   44.308861394   -3.836398160   10.153938385
    0.285599332    1.047197551   42.445151326  -14.648312464   15.505800407
    0.475998887    1.047197551   39.287695841  -16.992437614   20.820393144
    0.666398442    1.047197551   36.633141842   -9.418514747   25.170953760
    0.856797996    1.047197551   36.271386859    6.547732974   27.724870834
    1.047197551    1.047197551   39.408957373   26.467892462   28.004011919
    1.237597106    1.047197551   46.242951861   44.356760579   26.030792131
    1.427996661    1.047197551   55.849164286   54.929059282   22.297312411
    1.618396215    1.047197551   66.505569275   55.126754797   17.542444652
    1.808795770    1.047197551   76.176166715   44.762671341   12.488819001
    1.999195325    1.047197551   83.025689482   25.996244162    7.677114923
    2.189594880    1.047197551   85.766795654    2.256385693    3.437097056
    2.379994435    1.047197551   83.824590366  -22.538647978   -0.028851611
    2.570393989    1.047197551   77.376592946  -44.409312571   -2.576614888
    2.760793544    1.047197551   67.339396564  -59.703005450   -4.099735263
    2.951193099    1.047197551   55.245164933  -65.739311695   -4.592926335

   -3.141592654    1.396263402   38.455165460  -60.090785253  -10.734652003
   -2.951193099    1.396263402   28.234055732  -46.432520690   -9.367758965
   -2.760793544    1.396263402   20.980477604  -29.781752870   -7.597519070
   -2.570393989    1.396263402   16.740928382  -15.631810151   -5.737131406
   -2.379994435    1.396263402   14.599700977   -8.200060030   -3.956804024
   -2.189594880    1.396263402   13.123361244   -8.465545891   -2.316618820
   -1.999195325    1.396263402   11.067416248  -13.500575872   -0.854974451
   -1.808795770    1.396263402    8.032231277  -17.750212891    0.342439137
   -1.618396215    1.396263402    4.699462220  -15.939887007    1.141969899
   -1.427996661    1.396263402    2.495791819   -5.888062839    1.431359766
   -1.237597106    1.396263402    2.861215955   10.368967247    1.235832351
   -1.047197551    1.396263402    6.532121929   27.875571623    0.790289479
   -0.856797996    1.396263402   13.228631155   41.298907182    0.535238979
   -0.666398442    1.396263402   21.800033382   47.202018158    0.987559909
   -0.475998887    1.396263402   30.693751770   44.740649070    2.579673542
   -0.285599332    1.396263402   38.415203413   35.288710986    5.510385382
   -0.095199777    1.396263402   43.879229388   21.546794442    9.658262297
    0.095199777    1.396263402   46.593596194    7.075507650   14.584350782
    0.285599332    1.396263402   46.785489373   -4.297593697   19.562529375
    0.475998887    1.396263402   45.389623969   -9.145329516   23.721625752
    0.666398442    1.396263402   43.867566860   -5.549440979   26.236270360
    0.856797996    1.396263402   43.811476341    5.899772557   26.577474437
    1.047197551    1.396263402   46.430617993   21.842068646   24.682460196
    1.237597106    1.396263402   52.109122128   37.106869147   20.954370716
    1.427996661    1.396263402   60.209859123   46.600070460   16.100787056
    1.618396215    1.396263402   69.274167543   46.862279971   10.851851303
    1.808795770    1.396263402   77.422530189   37.062202325    5.740388336
    1.999195325    1.396263402   82.863830259   18.883096852    1.048983996
    2.189594880    1.396263402   84.301523475   -4.312793343   -3.100650020
    2.379994435    1.396263402   81.174183075  -28.350389322   -6.594562288
    2.570393989    1.396263402   73.731183437  -48.936064365   -9.252709819
    2.760793544    1.396263402   63.002170605  -62.346142718  -10.866633317
    2.951193099    1.396263402   50.612344109  -66.161653009  -11.330476042

   -3.141592654    1.745329252   31.859753958  -58.432022411  -16.885589260
   -2.951193099    1.745329252   22.122873180  -43.107833602  -15.679853375
   -2.760793544    1.745329252   15.604430824  -25.506955723  -13.845064195
   -2.570393989    1.745329252   12.217654592  -11.042572157  -11.621014638
   -2.379994435    1.745329252   10.941766108   -3.762551719   -9.127241637
   -2.189594880    1.745329252   10.267695111   -4.532815340   -6.410982208
   -1.999195325    1.745329252    8.885938797  -10.417317908   -3.556187634
   -1.808795770    1.745329252    6.329010370  -15.869793248   -0.767869038
   -1.618396215    1.745329252    3.220493163  -15.489815568    1.651077354
   -1.427996661    1.745329252    0.974634353   -6.729160674    3.421744731
   -1.237597106    1.745329252    1.107484514    8.901227751    4.459693711
   -1.047197551    1.745329252    4.527784102   26.912067480    4.968232840
   -0.856797996    1.745329252   11.189064895   42.079077056    5.403006431
   -0.666398442    1.745329252   20.152217724   50.635898699    6.286066274
   -0.475998887    1.745329252   29.976470537   51.049241187    7.992535853
   -0.285599332    1.745329252   39.134027646   43.898185697   10.596393239
   -0.095199777    1.745329252   46.362190572   31.221777434   13.808998647
    0.095199777    1.745329252   50.890651023   16.163590522   17.048140932
    0.285599332    1.745329252   52.620961724    2.509137612   19.553075701
    0.475998887    1.745329252   52.193296440   -5.958091789   20.609959347
    0.666398442    1.745329252   50.879604127   -6.564612985   19.777719382
    0.856797996    1.745329252   50.250811185    1.050030074   17.079019636
    1.047197551    1.745329252   51.669850433   14.325360957   13.005336218
    1.237597106    1.745329252   55.784816531   28.443970794    8.316715430
    1.427996661    1.745329252   62.232330703   38.056728213    3.747128000
    1.618396215    1.745329252   69.736970810   39.062650576   -0.271415195
    1.808795770    1.745329252   76.474397873   29.999880330   -3.691685004
    1.999195325    1.745329252   80.617134487   12.254686140   -6.720369042
    2.189594880    1.745329252   80.818201401  -10.664856992   -9.584238388
    2.379994435    1.745329252   76.523387952  -34.174918515  -12.321500085
    2.570393989    1.745329252   68.068881516  -53.604190720  -14.724231948
    2.760793544    1.745329252   56.617403664  -65.152272719  -16.443982791
    2.951193099    1.745329252   43.905347340  -66.691993574  -17.191713269

   -3.141592654    2.094395102   24.747700969  -57.622730891  -19.011649869
   -2.951193099    2.094395102   15.306885549  -40.875029664  -17.946533271
   -2.760793544    2.094395102    9.317970891  -22.250082950  -16.077034023
   -2.570393989    2.094395102    6.626158678   -7.036007746  -13.573572461
   -2.379994435    2.094395102    6.174845726    0.877520214  -10.551272713
   -2.189594880    2.094395102    6.437900854    0.641369778   -7.087723683
   -1.999195325    2.094395102    6.072981692   -4.984827028   -3.298575601
   -1.808795770    2.094395102    4.536854001  -10.682710330    0.586688055
   -1.618396215    2.094395102    2.347219175  -11.116187997    4.231116801
   -1.427996661    2.094395102    0.828916954   -3.488686824    7.290941172
   -1.237597106    2.094395102    1.481920923   11.181245822    9.573085279
   -1.047197551    2.094395102    5.295439049   28.891519457   11.135387995
   -0.856797996    2.094395102   12.372273228   44.593901924   12.263847304
   -0.666398442    2.094395102   21.917432272   54.290438911   13.307252409
   -0.475998887    2.094395102   32.555390031   55.892714813   14.484437881
   -0.285599332    2.094395102   42.706087315   49.324459170   15.757728351
   -0.095199777    2.094395102   50.936842088   36.109458670   16.806284426
    0.095199777    2.094395102   56.236911587   19.153411019   17.132695176
    0.285599332    2.094395102   58.259718619    2.435630899   16.213955055
    0.475998887    2.094395102   57.477198193   -9.637520106   13.737541006
    0.666398442    2.094395102   55.142145667  -13.463543336    9.780212498
    0.856797996    2.094395102   52.986605871   -7.808639287    4.877440645
    1.047197551    2.094395102   52.666202110    5.200039233   -0.135823880
    1.237597106    2.094395102   55.141850793   20.547756644   -4.448500982
    1.427996661    2.094395102   60.269169707   32.131538203   -7.585088673
    1.618396215    2.094395102   66.825757799   34.935785644   -9.568054390
    1.808795770    2.094395102   72.887220541   26.872818792  -10.823478353
    1.999195325    2.094395102   76.455049359    9.217137424  -11.916499562
    2.189594880    2.094395102   76.039485624  -14.135864415  -13.266122418
    2.379994435    2.094395102   71.044133811  -37.985324573  -14.969391012
    2.570393989    2.094395102   61.876737970  -57.142325277  -16.792932898
    2.760793544    2.094395102   49.839239991  -67.640096903  -18.315606647
    2.951193099    2.094395102   36.799198035  -67.580891785  -19.132656887

   -3.141592654    2.443460953   18.257768683  -57.559714113  -12.690433642
   -2.951193099    2.443460953    8.960074484  -39.440638691  -11.269441453
   -2.760793544    2.443460953    3.378728034  -19.419983625   -9.284332749
   -2.570393989    2.443460953    1.358979289   -2.816515768   -6.870047478
   -2.379994435    2.443460953    1.841237401    6.446789217   -4.099678670
   -2.189594880    2.443460953    3.282438339    7.398782898   -0.961169820
   -1.999195325    2.443460953    4.289166348    2.570556697    2.583672541
   -1.808795770    2.443460953    4.218876861   -2.967996862    6.480015739
   -1.618396215    2.443460953    3.454440634   -3.985973061   10.497059046
   -1.427996661    2.443460953    3.189774589    2.470975781   14.248018347
   -1.237597106    2.443460953    4.847536289   15.768687132   17.323766356
   -1.047197551    2.443460953    9.418679677   32.320224874   19.453813152
   -0.856797996    2.443460953   17.070649220   47.270065804   20.587409529
   -0.666398442    2.443460953   27.078996439   56.493742503   20.837549368
   -0.475998887    2.443460953   38.087866756   57.528308624   20.341814726
   -0.285599332    2.443460953   48.458477390   49.871547309   19.137110027
   -0.095199777    2.443460953   56.627971263   34.779470943   17.102592700
    0.095199777    2.443460953   61.432395119   15.165286879   14.029459373
    0.285599332    2.443460953   62.408418676   -4.581928505    9.759877246
    0.475998887    2.443460953   60.024457534  -19.310638622    4.394620167
    0.666398442    2.443460953   55.687006857  -24.543654932   -1.586932177
    0.856797996    2.443460953   51.430307533  -18.459598834   -7.362060910
    1.047197551    2.443460953   49.268586855   -3.226116167  -12.026125019
    1.237597106    2.443460953   50.444651489   15.418022574  -14.949193148
    1.427996661    2.443460953   54.914179881   30.257429478  -16.019418898
    1.618396215    2.443460953   61.347804539   35.300963044  -15.663564434
    1.808795770    2.443460953   67.576156118   28.027681623  -14.609780656
    1.999195325    2.443460953   71.333375198    9.892548914  -13.572094648
    2.189594880    2.443460953   70.941514373  -14.606524040  -12.998823764
    2.379994435    2.443460953   65.743923078  -39.572125297  -12.980231737
    2.570393989    2.443460953   56.208110915  -59.301030160  -13.297360320
    2.760793544    2.443460953   43.764189356  -69.622823725  -13.574145419
    2.951193099    2.443460953   30.416522018  -68.736158057  -13.447023871

   -3.141592654    2.792526803   15.544342967  -56.074028193    0.737795099
   -2.951193099    2.792526803    6.587718469  -37.363134876    2.673264330
   -2.760793544    2.792526803    1.458756780  -16.762682359    4.590872930
   -2.570393989    2.792526803    0.000000000    0.419279721    6.458661706
   -2.379994435    2.792526803    1.160549595   10.354758253    8.363544939
   -2.189594880    2.792526803    3.424230115   12.156366657   10.526195169
   -1.999195325    2.792526803    5.429873222    8.306917306   13.208203060
   -1.808795770    2.792526803    6.539439115    3.638783695   16.525332739
   -1.618396215    2.792526803    7.082771425    3.037869133   20.285102059
   -1.427996661    2.792526803    8.138920114    9.186239205   23.973260272
   -1.237597106    2.792526803   10.983860206   21.404442650   26.920682666
   -1.047197551    2.792526803   16.476269084   36.286985484   28.559540433
   -0.856797996    2.792526803   24.696712081   49.238818254   28.606994497
   -0.666398442    2.792526803   34.876364563   56.299627224   27.084817893
   -0.475998887    2.792526803   45.631217411   55.024260156   24.197352220
   -0.285599332    2.792526803   55.289381027   44.852914742   20.182257235
   -0.095199777    2.792526803   62.248405061   27.070948651   15.213617471
    0.095199777    2.792526803   65.331305907    4.839863486    9.424030115
    0.285599332    2.792526803   64.135367405  -16.915077460    3.003009684
    0.475998887    2.792526803   59.309683978  -32.359562192   -3.656997671
    0.666398442    2.792526803   52.561816891  -36.480439874   -9.910151218
    0.856797996    2.792526803   46.286588462  -27.437634551  -14.958039255
    1.047197551    2.792526803   42.799424759   -8.044223884  -18.121193510
    1.237597106    2.792526803   43.470148029   14.858326529  -19.125632993
    1.427996661    2.792526803   48.165733843   32.964408444  -18.215592127
    1.618396215    2.792526803   55.300494201   39.691813864  -16.036649623
    1.808795770    2.792526803   62.399386152   32.571878864  -13.331292880
    1.999195325    2.792526803   66.949651217   13.577875906  -10.675693233
    2.189594880    2.792526803   67.143721814  -12.140189759   -8.349456051
    2.379994435    2.792526803   62.309013361  -38.161716075   -6.373223669
    2.570393989    2.792526803   52.974971038  -58.504617348   -4.614680832
    2.760793544    2.792526803   40.664564840  -68.940950169   -2.909520021
    2.951193099    2.792526803   27.469679254  -67.767374227   -1.138480093
