#! FIELDS phi psi file.free der_phi der_psi
#! SET min_phi -pi
#! SET max_phi pi
#! SET nbins_phi  33
#! SET periodic_phi true
#! SET min_psi -pi
#! SET max_psi pi
#! SET nbins_psi  18
#! SET periodic_psi true
   -3.141592654   -3.141592654   17.486309401  -53.027444486   17.249176767
   -2.951193099   -3.141592654    9.089972902  -34.577575390   19.572601382
   -2.760793544   -3.141592654    4.455334293  -14.383022567   21.095649576
   -2.570393989   -3.141592654    3.408930701    2.381222274   21.951036082
   -2.379994435   -3.141592654    4.924355780   12.185612451   22.487882326
   -2.189594880   -3.141592654    7.571055525   14.461774156   23.218923220
   -1.999195325   -3.141592654   10.118334149   11.794283589   24.645261316
   -1.808795770   -3.141592654   12.041388767    8.713698100   26.998800145
   -1.618396215   -3.141592654   13.688316676    9.443778538   30.040862945
   -1.427996661   -3.141592654   16.017514699   15.938952588   33.074669519
   -1.237597106   -3.141592654   20.069452296   27.085607615   35.185739769
   -1.047197551   -3.141592654   26.429726934   39.528180759   35.596194410
   -0.856797996   -3.141592654   34.956894671   49.112833663   33.923153830
   -0.666398442   -3.141592654   44.758959789   52.444557176   30.240224802
   -0.475998887   -3.141592654   54.430826434   47.557246793   24.943851114
   -0.285599332   -3.141592654   62.357707079   34.236511090   18.571417378
   -0.095199777   -3.141592654   67.051519459   14.046348013   11.644209837
    0.095199777   -3.141592654   67.505067173   -9.553636939    4.622015476
    0.285599332   -3.141592654   63.545500230  -31.299186504   -2.064998030
    0.475998887   -3.141592654   56.110141802  -45.116005741   -7.948145638
    0.666398442   -3.141592654   47.215495306  -46.032170980  -12.518250834
    0.856797996   -3.141592654   39.519312827  -32.679249656  -15.329776930
    1.047197551   -3.141592654   35.472257968   -8.706708208  -16.183859840
    1.237597106   -3.141592654   36.405223781   18.111509820  -15.257770597
    1.427996661   -3.141592654   41.988807114   38.791662671  -13.047746885
    1.618396215   -3.141592654   50.355766756   46.575378565  -10.157425928
    1.808795770   -3.141592654   58.763383279   39.278110089   -7.027427223
    1.999195325   -3.141592654   64.512762952   19.406697372   -3.823589879
    2.189594880   -3.141592654   65.716549005   -7.352068019   -0.493239695
    2.379994435   -3.141592654   61.709017767  -34.209782524    3.056335677
    2.570393989   -3.141592654   53.075345851  -55.050198313    6.816234269
    2.760793544   -3.141592654   41.400500022  -65.699103100   10.619767533
    2.951193099   -3.141592654   28.816429169  -64.604901477   14.192977746

   -3.141592654   -2.792526803   25.134636359  -48.881566261   25.431017619
   -2.951193099   -2.792526803   17.358782878  -32.224101658   27.457129705
   -2.760793544   -2.792526803   13.012712053  -13.646434021   28.412381562
   -2.570393989   -2.792526803   11.993734738    2.060771654   28.546721559
   -2.379994435   -2.792526803   13.419912167   11.747640671   28.312725751
   -2.189594880   -2.792526803   16.061434481   15.024423626   28.288446663
   -1.999195325   -2.792526803   18.884765937   14.229734178   28.987309055
   -1.808795770   -2.792526803   21.467522347   13.147637748   30.596834558
   -1.618396215   -2.792526803   24.086128407   14.991961330   32.789451276
   -1.427996661   -2.792526803   27.444865635   20.883931333   34.767563898
   -1.237597106   -2.792526803   32.222207859   29.467342850   35.545339999
   -1.047197551   -2.792526803   38.664246265   37.834328238   34.345588231
   -0.856797996   -2.792526803   46.426167043   42.775455456   30.879171322
   -0.666398442   -2.792526803   54.606936266   41.910889594   25.410689691
   -0.475998887   -2.792526803   61.966222087   34.062030978   18.589756551
   -0.285599332   -2.792526803   67.166703216   19.382253781   11.213862752
   -0.095199777   -2.792526803   69.029735707   -0.575328440    4.006740790
    0.095199777   -2.792526803   66.829450091  -22.608671110   -2.483185339
    0.285599332   -2.792526803   60.615839414  -41.778227128   -7.875894893
    0.475998887   -2.792526803   51.488287953  -52.317139511  -11.901035056
    0.666398442   -2.792526803   41.567012852  -49.571864611  -14.362015692
    0.856797996   -2.792526803   33.544634313  -32.597506177  -15.176510371
    1.047197551   -2.792526803   29.816714158   -5.551191090  -14.446980433
    1.237597106   -2.792526803   31.565772558   23.367094196  -12.490361233
    1.427996661   -2.792526803   38.261979171   45.068608094   -9.741573207
    1.618396215   -2.792526803   47.855029153   53.100795584   -6.584198477
    1.808795770   -2.792526803   57.503697676   45.793785667   -3.191402526
    1.999195325   -2.792526803   64.502790454   26.065543898    0.472984126
    2.189594880   -2.792526803   67.008236091   -0.315646567    4.529466053
    2.379994435   -2.792526803   64.380386985  -26.788175451    8.998674068
    2.570393989   -2.792526803   57.172823993  -47.583547548   13.704026144
    2.760793544   -2.792526803   46.879533150  -58.775038694   18.283425267
    2.951193099   -2.792526803   35.513956296  -58.840805044   22.310403364

   -3.141592654   -2.443460953   33.903154499  -44.741739616   23.321708292
   -2.951193099   -2.443460953   26.736027337  -29.968709195   24.975788815
   -2.760793544   -2.443460953   22.657210847  -13.025888854   25.720920855
   -2.570393989   -2.443460953   21.641969161    1.600354029   25.776568547
   -2.379994435   -2.443460953   22.941732032   11.032732368   25.490063707
   -2.189594880   -2.443460953   25.496151145   14.964036106   25.275379665
   -1.999195325   -2.443460953   28.423228359   15.434776865   25.464721638
   -1.808795770   -2.443460953   31.353487155   15.498082782   26.111845700
   -1.618396215   -2.443460953   34.453937718   17.470149065   26.867965540
   -1.427996661   -2.443460953   38.167083984   21.840977778   27.060431366
   -1.237597106   -2.443460953   42.847247532   27.276581891   25.950708346
   -1.047197551   -2.443460953   48.490013227   31.574494344   23.060692540
   -0.856797996   -2.443460953   54.677197602   32.631968103   18.371290519
   -0.666398442   -2.443460953   60.643723822   29.065686740   12.337655976
   -0.475998887   -2.443460953   65.435798914   20.262158430    5.699913899
   -0.285599332   -2.443460953   68.056921108    6.367837912   -0.748782788
   -0.095199777   -2.443460953   67.624861994  -11.487545733   -6.372355029
    0.095199777   -2.443460953   63.608597508  -30.694932376  -10.791129003
    0.285599332   -2.443460953   56.143494259  -46.837233218  -13.863346244
    0.475998887   -2.443460953   46.330674721  -54.490845169  -15.612565047
    0.666398442   -2.443460953   36.243694919  -49.197178423  -16.139266195
    0.856797996   -2.443460953   28.498144186  -30.134529353  -15.586968080
    1.047197551   -2.443460953   25.392016392   -1.567016065  -14.132725574
    1.237597106   -2.443460953   27.994350551   28.265703487  -11.987356746
    1.427996661   -2.443460953   35.669623608   50.398159943   -9.359508462
    1.618396215   -2.443460953   46.300434807   58.673462096   -6.398378029
    1.808795770   -2.443460953   57.041581495   51.733707118   -3.139123230
    1.999195325   -2.443460953   65.229065949   32.649701738    0.461559809
    2.189594880   -2.443460953   69.064230824    7.057400783    4.442539824
    2.379994435   -2.443460953   67.904283720  -18.815277235    8.729920282
    2.570393989   -2.443460953   62.230961249  -39.567540673   13.098287251
    2.760793544   -2.443460953   53.410597942  -51.458542260   17.204350563
    2.951193099   -2.443460953   43.317333848  -52.902186201   20.697268709

   -3.141592654   -2.094395102   40.576099510  -41.017757790   13.879520829
   -2.951193099   -2.094395102   33.997379494  -27.523341272   14.971502189
   -2.760793544   -2.094395102   30.265972150  -11.801577483   15.561443794
   -2.570393989   -2.094395102   29.381241927    1.796711657   15.725237688
   -2.379994435   -2.094395102   30.649070136   10.574328943   15.559382280
   -2.189594880   -2.094395102   33.090669833   14.308100690   15.179696837
   -1.999195325   -2.094395102   35.898361632   14.852156123   14.668797047
   -1.808795770   -2.094395102   38.712455296   14.777599597   13.983535632
   -1.618396215   -2.094395102   41.606032926   15.860379119   12.904737674
   -1.427996661   -2.094395102   44.846009532   18.320880562   11.106686327
   -1.237597106   -2.094395102   48.606849553   21.073128738    8.315344777
   -1.047197551   -2.094395102   52.799121945   22.608586351    4.484357322
   -0.856797996   -2.094395102   57.071602802   21.692039126   -0.135660512
   -0.666398442   -2.094395102   60.875331370   17.557368289   -5.039050307
   -0.475998887   -2.094395102   63.547278046    9.760547155   -9.636229074
   -0.285599332   -2.094395102   64.366087812   -1.886540857  -13.420041613
   -0.095199777   -2.094395102   62.629707843  -16.884083079  -16.094763849
    0.095199777   -2.094395102   57.858741622  -33.276179055  -17.619929451
    0.285599332   -2.094395102   50.132059013  -47.110722393  -18.148043420
    0.475998887   -2.094395102   40.431948060  -53.136934004  -17.934900096
    0.666398442   -2.094395102   30.706569392  -46.831158616  -17.218650726
    0.856797996   -2.094395102   23.472281538  -27.170402257  -16.154984188
    1.047197551   -2.094395102   20.969591920    1.799167681  -14.784606907
    1.237597106   -2.094395102   24.245908527   31.990526680  -13.069936190
    1.427996661   -2.094395102   32.668813852   54.536330018  -10.960273590
    1.618396215   -2.094395102   44.136114929   63.337861506   -8.444543859
    1.808795770   -2.094395102   55.825140363   57.030261872   -5.561686283
    1.999195325   -2.094395102   65.086142154   38.615299517   -2.403662775
    2.189594880   -2.094395102   70.114313707   13.576261229    0.904742149
    2.379994435   -2.094395102   70.226931838  -12.040147012    4.200975242
    2.570393989   -2.094395102   65.834561497  -32.978300151    7.301706010
    2.760793544   -2.094395102   58.214989771  -45.515905433   10.023631838
    2.951193099   -2.094395102   49.162824061  -47.966823175   12.234906907

   -3.141592654   -1.745329252   42.720191095  -39.364527426    5.010084475
   -2.951193099   -1.745329252   36.415873146  -26.297587114    5.487406192
   -2.760793544   -1.745329252   32.877562473  -11.010689951    5.786920985
   -2.570393989   -1.745329252   32.094273381    2.049704407    5.886437525
   -2.379994435   -1.745329252   33.348782793   10.155398548    5.702423762
   -2.189594880   -1.745329252   35.634747296   13.062862308    5.122902796
   -1.999195325   -1.745329252   38.109245311   12.552995483    4.027150735
   -1.808795770   -1.745329252   40.359603629   11.095226938    2.292856375
   -1.618396215   -1.745329252   42.394011805   10.478591786   -0.169551310
   -1.427996661   -1.745329252   44.437874245   11.163050059   -3.342174948
   -1.237597106   -1.745329252   46.693120445   12.534498908   -7.044083352
   -1.047197551   -1.745329252   49.196351077   13.594505609  -10.926615445
   -0.856797996   -1.745329252   51.803948117   13.436686952  -14.555417711
   -0.666398442   -1.745329252   54.203509889   11.235338938  -17.508395864
   -0.475998887   -1.745329252   55.921081715    6.142954996  -19.495187296
   -0.285599332   -1.745329252   56.324417907   -2.652359831  -20.412520075
   -0.095199777   -1.745329252   54.681271440  -15.259078469  -20.356516187
    0.095199777   -1.745329252   50.380730364  -30.122373807  -19.597986330
    0.285599332   -1.745329252   43.320936178  -43.419523247  -18.485926633
    0.475998887   -1.745329252   34.305979896  -49.732885696  -17.354847790
    0.666398442   -1.745329252   25.161989294  -44.160407558  -16.404163842
    0.856797996   -1.745329252   18.365570210  -25.196678838  -15.644182007
    1.047197551   -1.745329252   16.204737567    3.509197350  -14.895283244
    1.237597106   -1.745329252   19.828170686   34.012376386  -13.882124144
    1.427996661   -1.745329252   28.704777909   57.316954092  -12.380463125
    1.618396215   -1.745329252   40.788063018   67.007013242  -10.324074215
    1.808795770   -1.745329252   53.247536178   61.385334761   -7.823607989
    1.999195325   -1.745329252   63.373946124   43.269217039   -5.118800898
    2.189594880   -1.745329252   69.284260130   18.112264589   -2.474753637
    2.379994435   -1.745329252   70.223597160   -7.943593731   -0.116714152
    2.570393989   -1.745329252   66.553715979  -29.515532530    1.816272457
    2.760793544   -1.745329252   59.528620803  -42.736570192    3.276010474
    2.951193099   -1.745329252   50.945323400  -45.807919152    4.307389760

   -3.141592654   -1.396263402   40.999240267  -39.822162814    2.837641889
   -2.951193099   -1.396263402   34.615651092  -26.657548448    2.701498175
   -2.760793544   -1.396263402   31.025475302  -11.205001043    2.407941963
   -2.570393989   -1.396263402   30.212757017    1.895471234    1.927042758
   -2.379994435   -1.396263402   31.419027960    9.730367314    1.120139173
   -2.189594880   -1.396263402   33.560777102   11.879348096   -0.225485868
   -1.999195325   -1.396263402   35.691176287   10.028206935   -2.329631960
   -1.808795770   -1.396263402   37.294607509    6.773621897   -5.324821107
   -1.618396215   -1.396263402   38.329235838    4.344115677   -9.149915410
   -1.427996661   -1.396263402   39.076225886    3.832227379  -13.476261677
   -1.237597106   -1.396263402   39.912162606    5.186876493  -17.741699451
   -1.047197551   -1.396263402   41.125183587    7.609087307  -21.290638455
   -0.856797996   -1.396263402   42.816905388    9.950642070  -23.582406088
   -0.666398442   -1.396263402   44.838601687   10.779903715  -24.341202711
   -0.475998887   -1.396263402   46.750556044    8.558650021  -23.626519015
   -0.285599332   -1.396263402   47.830868491    1.884153686  -21.778313156
   -0.095199777   -1.396263402   47.167504399   -9.714200411  -19.295553422
    0.095199777   -1.396263402   43.923989134  -24.758483976  -16.711032763
    0.285599332   -1.396263402   37.784744451  -39.257786604  -14.447579447
    0.475998887   -1.396263402   29.395364489  -47.368394586  -12.751160398
    0.666398442   -1.396263402   20.524653926  -43.601564217  -11.644870172
    0.856797996   -1.396263402   13.707386124  -25.837281224  -10.964256371
    1.047197551   -1.396263402   11.389948479    2.676121837  -10.421248033
    1.237597106   -1.396263402   14.918875505   33.979325176   -9.710195098
    1.427996661   -1.396263402   23.918271418   58.670444338   -8.624044018
    1.618396215   -1.396263402   36.395456080   69.725481891   -7.107953148
    1.808795770   -1.396263402   49.462468349   64.915969009   -5.258985491
    1.999195325   -1.396263402   60.278538342   46.848627437   -3.273306699
    2.189594880   -1.396263402   66.820663791   21.070679107   -1.365256133
    2.379994435   -1.396263402   68.232924937   -5.972291791    0.279386298
    2.570393989   -1.396263402   64.839250353  -28.572311493    1.536926931
    2.760793544   -1.396263402   57.911771529  -42.601689370    2.353233147
    2.951193099   -1.396263402   49.304034456  -46.138975883    2.757708911

   -3.141592654   -1.047197551   38.723145063  -42.095215210    3.769090421
   -2.951193099   -1.047197551   31.915512136  -28.792337668    2.665929341
   -2.760793544   -1.047197551   27.952669266  -12.974662819    1.310318009
   -2.570393989   -1.047197551   26.833787063    0.401046403   -0.227453406
   -2.379994435   -1.047197551   27.749578525    8.070054973   -2.013352505
   -2.189594880   -1.047197551   29.506075737    9.370902048   -4.239553641
   -1.999195325   -1.047197551   31.025314124    6.035757584   -7.132478078
   -1.808795770   -1.047197551   31.705735373    1.089792165  -10.789347174
   -1.618396215   -1.047197551   31.532351062   -2.508218798  -15.013806144
   -1.427996661   -1.047197551   30.957141422   -2.952137391  -19.259090828
   -1.237597106   -1.047197551   30.633364620    0.055839236  -22.753422105
   -1.047197551   -1.047197551   31.138171458    5.471809951  -24.766369631
   -0.856797996   -1.047197551   32.764102878   11.420156271  -24.889918087
   -0.666398442   -1.047197551   35.390226192   15.527234644  -23.179364771
   -0.475998887   -1.047197551   38.435593175   15.479760820  -20.114667752
   -0.285599332   -1.047197551   40.922631603    9.479138621  -16.414054219
   -0.095199777   -1.047197551   41.651600210   -2.917065448  -12.788567734
    0.095199777   -1.047197551   39.537483355  -19.827355689   -9.752748546
    0.285599332   -1.047197551   34.116571237  -36.669450029   -7.497085879
    0.475998887   -1.047197551   26.005715321  -46.946188931   -5.931276378
    0.666398442   -1.047197551   17.062988526  -44.632392057   -4.799034175
    0.856797996   -1.047197551    9.992743020  -27.298857491   -3.848608943
    1.047197551   -1.047197551    7.439519112    1.795429009   -2.931492374
    1.237597106   -1.047197551   10.915180894   34.350786354   -2.006779319
    1.427996661   -1.047197551   20.122906896   60.452298192   -1.093259644
    1.618396215   -1.047197551   33.049876759   72.565338122   -0.189198551
    1.808795770   -1.047197551   46.706540187   68.137911298    0.737692755
    1.999195325   -1.047197551   58.115254113   49.738408218    1.719582869
    2.189594880   -1.047197551   65.130808952   23.080517358    2.737093246
    2.379994435   -1.047197551   66.817616591   -5.122011966    3.686588407
    2.570393989   -1.047197551   63.471241386  -28.912603954    4.398893545
    2.760793544   -1.047197551   56.378352724  -43.949468750    4.697874893
    2.951193099   -1.047197551   47.443715631  -48.160408889    4.484469730

   -3.141592654   -0.698131701   38.479766446  -45.372294574    3.667833854
   -2.951193099   -0.698131701   31.017111191  -32.323316770    1.398229130
   -2.760793544   -0.698131701   26.384976619  -16.436615120   -1.150316311
   -2.570393989   -0.698131701   24.617702690   -2.977717605   -3.770918999
   -2.379994435   -0.698131701   24.873921114    4.437792654   -6.414563703
   -2.189594880   -0.698131701   25.872608355    4.954953508   -9.218976101
   -1.999195325   -0.698131701   26.443657783    0.466777701  -12.396069465
   -1.808795770   -0.698131701   25.962905600   -5.443503858  -15.998582797
   -1.618396215   -0.698131701   24.522699828   -9.064338045  -19.714248751
   -1.427996661   -0.698131701   22.813061349   -8.038658512  -22.849087957
   -1.237597106   -0.698131701   21.781150987   -2.078494095  -24.562158658
   -1.047197551   -0.698131701   22.233644415    7.115029883  -24.243807516
   -0.856797996   -0.698131701   24.524496389   16.631192777  -21.818633101
   -0.666398442   -0.698131701   28.394731930   23.120431550  -17.802773516
   -0.475998887   -0.698131701   32.977334340   23.727105902  -13.096433639
   -0.285599332   -0.698131701   36.960189159   16.698746207   -8.644150662
   -0.095199777   -0.698131701   38.871095217    2.144754354   -5.097118493
    0.095199777   -0.698131701   37.487368571  -17.190963360   -2.645455458
    0.285599332   -0.698131701   32.375138394  -35.920064229   -1.018157121
    0.475998887   -0.698131701   24.307753449  -47.049286444    0.287556352
    0.666398442   -0.698131701   15.349552657  -44.551370896    1.716779295
    0.856797996   -0.698131701    8.368391634  -26.409769091    3.415573469
    1.047197551   -0.698131701    6.072352388    3.559082185    5.191669101
    1.237597106   -0.698131701    9.942170378   36.631053405    6.689385995
    1.427996661   -0.698131701   19.597625994   62.797584417    7.619514817
    1.618396215   -0.698131701   32.952179421   74.672386360    7.941830211
    1.808795770   -0.698131701   46.978039199   69.903435518    7.843970940
    1.999195325   -0.698131701   58.689724058   51.152292792    7.607908906
    2.189594880   -0.698131701   65.935870575   24.068799153    7.430965370
    2.379994435   -0.698131701   67.754883716   -4.761804335    7.326087739
    2.570393989   -0.698131701   64.395994261  -29.445156269    7.121921415
    2.760793544   -0.698131701   57.101417897  -45.542095068    6.559326553
    2.951193099   -0.698131701   47.765573833  -50.753322938    5.429264952

   -3.141592654   -0.349065850   39.191254791  -50.074271626    3.062065364
   -2.951193099   -0.349065850   30.762920249  -37.670887607    0.038427465
   -2.760793544   -0.349065850   25.089928331  -21.940498744   -3.137785507
   -2.570393989   -0.349065850   22.284421599   -8.360777690   -6.212744894
   -2.379994435   -0.349065850   21.523616973   -0.902034464   -9.097850460
   -2.189594880   -0.349065850   21.485402164   -0.647931552  -11.899193426
   -1.999195325   -0.349065850   20.950003286   -5.533076665  -14.780131069
   -1.808795770   -0.349065850   19.319645785  -11.374755587  -17.705077278
   -1.618396215   -0.349065850   16.845340718  -13.747937666  -20.258698297
   -1.427996661   -0.349065850   14.483025576   -9.959561034  -21.713185141
   -1.237597106   -0.349065850   13.444213583   -0.107720121  -21.352816381
   -1.047197551   -0.349065850   14.659912579   13.076124241  -18.882027269
   -0.856797996   -0.349065850   18.385869061   25.464584469  -14.651807221
   -0.666398442   -0.349065850   24.059631906   32.868655427   -9.564837289
   -0.475998887   -0.349065850   30.417817132   32.306925487   -4.703098633
   -0.285599332   -0.349065850   35.799246447   22.644519522   -0.907784255
   -0.095199777   -0.349065850   38.551843649    5.061938246    1.537562792
    0.095199777   -0.349065850   37.487185041  -16.555549637    2.952276866
    0.285599332   -0.349065850   32.392910257  -36.095213308    4.069632221
    0.475998887   -0.349065850   24.339395482  -46.512437880    5.638252026
    0.666398442   -0.349065850   15.629526849  -42.425876300    8.033353506
    0.856797996   -0.349065850    9.205448634  -22.810248668   11.049970452
    1.047197551   -0.349065850    7.667191865    7.707447580   14.010510818
    1.237597106   -0.349065850   12.286265508   40.158158041   16.144608667
    1.427996661   -0.349065850   22.487430710   64.926406775   16.969937833
    1.618396215   -0.349065850   36.101561524   75.309013092   16.505871771
    1.808795770   -0.349065850   50.139966590   69.506254743   15.169036005
    1.999195325   -0.349065850   61.726345698   50.327654906   13.512644193
    2.189594880   -0.349065850   68.806067029   23.179051797   11.940618557
    2.379994435   -0.349065850   70.448018728   -5.771708048   10.572083050
    2.570393989   -0.349065850   66.856658970  -30.953616077    9.253079638
    2.760793544   -0.349065850   59.190756585  -47.995546225    7.697963405
    2.951193099   -0.349065850   49.276477630  -54.392184046    5.661027900

   -3.141592654    0.000000000   40.300948933  -55.376613394    2.002251309
   -2.951193099    0.000000000   30.811858221  -43.405798241   -0.879904004
   -2.760793544    0.000000000   24.045604387  -27.597822542   -3.715623788
   -2.570393989    0.000000000   20.199753519  -13.596325625   -6.346876380
   -2.379994435    0.000000000   18.485467412   -5.701428321   -8.748744257
   -2.189594880    0.000000000   17.559580046   -5.200705750  -11.022882409
   -1.999195325    0.000000000   16.176312366   -9.843815278  -13.248671460
   -1.808795770    0.000000000   13.786385683  -14.890213119  -15.266688996
   -1.618396215    0.000000000   10.803537101  -15.355613607  -16.588703078
   -1.427996661    0.000000000    8.413362231   -8.474321589  -16.563614124
   -1.237597106    0.000000000    8.000709453    4.984646243  -14.734505561
   -1.047197551    0.000000000   10.487377434   21.122217538  -11.176699966
   -0.856797996    0.000000000   15.894986454   34.725724436   -6.568374145
   -0.666398442    0.000000000   23.276127239   41.193670216   -1.940542097
   -0.475998887    0.000000000   30.988077049   37.988720351    1.777646673
   -0.285599332    0.000000000   37.143538530   25.103035824    4.134327763
   -0.095199777    0.000000000   40.106711442    5.027821114    5.333086311
    0.095199777    0.000000000   38.930672190  -17.359750218    6.102211191
    0.285599332    0.000000000   33.767834888  -35.712759967    7.350652758
    0.475998887    0.000000000   26.014185358  -43.620971258    9.724851280
    0.666398442    0.000000000   18.110623472  -36.967832334   13.273180775
    0.856797996    0.000000000   12.881916683  -16.027377750   17.381975763
    1.047197551    0.000000000   12.610605511   13.891669980   21.035540983
    1.237597106    0.000000000   18.210985578   44.061052857   23.295335929
    1.427996661    0.000000000   28.872247438   65.844361464   23.694789853
    1.618396215    0.000000000   42.401715677   73.651531272   22.386187668
    1.808795770    0.000000000   55.963606893   66.371942809   19.954739012
    1.999195325    0.000000000   66.903974162   46.838861373   17.096975099
    2.189594880    0.000000000   73.341744916   19.987543204   14.319468445
    2.379994435    0.000000000   74.410910694   -8.638064896   11.821786926
    2.570393989    0.000000000   70.274219222  -33.903291165    9.526168491
    2.760793544    0.000000000   61.996539671  -51.548501618    7.226865374
    2.951193099    0.000000000   51.321302217  -58.857029170    4.738537144

   -3.141592654    0.349065850   42.075783290  -59.756022704    1.771051957
   -2.951193099    0.349065850   31.731407353  -47.940289126   -0.044770921
   -2.760793544    0.349065850   24.108228399  -32.008251970   -1.657230257
   -2.570393989    0.349065850   19.449475271  -17.705516834   -3.100721002
   -2.379994435    0.349065850   16.980643633   -9.523789343   -4.477624234
   -2.189594880    0.349065850   15.348121991   -8.792975836   -5.907488510
   -1.999195325    0.349065850   13.315030202  -13.000044232   -7.396009124
   -1.808795770    0.349065850   10.414085896  -16.948376351   -8.705248550
   -1.618396215    0.349065850    7.217756924  -15.379920977   -9.370109059
   -1.427996661    0.349065850    5.076061805   -5.774479043   -8.912842803
   -1.237597106    0.349065850    5.435131266   10.286116642   -7.139854859
   -1.047197551    0.349065850    9.097638722   27.915446120   -4.328517926
   -0.856797996    0.349065850   15.805190601   41.277941756   -1.148447260
   -0.666398442    0.349065850   24.279841143   45.915907542    1.644578881
   -0.475998887    0.349065850   32.648772147   40.131996497    3.588664846
   -0.285599332    0.349065850   38.993742615   25.117505153    4.720438131
   -0.095199777    0.349065850   41.868236238    4.382356370    5.567450300
    0.095199777    0.349065850   40.657311330  -16.772992811    6.906296582
    0.285599332    0.349065850   35.849711223  -32.391305623    9.400372369
    0.475998887    0.349065850   29.032408172  -37.159620084   13.264406473
    0.666398442    0.349065850   22.592089269  -28.338345801   18.084149964
    0.856797996    0.349065850   19.059200581   -7.244804257   22.910539984
    1.047197551    0.349065850   20.296032753   20.609997699   26.608410568
    1.237597106    0.349065850   26.850760662   47.214050885   28.323094975
    1.427996661    0.349065850   37.741105538   65.172983308   27.797894134
    1.618396215    0.349065850   50.840767854   70.026879897   25.405457710
    1.808795770    0.349065850   63.543586517   61.225684385   21.889579264
    1.999195325    0.349065850   73.466702881   41.480607996   18.026966680
    2.189594880    0.349065850   78.929936227   15.187372864   14.362973845
    2.379994435    0.349065850   79.153919925  -12.739941160   11.144661949
    2.570393989    0.349065850   74.282221385  -37.590651387    8.376020764
    2.760793544    0.349065850   65.307350798  -55.251322427    5.955031068
    2.951193099    0.349065850   53.899277014  -62.879405648    3.772006903

   -3.141592654    0.698131701   43.657813708  -61.976284303    0.490898279
   -2.951193099    0.698131701   32.909816077  -49.947329720    0.228407369
   -2.760793544    0.698131701   24.914368537  -33.918354773    0.215046052
   -2.570393989    0.698131701   19.889642476  -19.656831262    0.230072469
   -2.379994435    0.698131701   17.033485559  -11.645775070    0.074454324
   -2.189594880    0.698131701   14.979786784  -11.062803639   -0.371264528
   -1.999195325    0.698131701   12.522860582  -15.095195555   -1.077804363
   -1.808795770    0.698131701    9.286663839  -18.253519247   -1.834091985
   -1.618396215    0.698131701    5.968171855  -15.270900514   -2.318253430
   -1.427996661    0.698131701    4.005211471   -4.018170759   -2.270568599
   -1.237597106    0.698131701    4.826717970   13.256756027   -1.651295177
   -1.047197551    0.698131701    9.095796435   31.126104323   -0.676605196
   -0.856797996    0.698131701   16.351712273   43.671337304    0.326834978
   -0.666398442    0.698131701   25.154976350   46.950111071    1.141750134
   -0.475998887    0.698131701   33.607727189   40.096219116    1.846312359
   -0.285599332    0.698131701   39.925215854   25.086820678    2.813333229
   -0.095199777    0.698131701   42.908298598    5.797517929    4.566698147
    0.095199777    0.698131701   42.205399413  -12.698356066    7.544158435
    0.285599332    0.698131701   38.469659105  -25.220417718   11.845486228
    0.475998887    0.698131701   33.268711625  -27.564240509   17.096613672
    0.666398442    0.698131701   28.757620899  -18.027511152   22.464228716
    0.856797996    0.698131701   27.080194212    1.551420562   26.882635751
    1.047197551    0.698131701   29.686469973   25.938101665   29.408882462
    1.237597106    0.698131701   36.839615979   48.125690955   29.563848927
    1.427996661    0.698131701   47.498378139   61.990465735   27.481301160
    1.618396215    0.698131701   59.700494559   64.049710841   23.787625438
    1.808795770    0.698131701   71.130705328   54.101514557   19.303937823
    1.999195325    0.698131701   79.701340657   34.575659655   14.761746350
    2.189594880    0.698131701   83.937109791    9.275464323   10.641398330
    2.379994435    0.698131701   83.148780624  -17.472883735    7.184387961
    2.570393989    0.698131701   77.476270368  -41.311178134    4.466264268
    2.760793544    0.698131701   67.865798797  -58.253201661    2.486918565
    2.951193099    0.698131701   55.933363292  -65.411206336    1.194167716

   -3.141592654    1.047197551   42.294561925  -62.152017861   -3.861044820
   -2.951193099    1.047197551   31.603422377  -49.224138764   -2.836652008
   -2.760793544    1.047197551   23.793572254  -32.761344884   -1.568391913
   -2.570393989    1.047197551   18.996105958  -18.483984158   -0.392480090
   -2.379994435    1.047197551   16.338235582  -10.765392281    0.473749211
   -2.189594880    1.047197551   14.411291151  -10.612290938    0.946153134
   -1.999195325    1.047197551   12.002166739  -15.016917836    1.050796851
   -1.808795770    1.047197551    8.760669154  -18.348436962    0.881767247
   -1.618396215    1.047197551    5.422899215  -15.361043239    0.548417561
   -1.427996661    1.047197551    3.446133373   -4.096120298    0.123804680
   -1.237597106    1.047197551    4.241032224   13.000804696   -0.354223753
   -1.047197551    1.047197551    8.428249175   30.494943876   -0.833098468
   -0.856797996    1.047197551   15.530442750   42.729329467   -1.158267023
   -0.666398442    1.047197551   24.164238390   46.246436942   -1.043763848
   -0.475998887    1.047197551   32.580136579   40.592807713   -0.108467469
   -0.285599332    1.047197551   39.193769039   27.859492103    1.995806136
   -0.095199777    1.047197551   42.984471890   11.583807189    5.436448294
    0.095199777    1.047197551   43.675482652   -3.922448517   10.090912255
    0.285599332    1.047197551   41.825917915  -14.419920177   15.476179403
    0.475998887    1.047197551   38.737040763  -16.529828467   20.806506916
    0.666398442    1.047197551   36.179097755   -8.901870469   25.143876874
    0.856797996    1.047197551   35.907188610    6.950827357   27.661486650
    1.047197551    1.047197551   39.106683588   26.720835587   27.904205967
    1.237597106    1.047197551   45.983873030   44.586995789   25.924848056
    1.427996661    1.047197551   55.648258371   55.337217958   22.237268132
    1.618396215    1.047197551   66.409350746   55.813456701   17.579194318
    1.808795770    1.047197551   76.229099142   45.595650629   12.646755367
    1.999195325    1.047197551   83.224931454   26.627637376    7.942412064
    2.189594880    1.047197551   86.036281930    2.305276274    3.766933145
    2.379994435    1.047197551   84.031532602  -23.252425137    0.318020939
    2.570393989    1.047197551   77.385164455  -45.729653029   -2.242171386
    2.760793544    1.047197551   67.072964428  -61.188128394   -3.780969090
    2.951193099    1.047197551   54.722742696  -66.865351854   -4.274700520

   -3.141592654    1.396263402   37.811777742  -60.348425846  -10.299972871
   -2.951193099    1.396263402   27.615687665  -45.942232278   -8.877696703
   -2.760793544    1.396263402   20.506205867  -28.824573040   -7.097643809
   -2.570393989    1.396263402   16.460356702  -14.631604562   -5.262341156
   -2.379994435    1.396263402   14.483836819   -7.524369352   -3.518204705
   -2.189594880    1.396263402   13.089812680   -8.289143261   -1.903509486
   -1.999195325    1.396263402   11.022063325  -13.776378466   -0.448136904
   -1.808795770    1.396263402    7.906498280  -18.278832335    0.752435698
   -1.618396215    1.396263402    4.467760174  -16.494269428    1.544231897
   -1.427996661    1.396263402    2.169040688   -6.318950840    1.795671728
   -1.237597106    1.396263402    2.467003258   10.080147866    1.525330500
   -1.047197551    1.396263402    6.091399402   27.651925182    0.979065457
   -0.856797996    1.396263402   12.744458216   41.046591622    0.623320182
   -0.666398442    1.396263402   21.261232839   46.877483502    1.006242358
   -0.475998887    1.396263402   30.089017378   44.383299797    2.583594875
   -0.285599332    1.396263402   37.747793916   35.006138596    5.558767674
   -0.095199777    1.396263402   43.175243153   21.459242392    9.791122065
    0.095199777    1.396263402   45.897886884    7.250799325   14.804831924
    0.285599332    1.396263402   46.146732468   -3.893926150   19.832425244
    0.475998887    1.396263402   44.839571957   -8.651474762   23.973034991
    0.666398442    1.396263402   43.405740917   -5.147150278   26.395737926
    0.856797996    1.396263402   43.407792972    6.097715598   26.594146707
    1.047197551    1.396263402   46.048163015   21.888724141   24.549757999
    1.237597106    1.396263402   51.737556656   37.215512233   20.713904102
    1.427996661    1.396263402   59.885238850   47.013132781   15.825520417
    1.618396215    1.396263402   69.066091498   47.659416186   10.615294336
    1.808795770    1.396263402   77.389612161   38.044689116    5.588111173
    1.999195325    1.396263402   83.003785998   19.634528487    0.989443835
    2.189594880    1.396263402   84.529059166   -4.202239420   -3.082110158
    2.379994435    1.396263402   81.346699265  -29.039850580   -6.510728399
    2.570393989    1.396263402   73.710146995  -50.222032708   -9.098598709
    2.760793544    1.396263402   62.716744841  -63.750455689  -10.623875879
    2.951193099    1.396263402   50.091153633  -67.158700115  -10.986485079

   -3.141592654    1.745329252   31.266148768  -58.427021397  -16.501014229
   -2.951193099    1.745329252   21.594917920  -42.459669120  -15.229296543
   -2.760793544    1.745329252   15.239560496  -24.505930638  -13.397924473
   -2.570393989    1.745329252   12.046453797  -10.079108463  -11.227707330
   -2.379994435    1.745329252   10.924652907   -3.154477221   -8.803846112
   -2.189594880    1.745329252   10.320059814   -4.419762444   -6.143533883
   -1.999195325    1.745329252    8.915280318  -10.749819080   -3.318386740
   -1.808795770    1.745329252    6.266075307  -16.472236759   -0.542032483
   -1.618396215    1.745329252    3.033523314  -16.165197574    1.863062398
   -1.427996661    1.745329252    0.663998194   -7.339700235    3.600967076
   -1.237597106    1.745329252    0.691134276    8.396763097    4.584387790
   -1.047197551    1.745329252    4.024663520   26.493292583    5.031860067
   -0.856797996    1.745329252   10.612958369   41.724198987    5.427608068
   -0.666398442    1.745329252   19.515608669   50.359482720    6.322308645
   -0.475998887    1.745329252   29.298961252   50.904876124    8.104667707
   -0.285599332    1.745329252   38.446998761   43.948298069   10.836701417
   -0.095199777    1.745329252   45.705936741   31.489829128   14.190748717
    0.095199777    1.745329252   50.303255174   16.600720078   17.531212656
    0.285599332    1.745329252   52.123490931    2.985885842   20.049329228
    0.475998887    1.745329252   51.776871139   -5.617532919   21.008248516
    0.666398442    1.745329252   50.502947083   -6.506117147   19.979827981
    0.856797996    1.745329252   49.856031435    0.810426243   17.032670369
    1.047197551    1.745329252   51.213664125   13.960836323   12.721987639
    1.237597106    1.745329252   55.271819091   28.263900175    7.865225481
    1.427996661    1.745329252   61.726372873   38.338798206    3.226029442
    1.618396215    1.745329252   69.335642858   39.855673386   -0.771117048
    1.808795770    1.745329252   76.254430297   31.040226247   -4.114605484
    1.999195325    1.745329252   80.582657572   13.075693339   -7.050621470
    2.189594880    1.745329252   80.885018556  -10.475890536   -9.825663170
    2.379994435    1.745329252   76.553682975  -34.740416774  -12.471164239
    2.570393989    1.745329252   67.936657778  -54.683847671  -14.760378964
    2.760793544    1.745329252   56.268030328  -66.271295384  -16.337765368
    2.951193099    1.745329252   43.378144374  -67.377571010  -16.932922563

   -3.141592654    2.094395102   24.248782951  -57.393882661  -18.830381144
   -2.951193099    2.094395102   14.902727609  -40.149239956  -17.679138017
   -2.760793544    2.094395102    9.078045342  -21.308798963  -15.797964691
   -2.570393989    2.094395102    6.559741532   -6.213530170  -13.337794642
   -2.379994435    2.094395102    6.233564632    1.332276435  -10.380514051
   -2.189594880    2.094395102    6.539691519    0.635257442   -6.975927919
   -1.999195325    2.094395102    6.133185940   -5.394942135   -3.227842172
   -1.808795770    2.094395102    4.492393392  -11.342976396    0.630896304
   -1.618396215    2.094395102    2.167364298  -11.857511589    4.254822947
   -1.427996661    2.094395102    0.511133771   -4.183181655    7.296411570
   -1.237597106    2.094395102    1.042132829   10.595076548    9.568551505
   -1.047197551    2.094395102    4.756901498   28.438355670   11.143477009
   -0.856797996    2.094395102   11.762589421   44.300762403   12.323882638
   -0.666398442    2.094395102   21.270522084   54.198388344   13.466587612
   -0.475998887    2.094395102   31.913258561   56.036780269   14.781288587
   -0.285599332    2.094395102   42.114164683   49.698038917   16.201018209
   -0.095199777    2.094395102   50.432591278   36.633365256   17.360181273
    0.095199777    2.094395102   55.835603633   19.678317528   17.716270078
    0.285599332    2.094395102   57.943844161    2.772995558   16.718326722
    0.475998887    2.094395102   57.194225454   -9.655481580   14.056209024
    0.666398442    2.094395102   54.815440550  -13.906148752    9.841519752
    0.856797996    2.094395102   52.542119474   -8.572507653    4.666105534
    1.047197551    2.094395102   52.068019115    4.407609842   -0.576566285
    1.237597106    2.094395102   54.421257951   20.113756085   -5.036004759
    1.427996661    2.094395102   59.525258360   32.344556961   -8.228893396
    1.618396215    2.094395102   66.187371314   35.795400094  -10.200101817
    1.808795770    2.094395102   72.450038973   28.043469183  -11.412201304
    1.999195325    2.094395102   76.229985671   10.183385368  -12.457887374
    2.189594880    2.094395102   75.944324002  -13.787383821  -13.758543613
    2.379994435    2.094395102   70.946715236  -38.343391934  -15.391390907
    2.570393989    2.094395102   61.663130192  -57.940817920  -17.100556006
    2.760793544    2.094395102   49.467871023  -68.424233079  -18.462958773
    2.951193099    2.094395102   36.313723166  -67.946152096  -19.101985413

   -3.141592654    2.443460953   17.804770018  -57.125914581  -12.571121325
   -2.951193099    2.443460953    8.627609703  -38.652009112  -11.093250200
   -2.760793544    2.443460953    3.209732969  -18.543338309   -9.115708217
   -2.570393989    2.443460953    1.343207732   -2.132511756   -6.755097317
   -2.379994435    2.443460953    1.922002049    6.747519366   -4.055844557
   -2.189594880    2.443460953    3.378564007    7.259262986   -0.981870980
   -1.999195325    2.443460953    4.321199496    2.057061086    2.518072222
   -1.808795770    2.443460953    4.129273357   -3.704080883    6.393675405
   -1.618396215    2.443460953    3.217762201   -4.773029020   10.416489548
   -1.427996661    2.443460953    2.810553809    1.776817019   14.203762614
   -1.237597106    2.443460953    4.352849385   15.254851614   17.350812085
   -1.047197551    2.443460953    8.847721958   32.034834300   19.588817360
   -0.856797996    2.443460953   16.470020056   47.244185271   20.862115323
   -0.666398442    2.443460953   26.499664378   56.741986440   21.267209375
   -0.475998887    2.443460953   37.580382881   58.023681801   20.913176275
   -0.285599332    2.443460953   48.062287716   50.519243595   19.800815420
   -0.095199777    2.443460953   56.357036670   35.410718415   17.774982599
    0.095199777    2.443460953   61.263927288   15.572692250   14.608779712
    0.285599332    2.443460953   62.281094830   -4.586289083   10.153058765
    0.475998887    2.443460953   59.848320932  -19.829535843    4.545540184
    0.666398442    2.443460953   55.365158406  -25.536452155   -1.679843591
    0.856797996    2.443460953   50.890620571  -19.706863694   -7.647471440
    1.047197551    2.443460953   48.496454484   -4.353617922  -12.420956305
    1.237597106    2.443460953   49.502832151   14.820906849  -15.370736574
    1.427996661    2.443460953   53.932071947   30.446205529  -16.413903098
    1.618396215    2.443460953   60.474829513   36.211762074  -16.018480212
    1.808795770    2.443460953   66.916698666   29.269941663  -14.944585609
    1.999195325    2.443460953   70.899908078   10.934721328  -13.912653526
    2.189594880    2.443460953   70.654593904  -14.151781898  -13.349596325
    2.379994435    2.443460953   65.481226136  -39.751388391  -13.311827824
    2.570393989    2.443460953   55.871866736  -59.830680848  -13.556323646
    2.760793544    2.443460953   43.327695661  -70.081901448  -13.710366985
    2.951193099    2.443460953   29.927327295  -68.796305157  -13.442583381

   -3.141592654    2.792526803   15.130085267  -55.550536156    1.002051498
   -2.951193099    2.792526803    6.301986106  -36.581047018    2.924126108
   -2.760793544    2.792526803    1.327094526  -15.973545328    4.777781026
   -2.570393989    2.792526803    0.000000000    0.970931714    6.552538724
   -2.379994435    2.792526803    1.230519290   10.514051449    8.360718255
   -2.189594880    2.792526803    3.483934323   11.892564179   10.442915336
   -1.999195325    2.792526803    5.405127114    7.706771514   13.074039662
   -1.808795770    2.792526803    6.381927634    2.876143356   16.380393629
   -1.618396215    2.792526803    6.780769043    2.308540496   20.178967779
   -1.427996661    2.792526803    7.714929425    8.651541555   23.961428319
   -1.237597106    2.792526803   10.484679423   21.151922250   27.054490867
   -1.047197551    2.792526803   15.958387904   36.339627136   28.873461943
   -0.856797996    2.792526803   24.216778795   49.575208660   29.106939173
   -0.666398442    2.792526803   34.483418003   56.862287642   27.739900241
   -0.475998887    2.792526803   45.359152044   55.707525535   24.939483468
   -0.285599332    2.792526803   55.146991644   45.497222979   20.915748387
   -0.095199777    2.792526803   62.209962551   27.482106686   15.834412232
    0.095199777    2.792526803   65.334782337    4.841844144    9.846905029
    0.285599332    2.792526803   64.091746988  -17.422525291    3.187928012
    0.475998887    2.792526803   59.121538856  -33.360610980   -3.689626244
    0.666398442    2.792526803   52.147120773  -37.825530846  -10.084246118
    0.856797996    2.792526803   45.604616390  -28.847845074  -15.167792553
    1.047197551    2.792526803   41.871794976   -9.154867398  -18.269670175
    1.237597106    2.792526803   42.388114138   14.390376755  -19.159671243
    1.427996661    2.792526803   47.071443226   33.304037655  -18.140519696
    1.618396215    2.792526803   54.340056589   40.703446715  -15.904008323
    1.808795770    2.792526803   61.664620621   33.842274217  -13.205832041
    1.999195325    2.792526803   66.441251984   14.605068118  -10.599553979
    2.189594880    2.792526803   66.779437829  -11.685568571   -8.321467234
    2.379994435    2.792526803   61.974532057  -38.276062630   -6.354072588
    2.570393989    2.792526803   52.586759026  -58.892869106   -4.551561870
    2.760793544    2.792526803   40.207914368  -69.216988260   -2.766475485
    2.951193099    2.792526803   26.994417164  -67.663768753   -0.916328204
