#! FIELDS phi psi file.free der_phi der_psi
#! SET min_phi -pi
#! SET max_phi pi
#! SET nbins_phi  33
#! SET periodic_phi true
#! SET min_psi -pi
#! SET max_psi pi
#! SET nbins_psi  18
#! SET periodic_psi true
   -3.141592654   -3.141592654   18.191604847  -54.429091916   16.649838615
   -2.951193099   -3.141592654    9.522400178  -35.979931024   19.027386027
   -2.760793544   -3.141592654    4.644809517  -15.481423657   20.673577984
   -2.570393989   -3.141592654    3.435065874    1.798535736   21.674987895
   -2.379994435   -3.141592654    4.893533036   12.173875609   22.337789149
   -2.189594880   -3.141592654    7.584984843   14.919081233   23.145853951
   -1.999195325   -3.141592654   10.245953197   12.494332671   24.584075003
   -1.808795770   -3.141592654   12.301481305    9.362264404   26.876625881
   -1.618396215   -3.141592654   14.044934965    9.780798851   29.786688299
   -1.427996661   -3.141592654   16.395055906   15.813857530   32.631373776
   -1.237597106   -3.141592654   20.377384942   26.501166720   34.527306544
   -1.047197551   -3.141592654   26.591754821   38.615690094   34.741138996
   -0.856797996   -3.141592654   34.929903531   48.083227801   32.939295537
   -0.666398442   -3.141592654   44.543719004   51.540717211   29.240792979
   -0.475998887   -3.141592654   54.074736738   47.025579722   24.070663581
   -0.285599332   -3.141592654   61.953017794   34.295192157   17.964822971
   -0.095199777   -3.141592654   66.725546469   14.832456350   11.403507482
    0.095199777   -3.141592654   67.398579210   -8.045041445    4.765622460
    0.285599332   -3.141592654   63.782112912  -29.241681924   -1.621828742
    0.475998887   -3.141592654   56.766369138  -42.816591758   -7.381727697
    0.666398442   -3.141592654   48.303770137  -43.847595949  -12.047509594
    0.856797996   -3.141592654   40.985825518  -30.932872198  -15.143138737
    1.047197551   -3.141592654   37.209329582   -7.635228228  -16.370231264
    1.237597106   -3.141592654   38.271889928   18.401595650  -15.774099077
    1.427996661   -3.141592654   43.839871746   38.371240461  -13.741234439
    1.618396215   -3.141592654   52.077894979   45.704451048  -10.834982657
    1.808795770   -3.141592654   60.305811788   38.329733892   -7.541370999
    1.999195325   -3.141592654   65.893892329   18.704990681   -4.130713446
    2.189594880   -3.141592654   66.997821476   -7.700429162   -0.660469128
    2.379994435   -3.141592654   62.946456323  -34.362720008    2.900029667
    2.570393989   -3.141592654   54.277370703  -55.319271930    6.551919596
    2.760793544   -3.141592654   42.517083724  -66.349187596   10.194879279
    2.951193099   -3.141592654   29.764560292  -65.707794669   13.637523068

   -3.141592654   -2.792526803   25.706374204  -50.080412882   24.656892462
   -2.951193099   -2.792526803   17.705325263  -33.341727904   26.869868227
   -2.760793544   -2.792526803   13.171846760  -14.460115395   28.036656891
   -2.570393989   -2.792526803   12.038065254    1.692643056   28.352862848
   -2.379994435   -2.792526803   13.438196718   11.841137432   28.234257413
   -2.189594880   -2.792526803   16.132653130   15.461094779   28.243107755
   -1.999195325   -2.792526803   19.053087415   14.775752333   28.891348272
   -1.808795770   -2.792526803   21.726097900   13.508980019   30.374027650
   -1.618396215   -2.792526803   24.375260401   14.928256366   32.383980997
   -1.427996661   -2.792526803   27.672115623   20.301899150   34.158224054
   -1.237597106   -2.792526803   32.294695993   28.463198998   34.760468737
   -1.047197551   -2.792526803   38.523402099   36.651296239   33.465970670
   -0.856797996   -2.792526803   46.067406068   41.727383281   30.026207826
   -0.666398442   -2.792526803   54.085556847   41.300727188   24.724239486
   -0.475998887   -2.792526803   61.389580791   34.128259482   18.198219909
   -0.285599332   -2.792526803   66.677798452   20.253395220   11.201596660
   -0.095199777   -2.792526803   68.781912903    1.070591286    4.384667959
    0.095199777   -2.792526803   66.952775870  -20.403102882   -1.795307982
    0.285599332   -2.792526803   61.183531132  -39.380481565   -7.044658605
    0.475998887   -2.792526803   52.496747603  -50.142989017  -11.144615210
    0.666398442   -2.792526803   42.940282544  -47.951273899  -13.892364761
    0.856797996   -2.792526803   35.159138310  -31.689344600  -15.134705093
    1.047197551   -2.792526803   31.535690354   -5.342442683  -14.857651348
    1.237597106   -2.792526803   33.267562226   23.011592536  -13.256777911
    1.427996661   -2.792526803   39.858289200   44.360131785  -10.688071725
    1.618396215   -2.792526803   49.302016071   52.288133941   -7.529928833
    1.808795770   -2.792526803   58.804507529   45.108134395   -4.022985102
    1.999195325   -2.792526803   65.696523984   25.639785306   -0.233396689
    2.189594880   -2.792526803   68.143964234   -0.515468646    3.875309421
    2.379994435   -2.792526803   65.485067172  -26.949364831    8.299385432
    2.570393989   -2.792526803   58.230823534  -47.943092601   12.903246403
    2.760793544   -2.792526803   47.836288600  -59.480107029   17.400208915
    2.951193099   -2.792526803   36.302485066  -59.876701758   21.428921828

   -3.141592654   -2.443460953   34.323278883  -45.593211338   23.001262134
   -2.951193099   -2.443460953   27.001759211  -30.708732471   24.836171893
   -2.760793544   -2.443460953   22.802194576  -13.532139370   25.741523284
   -2.570393989   -2.443460953   21.718563270    1.403936365   25.899048286
   -2.379994435   -2.443460953   23.010282287   11.142713567   25.640476869
   -2.189594880   -2.443460953   25.606615637   15.271792655   25.382486899
   -1.999195325   -2.443460953   28.594213405   15.730165521   25.469523649
   -1.808795770   -2.443460953   31.558250589   15.525677707   25.973397557
   -1.618396215   -2.443460953   34.622589740   17.051531811   26.575157402
   -1.427996661   -2.443460953   38.211416466   20.974016171   26.643362716
   -1.237597106   -2.443460953   42.697306811   26.158036058   25.486498838
   -1.047197551   -2.443460953   48.127754902   30.525255989   22.661850442
   -0.856797996   -2.443460953   54.148841940   31.993952377   18.158380605
   -0.666398442   -2.443460953   60.054531512   29.103752419   12.407801710
   -0.475998887   -2.443460953   64.929752848   21.113033961    6.100024543
   -0.285599332   -2.443460953   67.789391833    8.010493919   -0.037562470
   -0.095199777   -2.443460953   67.730472959   -9.254848585   -5.437355662
    0.095199777   -2.443460953   64.167078342  -28.239812914   -9.777208226
    0.285599332   -2.443460953   57.153927871  -44.615462963  -12.947444109
    0.475998887   -2.443460953   47.707882720  -52.905777328  -14.964143704
    0.666398442   -2.443460953   37.843261314  -48.454785484  -15.877736531
    0.856797996   -2.443460953   30.160138177  -30.188739600  -15.747635959
    1.047197551   -2.443460953   26.985349699   -2.180360552  -14.656474875
    1.237597106   -2.443460953   29.441457356   27.395408563  -12.740746593
    1.427996661   -2.443460953   36.947623685   49.532895304  -10.181396299
    1.618396215   -2.443460953   47.427981202   57.982615078   -7.156251910
    1.808795770   -2.443460953   58.059869901   51.283981005   -3.772024371
    1.999195325   -2.443460953   66.182465894   32.408583061   -0.064667695
    2.189594880   -2.443460953   69.982298737    6.907070944    3.955820285
    2.379994435   -2.443460953   68.789230725  -19.033058902    8.218843128
    2.570393989   -2.443460953   63.056504395  -39.981926298   12.546474359
    2.760793544   -2.443460953   54.133779647  -52.104570397   16.654308595
    2.951193099   -2.443460953   43.898918290  -53.716462579   20.226557547

   -3.141592654   -2.094395102   41.011448178  -41.567314181   14.111283921
   -2.951193099   -2.094395102   34.332279644  -28.013272548   15.332621197
   -2.760793544   -2.094395102   30.517431394  -12.173789112   16.001053626
   -2.570393989   -2.094395102   29.577012482    1.599120806   16.180392308
   -2.379994435   -2.094395102   30.824952827   10.565372394   15.974010835
   -2.189594880   -2.094395102   33.277049531   14.410882728   15.514499906
   -1.999195325   -2.094395102   36.100950199   14.893375798   14.903957024
   -1.808795770   -2.094395102   38.899610945   14.553092883   14.120630237
   -1.618396215   -2.094395102   41.715025800   15.265484710   12.975376034
   -1.427996661   -2.094395102   44.811498077   17.442603468   11.178048676
   -1.237597106   -2.094395102   48.397489095   20.177501861    8.484426030
   -1.047197551   -2.094395102   52.443575589   22.026234536    4.853573093
   -0.856797996   -2.094395102   56.657377261   21.698846001    0.506250441
   -0.666398442   -2.094395102   60.530023667   18.289687198   -4.110738154
   -0.475998887   -2.094395102   63.409736353   11.201377315   -8.477964555
   -0.285599332   -2.094395102   64.558351374    0.105534797  -12.148590912
   -0.095199777   -2.094395102   63.231335320  -14.629954751  -14.862382805
    0.095199777   -2.094395102   58.884117275  -31.145745226  -16.582088009
    0.285599332   -2.094395102   51.518400851  -45.503568541  -17.431165034
    0.475998887   -2.094395102   42.049523277  -52.336392278  -17.608439369
    0.666398442   -2.094395102   32.393418703  -46.884995212  -17.280894209
    0.856797996   -2.094395102   25.081332491  -27.878918614  -16.535365643
    1.047197551   -2.094395102   22.408069617    0.780878964  -15.364306803
    1.237597106   -2.094395102   25.487948173   30.994948459  -13.714437836
    1.427996661   -2.094395102   33.740827810   53.771853398  -11.554522054
    1.618396215   -2.094395102   45.089525990   62.859592389   -8.919881375
    1.808795770   -2.094395102   56.710131139   56.779012260   -5.906062075
    1.999195325   -2.094395102   65.935543397   38.476798523   -2.648936648
    2.189594880   -2.094395102   70.937879684   13.430025874    0.712859043
    2.379994435   -2.094395102   71.013747201  -12.283805337    4.036381296
    2.570393989   -2.094395102   66.561527249  -33.356563705    7.176344160
    2.760793544   -2.094395102   58.857415662  -46.006495608    9.979973868
    2.951193099   -2.094395102   49.704338128  -48.517169008   12.318773541

   -3.141592654   -1.745329252   43.331662527  -39.713612814    5.563962044
   -2.951193099   -1.745329252   36.956532808  -26.682238019    6.082131185
   -2.760793544   -1.745329252   33.344685633  -11.383203595    6.362176406
   -2.570393989   -1.745329252   32.497221841    1.767881600    6.398131269
   -2.379994435   -1.745329252   33.710635023   10.013257242    6.133117951
   -2.189594880   -1.745329252   35.979741898   13.017281330    5.479933902
   -1.999195325   -1.745329252   38.443467654   12.465203782    4.336559803
   -1.808795770   -1.745329252   40.659479875   10.810793767    2.596468237
   -1.618396215   -1.745329252   42.616039023    9.957895781    0.189399327
   -1.427996661   -1.745329252   44.548200342   10.551584843   -2.848880391
   -1.237597106   -1.745329252   46.699209525   12.110098175   -6.334770923
   -1.047197551   -1.745329252   49.160814953   13.621895930   -9.946995430
   -0.856797996   -1.745329252   51.828426956   14.053851249  -13.311058758
   -0.666398442   -1.745329252   54.399641292   12.409421556  -16.080861047
   -0.475998887   -1.745329252   56.381167701    7.713980282  -18.031990554
   -0.285599332   -1.745329252   57.103285033   -0.910273755  -19.092980438
   -0.095199777   -1.745329252   55.786972049  -13.610228665  -19.346786582
    0.095199777   -1.745329252   51.769328026  -28.842492902  -19.009237039
    0.285599332   -1.745329252   44.897826885  -42.745088837  -18.348352121
    0.475998887   -1.745329252   35.942496000  -49.774917775  -17.612277892
    0.666398442   -1.745329252   26.727424280  -44.828150790  -16.932914452
    0.856797996   -1.745329252   19.764296923  -26.220634414  -16.288933992
    1.047197551   -1.745329252   17.401215533    2.465619826  -15.510978008
    1.237597106   -1.745329252   20.845619534   33.208849170  -14.367435562
    1.427996661   -1.745329252   29.600949695   56.854731079  -12.692741580
    1.618396215   -1.745329252   41.624991815   66.835601307  -10.473734585
    1.808795770   -1.745329252   54.068723793   61.374399309   -7.853552244
    1.999195325   -1.745329252   64.197024156   43.286936923   -5.076380561
    2.189594880   -1.745329252   70.105684974   18.073218496   -2.386687196
    2.379994435   -1.745329252   71.028750704   -8.068685551    0.022651564
    2.570393989   -1.745329252   67.326587104  -29.718051405    2.037633471
    2.760793544   -1.745329252   60.256425449  -42.993093491    3.611700810
    2.951193099   -1.745329252   51.619209493  -46.109681286    4.765782217

   -3.141592654   -1.396263402   41.866407884  -40.205999200    3.115409745
   -2.951193099   -1.396263402   35.398146073  -27.150288594    3.006167450
   -2.760793544   -1.396263402   31.709165655  -11.727930837    2.679311993
   -2.570393989   -1.396263402   30.803088278    1.464621442    2.134267417
   -2.379994435   -1.396263402   31.943080051    9.477924178    1.267421032
   -2.189594880   -1.396263402   34.052675996   11.787489657   -0.107063551
   -1.999195325   -1.396263402   36.171412311    9.981615531   -2.193159226
   -1.808795770   -1.396263402   37.759336891    6.651956991   -5.114909716
   -1.618396215   -1.396263402   38.761680041    4.144585693   -8.805215367
   -1.427996661   -1.396263402   39.474223695    3.708459706  -12.936441384
   -1.237597106   -1.396263402   40.310819314    5.361515092  -16.965016851
   -1.047197551   -1.396263402   41.596895862    8.215128618  -20.278573976
   -0.856797996   -1.396263402   43.442879991   10.949407531  -22.399452103
   -0.666398442   -1.396263402   45.676941917   11.978937591  -23.116710867
   -0.475998887   -1.396263402   47.816597883    9.720324242  -22.533129588
   -0.285599332   -1.396263402   49.098618227    2.821991055  -20.991382996
   -0.095199777   -1.396263402   48.582462717   -9.115907223  -18.947355853
    0.095199777   -1.396263402   45.415255085  -24.559591326  -16.853061712
    0.285599332   -1.396263402   39.273487167  -39.471568006  -15.034820487
    0.475998887   -1.396263402   30.807154413  -47.935635413  -13.653343411
    0.666398442   -1.396263402   21.806625199  -44.359165353  -12.683740916
    0.856797996   -1.396263402   14.844392780  -26.559511436  -11.964310629
    1.047197551   -1.396263402   12.408984343    2.187519305  -11.256081524
    1.237597106   -1.396263402   15.874328953   33.803885891  -10.328341436
    1.427996661   -1.396263402   24.865803106   58.750573956   -9.046560461
    1.618396215   -1.396263402   37.370810395   69.920267985   -7.401932800
    1.808795770   -1.396263402   50.473703144   65.087555401   -5.499827717
    1.999195325   -1.396263402   61.313093264   46.922304971   -3.509753260
    2.189594880   -1.396263402   67.858726695   21.042925353   -1.599926967
    2.379994435   -1.396263402   69.257961538   -6.067557563    0.086266474
    2.570393989   -1.396263402   65.841309112  -28.708650042    1.442601351
    2.760793544   -1.396263402   58.883049439  -42.782975899    2.398369878
    2.951193099   -1.396263402   50.232979147  -46.403279484    2.941344803

   -3.141592654   -1.047197551   39.707036952  -42.436847554    3.598404578
   -2.951193099   -1.047197551   32.812858069  -29.340996355    2.529762160
   -2.760793544   -1.047197551   28.735190700  -13.598920235    1.156522161
   -2.570393989   -1.047197551   27.504643788   -0.109931368   -0.420451614
   -2.379994435   -1.047197551   28.345149079    7.809591520   -2.231013751
   -2.189594880   -1.047197551   30.077062910    9.369408863   -4.441029295
   -1.999195325   -1.047197551   31.611939749    6.185212013   -7.264645743
   -1.808795770   -1.047197551   32.324235161    1.267817397  -10.798302799
   -1.618396215   -1.047197551   32.184396513   -2.320733726  -14.852792416
   -1.427996661   -1.047197551   31.653418228   -2.646849083  -18.897717632
   -1.237597106   -1.047197551   31.409711246    0.619075991  -22.192330070
   -1.047197551   -1.047197551   32.049050248    6.316084158  -24.051365408
   -0.856797996   -1.047197551   33.851582948   12.400249652  -24.117074635
   -0.666398442   -1.047197551   36.656468495   16.386544405  -22.485148181
   -0.475998887   -1.047197551   39.834258779   15.988605404  -19.649566660
   -0.285599332   -1.047197551   42.375454811    9.540670693  -16.305409650
   -0.095199777   -1.047197551   43.075578008   -3.261491200  -13.104854085
    0.095199777   -1.047197551   40.866856305  -20.449337813  -10.478743821
    0.285599332   -1.047197551   35.312513020  -37.413400099   -8.530857948
    0.475998887   -1.047197551   27.059993410  -47.654974649   -7.106229546
    0.666398442   -1.047197551   17.997812876  -45.150604580   -5.927080146
    0.856797996   -1.047197551   10.856169063  -27.513475683   -4.772567461
    1.047197551   -1.047197551    8.293227017    1.904995461   -3.568815720
    1.237597106   -1.047197551   11.813265112   34.685563866   -2.369147559
    1.427996661   -1.047197551   21.091649274   60.836520052   -1.273536335
    1.618396215   -1.047197551   34.081863318   72.833508513   -0.321049887
    1.808795770   -1.047197551   47.770988471   68.217637487    0.532627112
    1.999195325   -1.047197551   59.178996668   49.672900395    1.375779407
    2.189594880   -1.047197551   66.176479743   22.980665882    2.264247682
    2.379994435   -1.047197551   67.848344876   -5.162307012    3.155683403
    2.570393989   -1.047197551   64.500905874  -28.883540671    3.903195425
    2.760793544   -1.047197551   57.413613944  -43.930845796    4.308239138
    2.951193099   -1.047197551   48.470988684  -48.277859434    4.220325582

   -3.141592654   -0.698131701   39.448093559  -45.632701717    3.324805995
   -2.951193099   -0.698131701   31.903472778  -32.900132436    1.105444766
   -2.760793544   -0.698131701   27.144446397  -17.147585089   -1.448826595
   -2.570393989   -0.698131701   25.249246274   -3.559792909   -4.095229299
   -2.379994435   -0.698131701   25.423247357    4.184033444   -6.744481814
   -2.189594880   -0.698131701   26.408782436    5.069287651   -9.507147801
   -1.999195325   -0.698131701   27.027995743    0.838620130  -12.587382166
   -1.808795770   -0.698131701   26.629535870   -4.966449698  -16.049356959
   -1.618396215   -0.698131701   25.283154452   -8.552707934  -19.607125972
   -1.427996661   -0.698131701   23.676325956   -7.455098274  -22.602447500
   -1.237597106   -0.698131701   22.766945288   -1.360801489  -24.233739171
   -1.047197551   -0.698131701   23.366019927    7.922590598  -23.923200262
   -0.856797996   -0.698131701   25.804936950   17.345822674  -21.609312894
   -0.666398442   -0.698131701   29.781990438   23.495075983  -17.800727192
   -0.475998887   -0.698131701   34.388404977   23.594172711  -13.369956159
   -0.285599332   -0.698131701   38.296549171   16.068650162   -9.218634792
   -0.095199777   -0.698131701   40.052753601    1.193184649   -5.947896064
    0.095199777   -0.698131701   38.477390180  -18.205038841   -3.696346231
    0.285599332   -0.698131701   33.185305664  -36.749581097   -2.149498132
    0.475998887   -0.698131701   24.991492579  -47.516227311   -0.781303303
    0.666398442   -0.698131701   15.986545948  -44.565502827    0.845078927
    0.856797996   -0.698131701    9.044328081  -25.996446872    2.829512054
    1.047197551   -0.698131701    6.856179423    4.247461780    4.902531547
    1.237597106   -0.698131701   10.863346816   37.343354169    6.621052241
    1.427996661   -0.698131701   20.634940992   63.276816998    7.629112607
    1.618396215   -0.698131701   34.044407157   74.769940181    7.866959857
    1.808795770   -0.698131701   48.052830835   69.652863061    7.561127705
    1.999195325   -0.698131701   59.697730386   50.748701614    7.076387028
    2.189594880   -0.698131701   66.871879721   23.757915401    6.703500700
    2.379994435   -0.698131701   68.653795075   -4.821631335    6.520101366
    2.570393989   -0.698131701   65.307100618  -29.269544306    6.365888576
    2.760793544   -0.698131701   58.054868118  -45.303596967    5.940972228
    2.951193099   -0.698131701   48.751220467  -50.685156373    4.968628404

   -3.141592654   -0.349065850   40.089475968  -50.152850308    2.775505403
   -2.951193099   -0.349065850   31.601492287  -38.190860101   -0.180879515
   -2.760793544   -0.349065850   25.803886555  -22.672332406   -3.359696321
   -2.570393989   -0.349065850   22.865103114   -8.963955344   -6.469328992
   -2.379994435   -0.349065850   22.023674419   -1.108372993   -9.378478083
   -2.189594880   -0.349065850   21.990944304   -0.383308656  -12.163618760
   -1.999195325   -0.349065850   21.541523268   -4.921470501  -14.980547759
   -1.808795770   -0.349065850   20.043439009  -10.626910587  -17.810416485
   -1.618396215   -0.349065850   17.710528564  -13.023329951  -20.274139652
   -1.427996661   -0.349065850   15.478473567   -9.315114479  -21.687853282
   -1.237597106   -0.349065850   14.554057592    0.456760503  -21.372480192
   -1.047197551   -0.349065850   15.865994413   13.513716330  -19.043724160
   -0.856797996   -0.349065850   19.653145092   25.651491399  -15.029672696
   -0.666398442   -0.349065850   25.326326335   32.661529970  -10.185428165
   -0.475998887   -0.349065850   31.601688191   31.654177532   -5.538205819
   -0.285599332   -0.349065850   36.823381265   21.654408288   -1.885342317
   -0.095199777   -0.349065850   39.373344043    3.974625675    0.512192066
    0.095199777   -0.349065850   38.114740068  -17.456882600    1.978211391
    0.285599332   -0.349065850   32.884825198  -36.579623694    3.238838976
    0.475998887   -0.349065850   24.788580465  -46.458123014    5.026519239
    0.666398442   -0.349065850   16.140616867  -41.838422759    7.688810483
    0.856797996   -0.349065850    9.867886276  -21.839261596   10.975545483
    1.047197551   -0.349065850    8.528995681    8.778843581   14.147713511
    1.237597106   -0.349065850   13.333268624   40.978282169   16.371604103
    1.427996661   -0.349065850   23.641664109   65.205949682   17.125693060
    1.618396215   -0.349065850   37.247377838   74.958427635   16.437316083
    1.808795770   -0.349065850   51.170125370   68.699625345   14.785947796
    1.999195325   -0.349065850   62.587601648   49.435541905   12.822891794
    2.189594880   -0.349065850   69.520710719   22.590350369   11.047656529
    2.379994435   -0.349065850   71.098118212   -5.842289956    9.633192061
    2.570393989   -0.349065850   67.539527584  -30.566906998    8.417866822
    2.760793544   -0.349065850   59.968350951  -47.440696255    7.056917344
    2.951193099   -0.349065850   50.146062189  -54.031929386    5.224631502

   -3.141592654    0.000000000   41.138680864  -55.283935893    1.925525411
   -2.951193099    0.000000000   31.608980961  -43.892190349   -0.873508014
   -2.760793544    0.000000000   24.714782443  -28.386271718   -3.720542334
   -2.570393989    0.000000000   20.722093197  -14.271777921   -6.416802402
   -2.379994435    0.000000000   18.917293020   -5.930138063   -8.888899491
   -2.189594880    0.000000000   18.000230909   -4.877700163  -11.201647028
   -1.999195325    0.000000000   16.720900616   -9.110468793  -13.421446552
   -1.808795770    0.000000000   14.487906651  -14.019682554  -15.404800326
   -1.618396215    0.000000000   11.662865057  -14.596369233  -16.703863261
   -1.427996661    0.000000000    9.394576492   -7.962808159  -16.714612277
   -1.237597106    0.000000000    9.052515637    5.222840043  -15.011740904
   -1.047197551    0.000000000   11.558472502   21.094188155  -11.664512430
   -0.856797996    0.000000000   16.934501537   34.427894008   -7.302303783
   -0.666398442    0.000000000   24.232635105   40.627972724   -2.885560279
   -0.475998887    0.000000000   31.814996664   37.216757133    0.719128194
   -0.285599332    0.000000000   37.814710518   24.273695875    3.089844200
   -0.095199777    0.000000000   40.630182315    4.345852164    4.421025623
    0.095199777    0.000000000   39.353923775  -17.698043131    5.406976291
    0.285599332    0.000000000   34.169648176  -35.577754261    6.917302024
    0.475998887    0.000000000   26.489334620  -42.980474177    9.564618280
    0.666398442    0.000000000   18.750094208  -35.901662696   13.367746388
    0.856797996    0.000000000   13.748460402  -14.749557300   17.678485499
    1.047197551    0.000000000   13.713780711   15.039007419   21.437443781
    1.237597106    0.000000000   19.488541051   44.688535036   23.663826648
    1.427996661    0.000000000   30.195265461   65.674608486   23.873466820
    1.618396215    0.000000000   43.612508965   72.679326238   22.246261904
    1.808795770    0.000000000   56.935543399   64.919723766   19.444730118
    1.999195325    0.000000000   67.595272487   45.443679157   16.269916382
    2.189594880    0.000000000   73.814348912   19.157862014   13.320726835
    2.379994435    0.000000000   74.800896068   -8.662323666   10.839116516
    2.570393989    0.000000000   70.728038096  -33.255102342    8.723690034
    2.760793544    0.000000000   62.605093100  -50.648154784    6.693715513
    2.951193099    0.000000000   52.084943661  -58.198099330    4.471574055

   -3.141592654    0.349065850   42.884434786  -59.324464291    1.766054482
   -2.951193099    0.349065850   32.543498433  -48.299477776   -0.004940082
   -2.760793544    0.349065850   24.799567258  -32.835879512   -1.663877095
   -2.570393989    0.349065850   19.977123616  -18.503541379   -3.209151981
   -2.379994435    0.349065850   17.393168784   -9.876903272   -4.700715371
   -2.189594880    0.349065850   15.749937402   -8.547551539   -6.223716836
   -1.999195325    0.349065850   13.810772377  -12.301033092   -7.768434456
   -1.808795770    0.349065850   11.060527493  -16.123210401   -9.105525544
   -1.618396215    0.349065850    8.005995486  -14.756627488   -9.799813852
   -1.427996661    0.349065850    5.946530683   -5.549410504   -9.408468309
   -1.237597106    0.349065850    6.307464798   10.096854488   -7.756746437
   -1.047197551    0.349065850    9.901541139   27.417267368   -5.106097801
   -0.856797996    0.349065850   16.495891121   40.620471646   -2.074748837
   -0.666398442    0.349065850   24.841504918   45.245290317    0.643415282
   -0.475998887    0.349065850   33.091242143   39.576530212    2.628593390
   -0.285599332    0.349065850   39.349897138   24.785958067    3.919086366
   -0.095199777    0.349065850   42.188912850    4.357348121    5.005679120
    0.095199777    0.349065850   41.006017917  -16.444419797    6.611323047
    0.285599332    0.349065850   36.294874121  -31.701703298    9.353088691
    0.475998887    0.349065850   29.639756874  -36.148758597   13.417345105
    0.666398442    0.349065850   23.413968346  -27.117585503   18.375578140
    0.856797996    0.349065850   20.116014553   -6.039954919   23.266554179
    1.047197551    0.349065850   21.553497695   21.452596696   26.937857021
    1.237597106    0.349065850   28.203440420   47.319506594   28.519352612
    1.427996661    0.349065850   39.023258393   64.319559791   27.757497820
    1.618396215    0.349065850   51.873700338   68.320976072   25.060831471
    1.808795770    0.349065850   64.205403488   59.143710948   21.241930949
    1.999195325    0.349065850   73.750213585   39.710837323   17.158816435
    2.189594880    0.349065850   78.955585094   14.329054830   13.418901904
    2.379994435    0.349065850   79.124616086  -12.455054746   10.285512430
    2.570393989    0.349065850   74.400041654  -36.400287507    7.726004521
    2.760793544    0.349065850   65.692617202  -53.737366806    5.565954876
    2.951193099    0.349065850   54.550389631  -61.693139601    3.616955483

   -3.141592654    0.698131701   44.486965534  -61.329564642    0.394025206
   -2.951193099    0.698131701   33.767565820  -50.256743378    0.103238362
   -2.760793544    0.698131701   25.646437460  -34.840459081    0.004533788
   -2.570393989    0.698131701   20.430162810  -20.643024548   -0.097110552
   -2.379994435    0.698131701   17.418836256  -12.222283477   -0.374841447
   -2.189594880    0.698131701   15.312421987  -11.030727654   -0.927119948
   -1.999195325    0.698131701   12.911462506  -14.582436960   -1.712790990
   -1.808795770    0.698131701    9.792227886  -17.602154963   -2.519671340
   -1.618396215    0.698131701    6.581263290  -14.838061487   -3.036587846
   -1.427996661    0.698131701    4.661214740   -4.015206361   -3.017759032
   -1.237597106    0.698131701    5.441258607   12.842903478   -2.430063776
   -1.047197551    0.698131701    9.604779113   30.479228433   -1.478952494
   -0.856797996    0.698131701   16.733838280   43.033703037   -0.464957614
   -0.666398442    0.698131701   25.433023122   46.525808351    0.418822234
   -0.475998887    0.698131701   33.834295028   39.995789194    1.256062372
   -0.285599332    0.698131701   40.164905221   25.324526645    2.399483724
   -0.095199777    0.698131701   43.221450426    6.326105023    4.336642781
    0.095199777    0.698131701   42.641302977  -11.942194913    7.470596727
    0.285599332    0.698131701   39.066764280  -24.282355279   11.882364954
    0.475998887    0.698131701   34.058325939  -26.479617636   17.195771759
    0.666398442    0.698131701   29.761678597  -16.875134363   22.583457488
    0.856797996    0.698131701   28.295018205    2.573817335   26.982528666
    1.047197551    0.698131701   31.057222364   26.493449996   29.444760278
    1.237597106    0.698131701   38.241179296   47.842965305   29.484130254
    1.427996661    0.698131701   48.747681669   60.672864505   27.238566134
    1.618396215    0.698131701   60.609913708   61.868824917   23.359368433
    1.808795770    0.698131701   71.585252799   51.631377701   18.712075241
    1.999195325    0.698131701   79.719801001   32.600773200   14.076174630
    2.189594880    0.698131701   83.680694543    8.447953056    9.961453676
    2.379994435    0.698131701   82.865018433  -16.936398443    6.605030757
    2.570393989    0.698131701   77.402773678  -39.725618094    4.044809206
    2.760793544    0.698131701   68.140000393  -56.310328476    2.227180045
    2.951193099    0.698131701   56.549697801  -63.867321026    1.051629726

   -3.141592654    1.047197551   43.187074767  -61.588333944   -4.147422399
   -2.951193099    1.047197551   32.501253355  -49.689990312   -3.231717693
   -2.760793544    1.047197551   24.531254081  -33.884567494   -2.062816005
   -2.570393989    1.047197551   19.501572427  -19.692792282   -0.967951096
   -2.379994435    1.047197551   16.645511803  -11.568157605   -0.167014878
   -2.189594880    1.047197551   14.623939914  -10.792027041    0.250040466
   -1.999195325    1.047197551   12.233449944  -14.681879257    0.307680311
   -1.808795770    1.047197551    9.079688729  -17.824335407    0.106495066
   -1.618396215    1.047197551    5.830848215  -14.994174218   -0.234976435
   -1.427996661    1.047197551    3.890933991   -4.088895731   -0.635539402
   -1.237597106    1.047197551    4.652958880   12.675668842   -1.054014431
   -1.047197551    1.047197551    8.760894155   30.038402337   -1.439300612
   -0.856797996    1.047197551   15.782485998   42.385421484   -1.643141201
   -0.666398442    1.047197551   24.375867266   46.188199261   -1.393734489
   -0.475998887    1.047197551   32.811677540   40.862306870   -0.331124232
   -0.285599332    1.047197551   39.502405202   28.386144174    1.869392841
   -0.095199777    1.047197551   43.408524485   12.257511844    5.359387532
    0.095199777    1.047197551   44.234771018   -3.177496840   10.015095508
    0.285599332    1.047197551   42.532325934  -13.609247248   15.368173058
    0.475998887    1.047197551   39.606008966  -15.621509614   20.655095101
    0.666398442    1.047197551   37.229138615   -7.916420675   24.957470527
    0.856797996    1.047197551   37.139446303    7.840878308   27.456905882
    1.047197551    1.047197551   40.472441807   27.169281064   27.693482124
    1.237597106    1.047197551   47.360712663   44.200401405   25.708377919
    1.427996661    1.047197551   56.852548957   53.911014186   22.006960662
    1.618396215    1.047197551   67.254231134   53.541878198   17.329924925
    1.808795770    1.047197551   76.606989407   43.096589570   12.387783520
    1.999195325    1.047197551   83.170080620   24.720799736    7.698131733
    2.189594880    1.047197551   85.728887552    1.641185539    3.564289150
    2.379994435    1.047197551   83.733647933  -22.502315713    0.167143162
    2.570393989    1.047197551   77.337675190  -43.947592672   -2.360248080
    2.760793544    1.047197551   67.404065825  -59.124924031   -3.909727183
    2.951193099    1.047197551   55.409097680  -65.305392632   -4.464214086

   -3.141592654    1.396263402   38.707740237  -60.096887824  -10.693772527
   -2.951193099    1.396263402   28.460470108  -46.681212304   -9.425953125
   -2.760793544    1.396263402   21.145435936  -30.149679470   -7.725170646
   -2.570393989    1.396263402   16.835432540  -15.977408676   -5.905784577
   -2.379994435    1.396263402   14.638570347   -8.427422261   -4.147696367
   -2.189594880    1.396263402   13.132534661   -8.553284861   -2.522615214
   -1.999195325    1.396263402   11.069309269  -13.500416377   -1.076330906
   -1.808795770    1.396263402    8.035493663  -17.750256341    0.103466082
   -1.618396215    1.396263402    4.696432277  -16.010980221    0.884236528
   -1.427996661    1.396263402    2.469928399   -6.054092181    1.155935464
   -1.237597106    1.396263402    2.796834880   10.140734630    0.946722657
   -1.047197551    1.396263402    6.423029010   27.647689841    0.495739800
   -0.856797996    1.396263402   13.080392457   41.124068808    0.248902743
   -0.666398442    1.396263402   21.625815822   47.107208250    0.726357442
   -0.475998887    1.396263402   30.509602526   44.735612486    2.357755713
   -0.285599332    1.396263402   38.240124914   35.397601698    5.331178234
   -0.095199777    1.396263402   43.740189378   21.832064936    9.509140482
    0.095199777    1.396263402   46.532551621    7.626935088   14.436881891
    0.285599332    1.396263402   46.860558357   -3.412234713   19.378899769
    0.475998887    1.396263402   45.664012689   -7.950385470   23.464378722
    0.666398442    1.396263402   44.386461928   -4.214299069   25.880874618
    0.856797996    1.396263402   44.574415087    7.071761615   26.124477326
    1.047197551    1.396263402   47.373194174   22.504325123   24.165983548
    1.237597106    1.396263402   53.108435617   37.017792449   20.440570271
    1.427996661    1.396263402   61.117974052   45.755703414   15.672808744
    1.618396215    1.396263402   69.968618491   45.527735433   10.584887948
    1.808795770    1.396263402   77.850032371   35.670398789    5.676581767
    1.999195325    1.396263402   83.054696127   17.847451437    1.183300430
    2.189594880    1.396263402   84.348564132   -4.769153294   -2.817647257
    2.379994435    1.396263402   81.188712067  -28.258846295   -6.239873296
    2.570393989    1.396263402   73.798514394  -48.518808812   -8.907869768
    2.760793544    1.396263402   63.156964729  -61.887744755  -10.596816479
    2.951193099    1.396263402   50.839220626  -65.887174313  -11.172283141

   -3.141592654    1.745329252   32.167076826  -58.622863060  -16.904641705
   -2.951193099    1.745329252   22.373013116  -43.494461433  -15.776828479
   -2.760793544    1.745329252   15.772547106  -25.953444846  -13.976113303
   -2.570393989    1.745329252   12.305335214  -11.417889512  -11.753126206
   -2.379994435    1.745329252   10.970969222   -3.994755520   -9.246244945
   -2.189594880    1.745329252   10.266733893   -4.623353737   -6.520782300
   -1.999195325    1.745329252    8.876237959  -10.429202391   -3.670034798
   -1.808795770    1.745329252    6.317541462  -15.889406024   -0.897842771
   -1.618396215    1.745329252    3.199071386  -15.577948990    1.499930017
   -1.427996661    1.745329252    0.928103528   -6.900764059    3.252202612
   -1.237597106    1.745329252    1.022676398    8.681366995    4.279363735
   -1.047197551    1.745329252    4.400901514   26.702965943    4.785840409
   -0.856797996    1.745329252   11.027063868   41.926463921    5.226403166
   -0.666398442    1.745329252   19.968122173   50.557901666    6.121419339
   -0.475998887    1.745329252   29.784285206   51.044628231    7.843209451
   -0.285599332    1.745329252   38.948443323   43.978634929   10.460477122
   -0.095199777    1.745329252   46.203501009   31.437670335   13.676484343
    0.095199777    1.745329252   50.792208031   16.597551795   16.899072361
    0.285599332    1.745329252   52.631766470    3.230889004   19.359182169
    0.475998887    1.745329252   52.368994230   -4.957057299   20.340805239
    0.666398442    1.745329252   51.262562183   -5.419897823   19.413165113
    0.856797996    1.745329252   50.845857082    2.086162628   16.624434729
    1.047197551    1.745329252   52.428359090   14.962406486   12.503243558
    1.237597106    1.745329252   56.609156131   28.479460880    7.844901487
    1.427996661    1.745329252   63.003823952   37.486641145    3.398636349
    1.618396215    1.745329252   70.357869395   38.104765423   -0.420247576
    1.808795770    1.745329252   76.903523816   29.006103290   -3.611141447
    1.999195325    1.745329252   80.880528038   11.553090759   -6.440066188
    2.189594880    1.745329252   80.990097631  -10.912567354   -9.182263221
    2.379994435    1.745329252   76.688508508  -34.022057239  -11.896893938
    2.570393989    1.745329252   68.285472878  -53.257025150  -14.365642708
    2.760793544    1.745329252   56.898794621  -64.853735295  -16.207315458
    2.951193099    1.745329252   44.223996631  -66.614508815  -17.092556897

   -3.141592654    2.094395102   25.061443412  -58.002512941  -18.955800113
   -2.951193099    2.094395102   15.537061922  -41.350297849  -17.986694981
   -2.760793544    2.094395102    9.458070995  -22.697645133  -16.158835725
   -2.570393989    2.094395102    6.691162180   -7.361176857  -13.655321428
   -2.379994435    2.094395102    6.192420895    0.704635770  -10.612863786
   -2.189594880    2.094395102    6.434957212    0.590088305   -7.129957194
   -1.999195325    2.094395102    6.065918841   -4.985514379   -3.334539985
   -1.808795770    2.094395102    4.528007866  -10.710537161    0.542743970
   -1.618396215    2.094395102    2.326211376  -11.217200803    4.170463921
   -1.427996661    2.094395102    0.780709730   -3.668782012    7.211782525
   -1.237597106    2.094395102    1.394110565   10.955165095    9.477837586
   -1.047197551    2.094395102    5.163843161   28.669127829   11.027005477
   -0.856797996    2.094395102   12.201665470   44.412576638   12.144171626
   -0.666398442    2.094395102   21.717573607   54.165997588   13.178560126
   -0.475998887    2.094395102   32.337180251   55.827571441   14.351569729
   -0.285599332    2.094395102   42.482075980   49.335983693   15.628035342
   -0.095199777    2.094395102   50.725998196   36.249885803   16.685955546
    0.095199777    2.094395102   56.071032820   19.501258620   17.019918264
    0.285599332    2.094395102   58.185130500    3.053877206   16.093584369
    0.475998887    2.094395102   57.546054331   -8.756591613   13.582119693
    0.666398442    2.094395102   55.395342883  -12.434005025    9.561784231
    0.856797996    2.094395102   53.434001833   -6.835638789    4.586951659
    1.047197551    2.094395102   53.274693863    5.885148416   -0.469833276
    1.237597106    2.094395102   55.839549589   20.784589223   -4.755685203
    1.427996661    2.094395102   60.967000103   31.910774362   -7.770925162
    1.618396215    2.094395102   67.448913124   34.410908939   -9.548429338
    1.808795770    2.094395102   73.400840714   26.290898901  -10.560933672
    1.999195325    2.094395102   76.870807308    8.801660155  -11.439371028
    2.189594880    2.094395102   76.400719064  -14.287157822  -12.660605451
    2.379994435    2.094395102   71.398243285  -37.927728529  -14.349589397
    2.570393989    2.094395102   62.249791210  -57.029507601  -16.262941103
    2.760793544    2.094395102   50.225667499  -67.633208427  -17.941098484
    2.951193099    2.094395102   37.168435171  -67.771818359  -18.930284483

   -3.141592654    2.443460953   18.580350100  -58.174054829  -12.634114207
   -2.951193099    2.443460953    9.164759273  -40.041282205  -11.316855870
   -2.760793544    2.443460953    3.479521790  -19.891695198   -9.381027191
   -2.570393989    2.443460953    1.387173656   -3.098389683   -6.973744408
   -2.379994435    2.443460953    1.833248938    6.341907063   -4.187242791
   -2.189594880    2.443460953    3.266316310    7.405706448   -1.027467874
   -1.999195325    2.443460953    4.277528483    2.602533731    2.532701719
   -1.808795770    2.443460953    4.209121780   -2.987701963    6.435796695
   -1.618396215    2.443460953    3.432455461   -4.094294894   10.453268823
   -1.427996661    2.443460953    3.138381948    2.275437950   14.201383744
   -1.237597106    2.443460953    4.752807336   15.518655522   17.272332541
   -1.047197551    2.443460953    9.274387301   32.060421001   19.395052988
   -0.856797996    2.443460953   16.878847587   47.037504663   20.518318551
   -0.666398442    2.443460953   26.847539110   56.313538215   20.758794143
   -0.475998887    2.443460953   37.828442205   57.421037195   20.262400883
   -0.285599332    2.443460953   48.188004216   49.872266489   19.075589131
   -0.095199777    2.443460953   56.372073326   34.944496784   17.081336478
    0.095199777    2.443460953   61.228314696   15.555760420   14.062225418
    0.285599332    2.443460953   62.302844447   -3.936701163    9.839339921
    0.475998887    2.443460953   60.063344971  -18.449180850    4.488859656
    0.666398442    2.443460953   55.901653781  -23.581951368   -1.522451336
    0.856797996    2.443460953   51.824556437  -17.561841494   -7.360298956
    1.047197551    2.443460953   49.814482837   -2.551831771  -12.082893683
    1.237597106    2.443460953   51.089392765   15.775466552  -15.012942871
    1.427996661    2.443460953   55.596737322   30.310071797  -16.005395296
    1.618396215    2.443460953   62.019144531   35.155996084  -15.488098169
    1.808795770    2.443460953   68.212682009   27.831265708  -14.229181721
    1.999195325    2.443460953   71.936773768    9.754293907  -13.005956449
    2.189594880    2.443460953   71.526158380  -14.667921900  -12.326015916
    2.379994435    2.443460953   66.319054727  -39.626327073  -12.310662898
    2.570393989    2.443460953   56.765099700  -59.453772354  -12.733066300
    2.760793544    2.443460953   44.275937729  -69.950675089  -13.179026142
    2.951193099    2.443460953   30.847818457  -69.243625511  -13.235283286

   -3.141592654    2.792526803   15.872897527  -56.893033807    0.760058250
   -2.951193099    2.792526803    6.769728588  -38.061190583    2.603918234
   -2.760793544    2.792526803    1.527297839  -17.242925576    4.478458068
   -2.570393989    2.792526803    0.000000000    0.182129859    6.340159026
   -2.379994435    2.792526803    1.134951690   10.310820755    8.258714954
   -2.189594880    2.792526803    3.401364500   12.213618336   10.438839150
   -1.999195325    2.792526803    5.418865142    8.366452933   13.131486953
   -1.808795770    2.792526803    6.533110340    3.622599379   16.448980880
   -1.618396215    2.792526803    7.062914061    2.913210886   20.201028039
   -1.427996661    2.792526803    8.085094558    8.959402261   23.877885512
   -1.237597106    2.792526803   10.879509080   21.110797235   26.814854281
   -1.047197551    2.792526803   16.313124525   35.974793732   28.447217512
   -0.856797996    2.792526803   24.476122767   48.957249980   28.494685361
   -0.666398442    2.792526803   34.608903191   56.097231159   26.984754007
   -0.475998887    2.792526803   45.336521108   54.951476978   24.131014596
   -0.285599332    2.792526803   54.997402083   44.965428296   20.179642819
   -0.095199777    2.792526803   61.999392910   27.418263262   15.304258867
    0.095199777    2.792526803   65.172502517    5.441594117    9.620760346
    0.285599332    2.792526803   64.113044486  -16.093247400    3.286971291
    0.475998887    2.792526803   59.457425952  -31.412229564   -3.338754147
    0.666398442    2.792526803   52.891384405  -35.539155759   -9.628523388
    0.856797996    2.792526803   46.784459703  -26.627334973  -14.771654304
    1.047197551    2.792526803   43.431976897   -7.445966836  -18.045589366
    1.237597106    2.792526803   44.194615860   15.229836363  -19.119732287
    1.427996661    2.792526803   48.942687255   33.158122865  -18.194696480
    1.618396215    2.792526803   56.103456124   39.786593019  -15.907821846
    1.808795770    2.792526803   63.216191304   32.629824130  -13.035274647
    1.999195325    2.792526803   67.774947680   13.606454196  -10.214299364
    2.189594880    2.792526803   67.967470161  -12.196089467   -7.785666108
    2.379994435    2.792526803   63.107363139  -38.384723703   -5.805377785
    2.570393989    2.792526803   53.709812044  -58.952652888   -4.137694104
    2.760793544    2.792526803   41.292414016  -69.606805836   -2.583785491
    2.951193099    2.792526803   27.955369555  -68.572895547   -0.977463926
