#! FIELDS phi psi file.free der_phi der_psi
#! SET min_phi -pi
#! SET max_phi pi
#! SET nbins_phi  33
#! SET periodic_phi true
#! SET min_psi -pi
#! SET max_psi pi
#! SET nbins_psi  18
#! SET periodic_psi true
   -3.141592654   -3.141592654   19.318865678  -54.472459585   12.458422393
   -2.951193099   -3.141592654   10.337114182  -38.802230185   15.011866144
   -2.760793544   -3.141592654    4.858568398  -18.492811155   17.217839722
   -2.570393989   -3.141592654    3.235810168    0.781670739   19.007921760
   -2.379994435   -3.141592654    4.762816543   13.926037088   20.498759097
   -2.189594880   -3.141592654    7.998541208   18.665384205   21.975150435
   -1.999195325   -3.141592654   11.426102342   16.493587576   23.730005967
   -1.808795770   -3.141592654   14.118911744   11.813240109   25.829824601
   -1.618396215   -3.141592654   16.083355517    9.558573059   27.963737923
   -1.427996661   -3.141592654   18.108720235   12.688740799   29.501295399
   -1.237597106   -3.141592654   21.243630989   20.877740536   29.756713445
   -1.047197551   -3.141592654   26.193271155   31.095437605   28.315310690
   -0.856797996   -3.141592654   32.962020238   39.244943581   25.219567034
   -0.666398442   -3.141592654   40.812769466   42.000170786   20.925914394
   -0.475998887   -3.141592654   48.529001518   37.719596631   16.067308811
   -0.285599332   -3.141592654   54.762214751   26.606618148   11.173575684
   -0.095199777   -3.141592654   58.350012679   10.361775503    6.483179738
    0.095199777   -3.141592654   58.579619154   -8.050613279    1.957062457
    0.285599332   -3.141592654   55.415064198  -24.509981567   -2.537603741
    0.475998887   -3.141592654   49.679415835  -34.332443423   -6.961941970
    0.666398442   -3.141592654   43.026991754  -33.697486796  -10.954241033
    0.856797996   -3.141592654   37.589063517  -21.756939800  -13.898719871
    1.047197551   -3.141592654   35.266118998   -1.869040007  -15.218066228
    1.237597106   -3.141592654   36.971134210   19.293136625  -14.694728324
    1.427996661   -3.141592654   42.237904549   34.520943328  -12.602149156
    1.618396215   -3.141592654   49.429273577   39.038776960   -9.576866652
    1.808795770   -3.141592654   56.365833014   32.041236541   -6.296920416
    1.999195325   -3.141592654   61.052136495   15.993346082   -3.222091574
    2.189594880   -3.141592654   62.137225274   -5.068493613   -0.487121215
    2.379994435   -3.141592654   59.069421520  -26.952932920    2.013817962
    2.570393989   -3.141592654   52.064965826  -45.799298283    4.477267177
    2.760793544   -3.141592654   42.039494916  -58.165173252    7.044623352
    2.951193099   -3.141592654   30.499161893  -61.399137255    9.739387275

   -3.141592654   -2.792526803   25.137612767  -49.103414894   19.140678825
   -2.951193099   -2.792526803   17.088847105  -34.466226187   22.032408071
   -2.760793544   -2.792526803   12.309956206  -15.506492988   24.118910960
   -2.570393989   -2.792526803   11.130452209    2.507104485   25.344466687
   -2.379994435   -2.792526803   12.907978197   14.960688777   25.916290469
   -2.189594880   -2.792526803   16.341197283   19.846446068   26.256388855
   -1.999195325   -2.792526803   20.063497727   18.475453840   26.794702812
   -1.808795770   -2.792526803   23.217359072   14.606964975   27.698330733
   -1.618396215   -2.792526803   25.733000245   12.363153153   28.709816812
   -1.427996661   -2.792526803   28.188473859   14.167202747   29.217863462
   -1.237597106   -2.792526803   31.372701911   19.753928898   28.543687575
   -1.047197551   -2.792526803   35.801845103   26.728208994   26.284218448
   -0.856797996   -2.792526803   41.443685665   31.900488133   22.501095314
   -0.666398442   -2.792526803   47.686558994   32.669017821   17.676492981
   -0.475998887   -2.792526803   53.536469928   27.664489474   12.469059448
   -0.285599332   -2.792526803   57.870145263   16.851727836    7.434417954
   -0.095199777   -2.792526803   59.672741490    1.412976254    2.838177193
    0.095199777   -2.792526803   58.280694631  -16.146771603   -1.333774046
    0.285599332   -2.792526803   53.649448499  -31.812746469   -5.199819237
    0.475998887   -2.792526803   46.612113535  -40.625946349   -8.749454402
    0.666398442   -2.792526803   38.903540676  -38.354708150  -11.715767265
    0.856797996   -2.792526803   32.795779629  -24.002255683  -13.646203579
    1.047197551   -2.792526803   30.314565178   -1.244298111  -14.140297186
    1.237597106   -2.792526803   32.399103941   22.575780993  -13.094652729
    1.427996661   -2.792526803   38.480018869   39.620474474  -10.783638769
    1.618396215   -2.792526803   46.729896215   44.894199787   -7.731068153
    1.808795770   -2.792526803   54.784950375   37.836241548   -4.443981940
    1.999195325   -2.792526803   60.540198139   21.415680840   -1.219346249
    2.189594880   -2.792526803   62.630783187    0.114472483    1.914735093
    2.379994435   -2.792526803   60.552697095  -21.686826031    5.094149903
    2.570393989   -2.792526803   54.579574812  -40.214905878    8.465471939
    2.760793544   -2.792526803   45.649081437  -52.282311512   12.049343134
    2.951193099   -2.792526803   35.236359947  -55.521041338   15.701750197

   -3.141592654   -2.443460953   32.176056968  -43.216031167   19.568553051
   -2.951193099   -2.443460953   25.119622053  -30.032094691   22.157989240
   -2.760793544   -2.443460953   21.016140446  -12.872549934   23.812640297
   -2.570393989   -2.443460953   20.170053997    3.433865247   24.489960172
   -2.379994435   -2.443460953   22.004642665   14.764576186   24.397719981
   -2.189594880   -2.443460953   25.360593180   19.374290034   23.934467598
   -1.999195325   -2.443460953   29.023626655   18.395811642   23.494570363
   -1.808795770   -2.443460953   32.210342717   14.976755225   23.236352592
   -1.618396215   -2.443460953   34.789930863   12.501216893   22.964394740
   -1.427996661   -2.443460953   37.160988787   12.952575971   22.216882579
   -1.237597106   -2.443460953   39.902757189   16.213381822   20.515952980
   -1.047197551   -2.443460953   43.403812300   20.549258916   17.636453719
   -0.856797996   -2.443460953   47.653270785   23.614783099   13.725510615
   -0.666398442   -2.443460953   52.202552383   23.385448259    9.238415980
   -0.475998887   -2.443460953   56.285603731   18.584025870    4.724202168
   -0.285599332   -2.443460953   58.977884457    8.795326673    0.609587652
   -0.095199777   -2.443460953   59.367142117   -5.370283225   -2.933256070
    0.095199777   -2.443460953   56.791600995  -21.840416241   -5.964482808
    0.285599332   -2.443460953   51.158242745  -36.668817583   -8.622925452
    0.475998887   -2.443460953   43.273545308  -44.626057389  -10.945768459
    0.666398442   -2.443460953   34.912314854  -41.111502016  -12.767757549
    0.856797996   -2.443460953   28.440891692  -24.966136296  -13.775372194
    1.047197551   -2.443460953   25.976230812   -0.070630891  -13.679860796
    1.237597106   -2.443460953   28.480381143   25.754826987  -12.395529020
    1.427996661   -2.443460953   35.313936831   44.224905765  -10.111303569
    1.618396215   -2.443460953   44.517492916   50.194409870   -7.206354875
    1.808795770   -2.443460953   53.602773795   43.292403552   -4.055370383
    1.999195325   -2.443460953   60.397041704   26.876195885   -0.882923830
    2.189594880   -2.443460953   63.540131382    5.748424128    2.290737661
    2.379994435   -2.443460953   62.572564870  -15.621009112    5.567759007
    2.570393989   -2.443460953   57.805432280  -33.626530373    9.042714440
    2.760793544   -2.443460953   50.166036799  -45.377546963   12.682169361
    2.951193099   -2.443460953   41.061634438  -48.796087892   16.295496133

   -3.141592654   -2.094395102   38.437623474  -38.036393112   14.262935553
   -2.951193099   -2.094395102   32.244358426  -26.245155885   15.927881100
   -2.760793544   -2.094395102   28.696027436  -10.869029047   16.826366455
   -2.570393989   -2.094395102   28.055781963    3.624651403   16.912894818
   -2.379994435   -2.094395102   29.783058017   13.544169318   16.300881259
   -2.189594880   -2.094395102   32.823674209   17.396917932   15.230892291
   -1.999195325   -2.094395102   36.084438797   16.211117587   13.951983303
   -1.808795770   -2.094395102   38.849095422   12.703031977   12.583130712
   -1.618396215   -2.094395102   40.960730023    9.768297934   11.055429339
   -1.427996661   -2.094395102   42.719470598    9.161820794    9.181321542
   -1.237597106   -2.094395102   44.602702927   10.965366218    6.804895692
   -1.047197551   -2.094395102   46.968129903   13.940231656    3.936437525
   -0.856797996   -2.094395102   49.875232802   16.271507222    0.778765002
   -0.666398442   -2.094395102   53.025286245   16.189806094   -2.344027440
   -0.475998887   -2.094395102   55.815555024   12.317228312   -5.130679413
   -0.285599332   -2.094395102   57.435454662    3.836080513   -7.414222937
   -0.095199777   -2.094395102   57.000629561   -9.108658365   -9.207879037
    0.095199777   -2.094395102   53.800765717  -24.727479091  -10.662010508
    0.285599332   -2.094395102   47.668832276  -39.057315377  -11.935484385
    0.475998887   -2.094395102   39.367328211  -46.588809920  -13.079135240
    0.666398442   -2.094395102   30.691217250  -42.378866957  -13.968607852
    0.856797996   -2.094395102   24.079843768  -25.085541624  -14.350964001
    1.047197551   -2.094395102   21.732067640    1.320522260  -13.963125211
    1.237597106   -2.094395102   24.650209048   28.689758002  -12.670113583
    1.427996661   -2.094395102   32.166766594   48.380534899  -10.548770953
    1.618396215   -2.094395102   42.238263763   55.067789139   -7.856351326
    1.808795770   -2.094395102   52.283735134   48.441875782   -4.903621893
    1.999195325   -2.094395102   60.067997536   32.110997699   -1.932849662
    2.189594880   -2.094395102   64.219673968   11.125600610    0.959962051
    2.379994435   -2.094395102   64.302381877   -9.944400989    3.792533843
    2.570393989   -2.094395102   60.651099851  -27.595930374    6.609719161
    2.760793544   -2.094395102   54.182907325  -39.162246610    9.388319454
    2.951193099   -2.094395102   46.249300601  -42.810597947   12.007538901

   -3.141592654   -1.745329252   41.526659786  -35.915655224    8.189012908
   -2.951193099   -1.745329252   35.658102824  -24.998699808    8.755514581
   -2.760793544   -1.745329252   32.251623059  -10.645577522    8.765648709
   -2.570393989   -1.745329252   31.552258599    2.784437450    8.226250695
   -2.379994435   -1.745329252   33.025309029   11.739643307    7.207858825
   -2.189594880   -1.745329252   35.643591790   14.793402884    5.817742390
   -1.999195325   -1.745329252   38.341639200   12.911305453    4.144709875
   -1.808795770   -1.745329252   40.410521594    8.681157319    2.218673563
   -1.618396215   -1.745329252   41.681796117    4.959484286    0.032435798
   -1.427996661   -1.745329252   42.454200692    3.650365759   -2.384897965
   -1.237597106   -1.745329252   43.248644121    5.136976824   -4.907199031
   -1.047197551   -1.745329252   44.523401296    8.436464762   -7.316560962
   -0.856797996   -1.745329252   46.468875278   11.784185119   -9.383493975
   -0.666398442   -1.745329252   48.899851893   13.172488192  -10.949384584
   -0.475998887   -1.745329252   51.262534891   10.822481459  -11.990731132
   -0.285599332   -1.745329252   52.716148842    3.508357527  -12.611313946
   -0.095199777   -1.745329252   52.283552644   -8.865408924  -12.993649610
    0.095199777   -1.745329252   49.137369215  -24.489633780  -13.337373901
    0.285599332   -1.745329252   43.020107738  -39.169030151  -13.766564901
    0.475998887   -1.745329252   34.662073687  -47.029099441  -14.279328602
    0.666398442   -1.745329252   25.897613812  -42.780561231  -14.721076418
    0.856797996   -1.745329252   19.258118790  -24.881945950  -14.834141830
    1.047197551   -1.745329252   17.050378921    2.656273584  -14.347943153
    1.237597106   -1.745329252   20.353288753   31.395311858  -13.091512318
    1.427996661   -1.745329252   28.507885107   52.309270953  -11.086015562
    1.618396215   -1.745329252   39.409723518   59.762844672   -8.538908138
    1.808795770   -1.745329252   50.378207886   53.348253728   -5.751137328
    1.999195325   -1.745329252   59.082712224   36.815029985   -3.003481721
    2.189594880   -1.745329252   64.095449202   15.449324550   -0.459838449
    2.379994435   -1.745329252   64.965084346   -5.996494477    1.830203150
    2.570393989   -1.745329252   62.033940204  -23.981747840    3.872824968
    2.760793544   -1.745329252   56.221817564  -35.902258294    5.656118640
    2.951193099   -1.745329252   48.867132148  -40.024730312    7.125527350

   -3.141592654   -1.396263402   41.783060678  -36.860602425    5.455325494
   -2.951193099   -1.396263402   35.679383077  -26.505180190    5.277830952
   -2.760793544   -1.396263402   31.948464387  -12.518658385    4.546566664
   -2.570393989   -1.396263402   30.872547889    0.726242746    3.320096151
   -2.379994435   -1.396263402   31.943930886    9.577363130    1.669658238
   -2.189594880   -1.396263402   34.133872948   12.423540833   -0.357778525
   -1.999195325   -1.396263402   36.339802172   10.061139768   -2.754961508
   -1.808795770   -1.396263402   37.798389763    5.092684195   -5.518428321
   -1.618396215   -1.396263402   38.314873014    0.658932709   -8.565851917
   -1.427996661   -1.396263402   38.233594346   -0.900600363  -11.661426839
   -1.237597106   -1.396263402   38.199095875    1.128839595  -14.425119411
   -1.047197551   -1.396263402   38.826230406    5.752936721  -16.446873020
   -0.856797996   -1.396263402   40.424549438   10.854824322  -17.457726314
   -0.666398442   -1.396263402   42.841524733   13.895845565  -17.441012466
   -0.475998887   -1.396263402   45.459291686   12.665923512  -16.645269549
   -0.285599332   -1.396263402   47.312177584    5.737371083  -15.473916198
   -0.095199777   -1.396263402   47.285480813   -6.939894537  -14.329012820
    0.095199777   -1.396263402   44.439411973  -23.316830826  -13.491520095
    0.285599332   -1.396263402   38.460313234  -38.886168217  -13.037050374
    0.475998887   -1.396263402   30.084724000  -47.429310600  -12.856914210
    0.666398442   -1.396263402   21.216322074  -43.372373315  -12.714159879
    0.856797996   -1.396263402   14.498012364  -25.014641190  -12.346354688
    1.047197551   -1.396263402   12.358865741    3.583130958  -11.548354182
    1.237597106   -1.396263402   15.967825365   33.687444922  -10.233218024
    1.427996661   -1.396263402   24.684668130   55.857290117   -8.462932651
    1.618396215   -1.396263402   36.345930482   64.086140237   -6.403633258
    1.808795770   -1.396263402   48.159790243   57.790866326   -4.257221708
    1.999195325   -1.396263402   57.675403274   40.810451489   -2.188747812
    2.189594880   -1.396263402   63.377607635   18.655275340   -0.280263759
    2.379994435   -1.396263402   64.772158058   -3.697782236    1.444434736
    2.570393989   -1.396263402   62.192688007  -22.584526458    2.963794603
    2.760793544   -1.396263402   56.564931100  -35.356272242    4.210752663
    2.951193099   -1.396263402   49.238286413  -40.270314254    5.078796656

   -3.141592654   -1.047197551   40.981224385  -39.224271575    3.891597607
   -2.951193099   -1.047197551   34.369230704  -29.429939489    2.904547500
   -2.760793544   -1.047197551   30.058363293  -15.630042303    1.303242373
   -2.570393989   -1.047197551   28.395733498   -2.298203993   -0.782014425
   -2.379994435   -1.047197551   28.903697132    6.661209893   -3.223878493
   -2.189594880   -1.047197551   30.530194240    9.362400956   -5.958463752
   -1.999195325   -1.047197551   32.110403503    6.497527650   -8.980979811
   -1.808795770   -1.047197551   32.827303587    0.873315869  -12.253678382
   -1.618396215   -1.047197551   32.499026515   -3.896619011  -15.579983516
   -1.427996661   -1.047197551   31.579473257   -4.983290287  -18.549808483
   -1.237597106   -1.047197551   30.893608325   -1.463984661  -20.631235413
   -1.047197551   -1.047197551   31.233063002    5.406013697  -21.384758594
   -0.856797996   -1.047197551   32.995926848   12.894060823  -20.678679202
   -0.666398442   -1.047197551   35.987880989   17.749320934  -18.769880602
   -0.475998887   -1.047197551   39.431572323   17.289139436  -16.212363321
   -0.285599332   -1.047197551   42.147799021   10.009481596  -13.635072718
   -0.095199777   -1.047197551   42.832191310   -3.854612460  -11.506339324
    0.095199777   -1.047197551   40.431116674  -21.740472750  -10.002385593
    0.285599332   -1.047197551   34.619812615  -38.634027776   -8.982870408
    0.475998887   -1.047197551   26.208669524  -47.937785400   -8.133199272
    0.666398442   -1.047197551   17.228422945  -43.924232427   -7.142591967
    0.856797996   -1.047197551   10.455966512  -24.949641137   -5.869908784
    1.047197551   -1.047197551    8.425437843    4.691889614   -4.382715570
    1.237597106   -1.047197551   12.355574427   35.916888268   -2.877505870
    1.427996661   -1.047197551   21.587028336   58.957952974   -1.559207250
    1.618396215   -1.047197551   33.885469428   67.586532404   -0.518635915
    1.808795770   -1.047197551   46.362465572   61.172896636    0.285620514
    1.999195325   -1.047197551   56.478340240   43.681055184    0.981613441
    2.189594880   -1.047197551   62.659930474   20.794604937    1.701641134
    2.379994435   -1.047197551   64.384257640   -2.385685360    2.501040918
    2.570393989   -1.047197551   61.970800234  -22.167478726    3.313631804
    2.760793544   -1.047197551   56.332003017  -35.898778955    3.960944042
    2.951193099   -1.047197551   48.809215052  -41.787025315    4.217857108

   -3.141592654   -0.698131701   40.919864899  -41.830431702    1.984356933
   -2.951193099   -0.698131701   33.724052432  -32.905576630    0.222694023
   -2.760793544   -0.698131701   28.693083571  -19.655947982   -2.190340105
   -2.570393989   -0.698131701   26.235421567   -6.588012705   -5.027582914
   -2.379994435   -0.698131701   25.911566329    2.211008626   -8.072720513
   -2.189594880   -0.698131701   26.668970930    4.659973427  -11.219846704
   -1.999195325   -0.698131701   27.320554401    1.445172623  -14.454246697
   -1.808795770   -0.698131701   27.053824264   -4.337029250  -17.705839703
   -1.618396215   -0.698131701   25.767379219   -8.600972175  -20.691641544
   -1.427996661   -0.698131701   24.079530064   -8.165669732  -22.893327684
   -1.237597106   -0.698131701   23.011140272   -2.169858832  -23.732717643
   -1.047197551   -0.698131701   23.489906552    7.577764577  -22.860328567
   -0.856797996   -0.698131701   25.913583276   17.524203285  -20.372802877
   -0.666398442   -0.698131701   29.936028696   23.714912714  -16.818641615
   -0.475998887   -0.698131701   34.532086500   23.198830060  -12.988760481
   -0.285599332   -0.698131701   38.273658348   14.726569292   -9.600925712
   -0.095199777   -0.698131701   39.697592297   -0.836148340   -7.027356042
    0.095199777   -0.698131701   37.724363373  -20.173394940   -5.208643862
    0.285599332   -0.698131701   32.132219422  -37.749170307   -3.740068615
    0.475998887   -0.698131701   23.896554861  -46.845360324   -2.148629462
    0.666398442   -0.698131701   15.194134034  -42.053991887   -0.168821460
    0.856797996   -0.698131701    8.859498763  -22.285033090    2.089290477
    1.047197551   -0.698131701    7.379221832    7.689554267    4.203475758
    1.237597106   -0.698131701   11.861809041   38.604270226    5.690476496
    1.427996661   -0.698131701   21.537673478   60.885802720    6.260911927
    1.618396215   -0.698131701   34.122258995   68.679875611    5.973355295
    1.808795770   -0.698131701   46.745800995   61.677218505    5.162359432
    1.999195325   -0.698131701   56.930481919   43.956294929    4.263691032
    2.189594880   -0.698131701   63.163324267   21.079187621    3.617724564
    2.379994435   -0.698131701   64.943954844   -2.105468272    3.353453932
    2.570393989   -0.698131701   62.564471813  -22.150786398    3.362651936
    2.760793544   -0.698131701   56.873846065  -36.520888536    3.360009994
    2.951193099   -0.698131701   49.146283924  -43.358153452    2.996321577

   -3.141592654   -0.349065850   41.039805678  -44.901058661    0.300409534
   -2.951193099   -0.349065850   33.141637787  -37.162305975   -1.789297713
   -2.760793544   -0.349065850   27.212256455  -24.753422999   -4.443235213
   -2.570393989   -0.349065850   23.738660256  -12.095557473   -7.425595388
   -2.379994435   -0.349065850   22.351407775   -3.423037136  -10.514163867
   -2.189594880   -0.349065850   22.031920349   -1.010790662  -13.593073526
   -1.999195325   -0.349065850   21.607030034   -4.152732688  -16.609305337
   -1.808795770   -0.349065850   20.312542875   -9.421704829  -19.409664495
   -1.618396215   -0.349065850   18.174030584  -12.288887484  -21.612672689
   -1.427996661   -0.349065850   16.002275333   -9.392003804  -22.659497350
   -1.237597106   -0.349065850   14.997269998   -0.215738396  -22.061135792
   -1.047197551   -0.349065850   16.151015585   12.618588369  -19.696123133
   -0.856797996   -0.349065850   19.754674520   24.647844008  -15.951591023
   -0.666398442   -0.349065850   25.209498176   31.359981563  -11.605411858
   -0.475998887   -0.349065850   31.187813343   29.852119038   -7.506362844
   -0.285599332   -0.349065850   36.024077192   19.491991982   -4.229381275
   -0.095199777   -0.349065850   38.169152178    2.036690295   -1.851671478
    0.095199777   -0.349065850   36.622459600  -18.387743043    0.022402124
    0.285599332   -0.349065850   31.358484597  -35.901039903    2.033210597
    0.475998887   -0.349065850   23.557446574  -44.029582214    4.678118428
    0.666398442   -0.349065850   15.504976557  -38.098218718    7.992602317
    0.856797996   -0.349065850    9.987762913  -17.842263995   11.449543347
    1.047197551   -0.349065850    9.312923124   11.495922573   14.182793797
    1.237597106   -0.349065850   14.377282789   40.767377709   15.429558689
    1.427996661   -0.349065850   24.272754535   61.030225071   14.902015829
    1.618396215   -0.349065850   36.716737153   67.169494918   12.918990797
    1.808795770   -0.349065850   48.959908795   59.352159051   10.196688386
    1.999195325   -0.349065850   58.695369518   41.692447191    7.511909456
    2.189594880   -0.349065850   64.549840465   19.424494525    5.396929543
    2.379994435   -0.349065850   66.082611688   -3.084877595    4.017674501
    2.570393989   -0.349065850   63.554812834  -22.816725416    3.202444194
    2.760793544   -0.349065850   57.719460099  -37.480475829    2.577069303
    2.951193099   -0.349065850   49.732945940  -45.206668012    1.718594137

   -3.141592654    0.000000000   41.144885393  -47.806697336   -0.827621023
   -2.951193099    0.000000000   32.591502076  -41.088539306   -2.564697137
   -2.760793544    0.000000000   25.837442653  -29.411607532   -4.684174554
   -2.570393989    0.000000000   21.439801003  -17.076613102   -7.043673349
   -2.379994435    0.000000000   19.098816512   -8.422532053   -9.505328323
   -2.189594880    0.000000000   17.839696193   -5.855023300  -11.984284079
   -1.999195325    0.000000000   16.524968557   -8.590236818  -14.380899925
   -1.808795770    0.000000000   14.466910739  -12.874313800  -16.444157387
   -1.618396215    0.000000000   11.834597203  -13.859741539  -17.723842134
   -1.427996661    0.000000000    9.613359938   -8.231343516  -17.706426317
   -1.237597106    0.000000000    9.117855567    3.946598664  -16.089009405
   -1.047197551    0.000000000   11.307686927   19.156461323  -13.011703450
   -0.856797996    0.000000000   16.275819716   32.171912356   -9.070994783
   -0.666398442    0.000000000   23.129335090   38.281912917   -5.088077344
   -0.475998887    0.000000000   30.272720432   35.040845774   -1.748036432
   -0.285599332    0.000000000   35.907117598   22.731834056    0.684022938
   -0.095199777    0.000000000   38.536564331    4.066681788    2.469328921
    0.095199777    0.000000000   37.365752946  -16.232048458    4.243828000
    0.285599332    0.000000000   32.628584916  -32.361115933    6.691386317
    0.475998887    0.000000000   25.681673478  -38.608514109   10.143209317
    0.666398442    0.000000000   18.798504295  -31.452470626   14.315899160
    0.856797996    0.000000000   14.541722420  -11.585653178   18.334578264
    1.047197551    0.000000000   14.873456305   15.524717563   21.087816041
    1.237597106    0.000000000   20.390601655   41.381944076   21.753399033
    1.427996661    0.000000000   30.068723490   58.242664608   20.172201819
    1.618396215    0.000000000   41.739109676   62.079311295   16.895641764
    1.808795770    0.000000000   52.919462439   53.549134097   12.872453666
    1.999195325    0.000000000   61.595315233   36.551172741    9.033697149
    2.189594880    0.000000000   66.597097013   15.672247405    5.969321911
    2.379994435    0.000000000   67.553532164   -5.439592940    3.842281157
    2.570393989    0.000000000   64.672398786  -24.285952787    2.465938333
    2.760793544    0.000000000   58.581724064  -38.820411989    1.476070459
    2.951193099    0.000000000   50.294829204  -47.121697464    0.478396838

   -3.141592654    0.349065850   41.700717019  -49.304694689   -1.087915145
   -2.951193099    0.349065850   32.789107011  -43.333985643   -1.948264892
   -2.760793544    0.349065850   25.538159279  -32.349097714   -2.973134212
   -2.570393989    0.349065850   20.528551774  -20.534538109   -4.186402557
   -2.379994435    0.349065850   17.492932069  -12.231516476   -5.601026304
   -2.189594880    0.349065850   15.490887577   -9.802755856   -7.201650452
   -1.999195325    0.349065850   13.442475234  -12.250380676   -8.864948297
   -1.808795770    0.349065850   10.771013463  -15.512165079  -10.281687538
   -1.618396215    0.349065850    7.802876116  -14.613386457  -11.001546196
   -1.427996661    0.349065850    5.667825513   -6.526655715  -10.618916349
   -1.237597106    0.349065850    5.729156681    8.000167218   -9.007521358
   -1.047197551    0.349065850    8.850999081   24.693986626   -6.438718913
   -0.856797996    0.349065850   14.912696859   37.896302506   -3.487250909
   -0.666398442    0.349065850   22.778998261   43.047669378   -0.769551040
   -0.475998887    0.349065850   30.692459567   38.345895660    1.352571640
   -0.285599332    0.349065850   36.839998164   24.943435488    2.931638838
   -0.095199777    0.349065850   39.867563106    6.250556166    4.422926355
    0.095199777    0.349065850   39.212838152  -12.797184608    6.473650671
    0.285599332    0.349065850   35.321573298  -26.844845289    9.590759925
    0.475998887    0.349065850   29.618873782  -31.190930106   13.812507298
    0.666398442    0.349065850   24.231034629  -23.480229759   18.544952968
    0.856797996    0.349065850   21.383599377   -5.132140556   22.694508957
    1.047197551    0.349065850   22.642076391   18.544742556   25.092545844
    1.237597106    0.349065850   28.326179435   40.082407193   25.016596735
    1.427996661    0.349065850   37.375272070   53.136086836   22.507182394
    1.618396215    0.349065850   47.831500657   54.749215233   18.314620301
    1.808795770    0.349065850   57.557198795   45.903958015   13.515882717
    1.999195325    0.349065850   64.871322007   30.081828229    9.076439109
    2.189594880    0.349065850   68.815953757   11.092040220    5.557054423
    2.379994435    0.349065850   69.081905854   -8.172375830    3.085651122
    2.570393989    0.349065850   65.816580208  -25.699011999    1.481284779
    2.760793544    0.349065850   59.524091123  -39.648993293    0.442443407
    2.951193099    0.349065850   51.078756347  -48.052166884   -0.336277892

   -3.141592654    0.698131701   42.121456588  -49.506893813   -1.845147294
   -2.951193099    0.698131701   33.152656708  -43.748072300   -1.839610723
   -2.760793544    0.698131701   25.781350409  -33.220683901   -1.751515903
   -2.570393989    0.698131701   20.548281591  -22.027194210   -1.754119548
   -2.379994435    0.698131701   17.164108650  -14.390603148   -2.011042063
   -2.189594880    0.698131701   14.699484058  -12.447680729   -2.607067298
   -1.999195325    0.698131701   12.137959810  -14.884545360   -3.465914063
   -1.808795770    0.698131701    9.024485274  -17.385811095   -4.317615670
   -1.618396215    0.698131701    5.830958752  -15.008967615   -4.789033037
   -1.427996661    0.698131701    3.791693104   -5.123745491   -4.584248172
   -1.237597106    0.698131701    4.273073378   10.901729851   -3.649522905
   -1.047197551    0.698131701    8.029301330   28.292170134   -2.205094794
   -0.856797996    0.698131701   14.767436916   41.261163746   -0.611978570
   -0.666398442    0.698131701   23.202005814   45.604300900    0.834656648
   -0.475998887    0.698131701   31.524412714   40.149626835    2.086031082
   -0.285599332    0.698131701   37.995204542   26.692770538    3.379922212
   -0.095199777    0.698131701   41.433793186    9.007650675    5.152982199
    0.095199777    0.698131701   41.478706327   -8.082584988    7.840718777
    0.285599332    0.698131701   38.703640002  -19.861626159   11.613483157
    0.475998887    0.698131701   34.499236933  -22.650522741   16.176465097
    0.666398442    0.698131701   30.756568597  -15.095178560   20.732737791
    0.856797996    0.698131701   29.318873281    0.927585090   24.199403812
    1.047197551    0.698131701   31.363116050   20.525711125   25.619421440
    1.237597106    0.698131701   36.979835592   37.425776824   24.569003876
    1.427996661    0.698131701   45.138384835   46.687779349   21.341035455
    1.618396215    0.698131701   54.145311488   46.311825702   16.784389408
    1.808795770    0.698131701   62.233564924   37.439621109   11.916377249
    1.999195325    0.698131701   68.052172615   23.005490847    7.550988475
    2.189594880    0.698131701   70.835410738    6.007800197    4.100594928
    2.379994435    0.698131701   70.320619744  -11.345563255    1.620824192
    2.570393989    0.698131701   66.599436468  -27.396705660   -0.038736711
    2.760793544    0.698131701   60.081401430  -40.404661536   -1.066777646
    2.951193099    0.698131701   51.542587611  -48.340014267   -1.627311563

   -3.141592654    1.047197551   40.817386385  -49.651732077   -5.509563707
   -2.951193099    1.047197551   31.879671403  -43.292902159   -5.155346497
   -2.760793544    1.047197551   24.629552191  -32.451911257   -4.401731387
   -2.570393989    1.047197551   19.545606382  -21.286109658   -3.486531063
   -2.379994435    1.047197551   16.273930645  -13.989967733   -2.659186515
   -2.189594880    1.047197551   13.840051099  -12.527795555   -2.102383262
   -1.999195325    1.047197551   11.225855150  -15.310806503   -1.863984910
   -1.808795770    1.047197551    8.026702689  -17.785675434   -1.842042730
   -1.618396215    1.047197551    4.793043496  -14.973317674   -1.850946528
   -1.427996661    1.047197551    2.821514419   -4.444562256   -1.725877633
   -1.237597106    1.047197551    3.487993914   12.113983285   -1.397102301
   -1.047197551    1.047197551    7.501904367   29.722232692   -0.884709542
   -0.856797996    1.047197551   14.509590246   42.630058239   -0.220464774
   -0.666398442    1.047197551   23.197702386   46.934327117    0.627719867
   -0.475998887    1.047197551   31.798683754   41.838874503    1.794001418
   -0.285599332    1.047197551   38.678422376   29.417154153    3.483143039
   -0.095199777    1.047197551   42.788980084   13.439428794    5.889843734
    0.095199777    1.047197551   43.866839710   -1.666458729    9.092041663
    0.285599332    1.047197551   42.474205802  -11.900289129   12.912818284
    0.475998887    1.047197551   39.838539490  -14.409547835   16.860136384
    0.666398442    1.047197551   37.549962521   -8.385592748   20.181737870
    0.856797996    1.047197551   37.103032129    4.385512586   22.088689728
    1.047197551    1.047197551   39.413035614   19.798260401   22.059556304
    1.237597106    1.047197551   44.504140724   32.778116617   20.056454667
    1.427996661    1.047197551   51.500661974   39.404949748   16.552383523
    1.618396215    1.047197551   59.005190654   38.090592442   12.308789424
    1.808795770    1.047197551   65.558018338   29.723391225    8.063712528
    1.999195325    1.047197551   70.024028545   16.583972799    4.305289921
    2.189594880    1.047197551   71.724598229    1.046632320    1.209166538
    2.379994435    1.047197551   70.390565727  -15.034094022   -1.250687690
    2.570393989    1.047197551   66.068706684  -30.045630569   -3.152738090
    2.760793544    1.047197551   59.132823308  -42.156787976   -4.516929515
    2.951193099    1.047197551   50.339657612  -49.252257845   -5.312654067

   -3.141592654    1.396263402   37.009795747  -50.226736169  -10.582286185
   -2.951193099    1.396263402   28.115230978  -42.277994280  -10.483089219
   -2.760793544    1.396263402   21.186438904  -30.174132722   -9.613965427
   -2.570393989    1.396263402   16.610896170  -18.334501185   -8.153320072
   -2.379994435    1.396263402   13.911779118  -11.032318560   -6.344598464
   -2.189594880    1.396263402   11.997704098  -10.094487195   -4.442656824
   -1.999195325    1.396263402    9.773984352  -13.661432318   -2.663814308
   -1.808795770    1.396263402    6.813648830  -16.906277707   -1.160140845
   -1.618396215    1.396263402    3.687962650  -14.683142103   -0.016475088
   -1.427996661    1.396263402    1.734798877   -4.508204099    0.749490626
   -1.237597106    1.396263402    2.375379518   11.935904617    1.199314108
   -1.047197551    1.396263402    6.367520494   29.715907492    1.483510977
   -0.856797996    1.396263402   13.418861011   43.155982181    1.835427254
   -0.666398442    1.396263402   22.291765883   48.415048366    2.515065411
   -0.475998887    1.396263402   31.296930214   44.652658098    3.744943692
   -0.285599332    1.396263402   38.857757469   33.761478874    5.653810280
   -0.095199777    1.396263402   43.934874373   19.201273825    8.236371968
    0.095199777    1.396263402   46.204720156    4.965630308   11.336272650
    0.285599332    1.396263402   46.082988011   -5.376683818   14.597733748
    0.475998887    1.396263402   44.580450247   -9.251838554   17.487841936
    0.666398442    1.396263402   43.048559297   -5.762389823   19.389034429
    0.856797996    1.396263402   42.803003389    3.842737344   19.800539878
    1.047197551    1.396263402   44.715711118   16.268612098   18.540956812
    1.237597106    1.396263402   48.920890127   27.205432735   15.827920989
    1.427996661    1.396263402   54.762514185   33.055755543   12.206727170
    1.618396215    1.396263402   61.071928776   32.016386138    8.310118867
    1.808795770    1.396263402   66.539058906   24.422886816    4.619540590
    1.999195325    1.396263402   70.067826347   11.993714676    1.349507593
    2.189594880    1.396263402   70.935631254   -3.167187592   -1.521673950
    2.379994435    1.396263402   68.813361448  -19.116787720   -4.100525957
    2.570393989    1.396263402   63.729554883  -33.915988762   -6.429461096
    2.760793544    1.396263402   56.106625397  -45.412565972   -8.413115312
    2.951193099    1.396263402   46.793005103  -51.361376471   -9.861899323

   -3.141592654    1.745329252   31.541999878  -51.853017894  -15.352692632
   -2.951193099    1.745329252   22.531249606  -41.847999325  -15.690879293
   -2.760793544    1.745329252   15.875817189  -27.785475248  -14.903430757
   -2.570393989    1.745329252   11.907502332  -14.446584235  -13.083458245
   -2.379994435    1.745329252   10.036997724   -6.344661288  -10.449110875
   -2.189594880    1.745329252    9.030670403   -5.373368123   -7.298551746
   -1.999195325    1.745329252    7.653990516   -9.586068857   -3.965307585
   -1.808795770    1.745329252    5.368388748  -13.952554264   -0.788409522
   -1.618396215    1.745329252    2.681545284  -13.032935749    1.925715254
   -1.427996661    1.745329252    0.930223627   -3.983805736    3.958601144
   -1.237597106    1.745329252    1.603975529   11.861522036    5.246781259
   -1.047197551    1.745329252    5.585423781   29.805152510    5.916066268
   -0.856797996    1.745329252   12.730896120   44.157556550    6.258963451
   -0.666398442    1.745329252   21.923789709   50.816569166    6.631536646
   -0.475998887    1.745329252   31.528756539   48.520818433    7.330395308
   -0.285599332    1.745329252   39.942054654   38.750922558    8.493347784
   -0.095199777    1.745329252   46.026415008   24.668283645   10.040723654
    0.095199777    1.745329252   49.316811097   10.069628099   11.695041568
    0.285599332    1.745329252   50.061130023   -1.529444083   13.020719922
    0.475998887    1.745329252   49.108212734   -7.439285755   13.558831297
    0.666398442    1.745329252   47.690750653   -6.399757772   12.983890312
    0.856797996    1.745329252   47.095558697    0.889679953   11.262295863
    1.047197551    1.745329252   48.275193517   11.667063139    8.688208628
    1.237597106    1.745329252   51.524027564   21.925827318    5.760061380
    1.427996661    1.745329252   56.366577469   27.954628127    2.981595737
    1.618396215    1.745329252   61.760174053   27.523377139    0.645051444
    1.808795770    1.745329252   66.427489982   20.468563544   -1.255854130
    1.999195325    1.745329252   69.223394734    8.172918370   -2.958486929
    2.189594880    1.745329252   69.340593699   -7.285124462   -4.775630267
    2.379994435    1.745329252   66.388845495  -23.704264293   -6.914132512
    2.570393989    1.745329252   60.401621913  -38.740531101   -9.355050781
    2.760793544    1.745329252   51.882037698  -49.881371317  -11.842653749
    2.951193099    1.745329252   41.809389055  -54.726952779  -13.977748721

   -3.141592654    2.094395102   25.418762253  -54.328706007  -16.278826966
   -2.951193099    2.094395102   16.132923110  -42.214919521  -16.712878430
   -2.760793544    2.094395102    9.621826549  -25.921404594  -15.845700643
   -2.570393989    2.094395102    6.206896122  -10.557688327  -13.698327580
   -2.379994435    2.094395102    5.235061009   -0.887889666  -10.467008195
   -2.189594880    2.094395102    5.368813890    1.029446345   -6.474697712
   -1.999195325    2.094395102    5.244623698   -2.960172855   -2.118967309
   -1.808795770    2.094395102    4.182878414   -7.841273147    2.161311219
   -1.618396215    2.094395102    2.560496379   -8.048423812    5.931577998
   -1.427996661    2.094395102    1.623246489   -0.442857475    8.834287288
   -1.237597106    2.094395102    2.837699333   14.039680014   10.684315984
   -1.047197551    2.094395102    7.138412915   31.072016861   11.531327763
   -0.856797996    2.094395102   14.488313812   45.135399368   11.646233304
   -0.666398442    2.094395102   23.885370012   52.043276928   11.406368242
   -0.475998887    2.094395102   33.769727085   50.229739106   11.143483134
   -0.285599332    2.094395102   42.545078459   40.771451718   11.011045686
   -0.095199777    2.094395102   49.004219236   26.470473199   10.916779803
    0.095199777    2.094395102   52.557706279   10.897757110   10.569358976
    0.285599332    2.094395102   53.309289759   -2.377958271    9.584947908
    0.475998887    2.094395102   52.004675030  -10.301496828    7.693830696
    0.666398442    2.094395102   49.867089596  -10.997492530    4.913414024
    0.856797996    2.094395102   48.295620360   -4.571836394    1.628045330
    1.047197551    2.094395102   48.443592804    6.483844393   -1.535140514
    1.237597106    2.094395102   50.811099157   17.973333709   -3.977922716
    1.427996661    2.094395102   55.051600173   25.586143260   -5.387878397
    1.618396215    2.094395102   60.122320810   26.394812879   -5.870801738
    1.808795770    2.094395102   64.629297296   19.760752568   -5.869082079
    1.999195325    2.094395102   67.255325906    6.958894727   -5.949952101
    2.189594880    2.094395102   67.036792620   -9.669286424   -6.583028910
    2.379994435    2.094395102   63.501338589  -27.426777957   -7.988366187
    2.570393989    2.094395102   56.703275344  -43.426387837  -10.077581370
    2.760793544    2.094395102   47.260123796  -54.738537068  -12.498376806
    2.951193099    2.094395102   36.321052983  -58.804707406  -14.741108550

   -3.141592654    2.443460953   19.888796412  -56.933677626  -10.484242598
   -2.951193099    2.443460953   10.297060445  -42.743285793  -10.211151744
   -2.760793544    2.443460953    3.918732640  -23.978002221   -8.913271282
   -2.570393989    2.443460953    1.112669331   -6.140082884   -6.630898873
   -2.379994435    2.443460953    1.191038095    5.635607789   -3.519526527
   -2.189594880    2.443460953    2.716496443    8.990979704    0.212035362
   -1.999195325    2.443460953    4.176837218    5.561061291    4.326212749
   -1.808795770    2.443460953    4.713679121    0.266794307    8.523782122
   -1.618396215    2.443460953    4.523268382   -1.249518485   12.415527944
   -1.427996661    2.443460953    4.704352072    4.433346091   15.555593927
   -1.237597106    2.443460953    6.646612736   16.815828723   17.560857180
   -1.047197551    2.443460953   11.295529371   32.030951064   18.254880685
   -0.856797996    2.443460953   18.700770879   44.858597750   17.745868279
   -0.666398442    2.443460953   27.978053744   51.142401683   16.372043853
   -0.475998887    2.443460953   37.664263198   49.073133552   14.542294006
   -0.285599332    2.443460953   46.197089396   39.328019340   12.543686071
   -0.095199777    2.443460953   52.323688902   24.327472003   10.409133327
    0.095199777    2.443460953   55.353740798    7.439664428    7.935654174
    0.285599332    2.443460953   55.283471135   -7.590013134    4.832479208
    0.475998887    2.443460953   52.823532470  -17.145793233    0.987175777
    0.666398442    2.443460953   49.291430145  -18.586615373   -3.336599323
    0.856797996    2.443460953   46.315284447  -11.463266725   -7.478916697
    1.047197551    2.443460953   45.333562379    1.718256293  -10.628381791
    1.237597106    2.443460953   47.064718843   16.111935944  -12.195789404
    1.427996661    2.443460953   51.216645104   26.403576738  -12.085303230
    1.618396215    2.443460953   56.616165616   28.809254863  -10.735312677
    1.808795770    2.443460953   61.620355306   22.337033502   -8.892145291
    1.999195325    2.443460953   64.648826197    8.444633688   -7.302695502
    2.189594880    2.443460953   64.546908716   -9.996240910   -6.471844781
    2.379994435    2.443460953   60.763887089  -29.660568041   -6.567692173
    2.570393989    2.443460953   53.390763575  -47.118813760   -7.436306661
    2.760793544    2.443460953   43.169495502  -59.057741577   -8.699615961
    2.951193099    2.443460953   31.427339376  -62.745881823   -9.871230175

   -3.141592654    2.792526803   17.683998609  -56.926145551   -0.263780815
   -2.951193099    2.792526803    8.208045299  -41.515460043    1.075702897
   -2.760793544    2.792526803    2.192391682  -21.404542393    2.884471078
   -2.570393989    2.792526803    0.000000000   -2.292455893    5.108371908
   -2.379994435    2.792526803    0.919044373   10.583335654    7.694288431
   -2.189594880    2.792526803    3.474168976   14.815996138   10.634939873
   -1.999195325    2.792526803    6.104136984   11.956477251   13.924509269
   -1.808795770    2.792526803    7.876557267    6.750852211   17.432612502
   -1.618396215    2.792526803    8.876185191    4.637776899   20.803648499
   -1.427996661    2.792526803   10.059762415    8.952306330   23.484046411
   -1.237597106    2.792526803   12.680447933   19.350037685   24.904901142
   -1.047197551    2.792526803   17.601001002   32.353588641   24.725637698
   -0.856797996    2.792526803   24.872674600   43.201580692   22.983803538
   -0.666398442    2.792526803   33.687093989   48.030562127   20.059288333
   -0.475998887    2.792526803   42.684779844   45.017433828   16.478144360
   -0.285599332    2.792526803   50.375985053   34.542083290   12.662717279
   -0.095199777    2.792526803   55.510758484   18.645387217    8.762154435
    0.095199777    2.792526803   57.345120337    0.509922017    4.665766293
    0.285599332    2.792526803   55.824347311  -15.867248591    0.181516109
    0.475998887    2.792526803   51.697918038  -26.216073803   -4.676756421
    0.666398442    2.792526803   46.461168792  -27.149052139   -9.505070803
    0.856797996    2.792526803   42.032545848  -17.877430895  -13.546945658
    1.047197551    2.792526803   40.140127915   -1.279837103  -16.004033845
    1.237597106    2.792526803   41.656723446   16.820695420  -16.429917467
    1.427996661    2.792526803   46.237941496   29.997232817  -14.958404876
    1.618396215    2.792526803   52.478056154   33.777063377  -12.243468571
    1.808795770    2.792526803   58.432714501   27.127271445   -9.137043674
    1.999195325    2.792526803   62.265005184   11.977080384   -6.357840012
    2.189594880    2.792526803   62.676830570   -8.150653687   -4.289180632
    2.379994435    2.792526803   59.091521397  -29.365168148   -2.976191639
    2.570393989    2.792526803   51.664356626  -47.878655176   -2.221259387
    2.760793544    2.792526803   41.250494162  -60.203435930   -1.718895192
    2.951193099    2.792526803   29.308441037  -63.596637824   -1.151049164
