#! FIELDS phi psi file.free der_phi der_psi
#! SET min_phi -pi
#! SET max_phi pi
#! SET nbins_phi  33
#! SET periodic_phi true
#! SET min_psi -pi
#! SET max_psi pi
#! SET nbins_psi  18
#! SET periodic_psi true
   -3.141592654   -3.141592654   18.408248922  -54.567892627   15.859185930
   -2.951193099   -3.141592654    9.677559530  -36.443687508   18.319606477
   -2.760793544   -3.141592654    4.701787872  -15.985420810   20.123554225
   -2.570393989   -3.141592654    3.416431966    1.568975435   21.300700927
   -2.379994435   -3.141592654    4.874403156   12.422082805   22.104674703
   -2.189594880   -3.141592654    7.661930874   15.672417168   22.984574512
   -1.999195325   -3.141592654   10.502296876   13.590902331   24.407721889
   -1.808795770   -3.141592654   12.776261316   10.513267172   26.593948627
   -1.618396215   -3.141592654   14.718214726   10.666159528   29.311993755
   -1.427996661   -3.141592654   17.189667760   16.173988626   31.895742400
   -1.237597106   -3.141592654   21.176769736   26.181444961   33.494051974
   -1.047197551   -3.141592654   27.262320314   37.599302538   33.422161909
   -0.856797996   -3.141592654   35.347757666   46.480552321   31.406496168
   -0.666398442   -3.141592654   44.618283811   49.589236608   27.625049465
   -0.475998887   -3.141592654   53.770177997   45.063972014   22.544524345
   -0.285599332   -3.141592654   61.304363395   32.712083092   16.705059563
   -0.095199777   -3.141592654   65.840253866   13.987816126   10.541483990
    0.095199777   -3.141592654   66.442043092   -7.918779782    4.342514214
    0.285599332   -3.141592654   62.945750794  -28.116258964   -1.674720348
    0.475998887   -3.141592654   56.224613396  -40.892278237   -7.220629562
    0.666398442   -3.141592654   48.172347011  -41.535827524  -11.855030842
    0.856797996   -3.141592654   41.288993622  -28.766735671  -15.054945917
    1.047197551   -3.141592654   37.867719234   -6.141055620  -16.424643275
    1.237597106   -3.141592654   39.119580783   18.866944415  -15.910973683
    1.427996661   -3.141592654   44.671498069   37.767331355  -13.851480458
    1.618396215   -3.141592654   52.714772233   44.347814281  -10.831834451
    1.808795770   -3.141592654   60.655643848   36.777260625   -7.414422600
    1.999195325   -3.141592654   65.975083024   17.520259953   -3.955423763
    2.189594880   -3.141592654   66.917324293   -8.183298001   -0.563196314
    2.379994435   -3.141592654   62.843054667  -34.146021845    2.799968472
    2.570393989   -3.141592654   54.260178044  -54.692537366    6.192401200
    2.760793544   -3.141592654   42.625549008  -65.717245484    9.592936360
    2.951193099   -3.141592654   29.965567392  -65.400404177   12.879887608

   -3.141592654   -2.792526803   25.737101225  -49.962066922   23.722327175
   -2.951193099   -2.792526803   17.735217228  -33.442193530   26.137842784
   -2.760793544   -2.792526803   13.174844526  -14.596834562   27.545194328
   -2.570393989   -2.792526803   12.028264484    1.741238862   28.067137516
   -2.379994435   -2.792526803   13.467183899   12.217793530   28.062729614
   -2.189594880   -2.792526803   16.265233280   16.163169571   28.068443300
   -1.999195325   -2.792526803   19.337471445   15.633974781   28.596339245
   -1.808795770   -2.792526803   22.166327372   14.243726411   29.860088715
   -1.618396215   -2.792526803   24.920130050   15.251116511   31.583321366
   -1.427996661   -2.792526803   28.222377620   20.020713528   33.045038679
   -1.237597106   -2.792526803   32.728347006   27.530218142   33.362453383
   -1.047197551   -2.792526803   38.724619210   35.182267555   31.870446202
   -0.856797996   -2.792526803   45.955445305   39.960542767   28.373851650
   -0.666398442   -2.792526803   53.633680482   39.557679206   23.187493521
   -0.475998887   -2.792526803   60.634834584   32.751897868   16.946914955
   -0.285599332   -2.792526803   65.719418072   19.535596328   10.360297593
   -0.095199777   -2.792526803   67.763834764    1.182231324    3.994257537
    0.095199777   -2.792526803   66.035524732  -19.465061515   -1.797898597
    0.285599332   -2.792526803   60.510395331  -37.791805646   -6.817050010
    0.475998887   -2.792526803   52.164694795  -48.195947607  -10.894256628
    0.666398442   -2.792526803   42.984596470  -45.995589005  -13.808555078
    0.856797996   -2.792526803   35.548792914  -30.065830084  -15.323644207
    1.047197551   -2.792526803   32.178511776   -4.340843271  -15.310498475
    1.237597106   -2.792526803   34.025374246   23.206226353  -13.867587138
    1.427996661   -2.792526803   40.573689232   43.742092582  -11.315432205
    1.618396215   -2.792526803   49.837300663   51.073191485   -8.070716800
    1.808795770   -2.792526803   59.081617085   43.689154203   -4.460364813
    1.999195325   -2.792526803   65.718655846   24.449308912   -0.636723807
    2.189594880   -2.792526803   67.986591355   -1.175882484    3.393656373
    2.379994435   -2.792526803   65.259410281  -27.012727386    7.645382929
    2.570393989   -2.792526803   58.037880416  -47.575112924   12.048957432
    2.760793544   -2.792526803   47.731199086  -58.969608479   16.398497421
    2.951193099   -2.792526803   36.285123004  -59.493857833   20.394357953

   -3.141592654   -2.443460953   34.153449753  -45.045849123   22.541449669
   -2.951193099   -2.443460953   26.919180996  -30.334690624   24.597245797
   -2.760793544   -2.443460953   22.777251298  -13.277011994   25.703606551
   -2.570393989   -2.443460953   21.739077397    1.657825715   25.981556936
   -2.379994435   -2.443460953   23.086580429   11.490425881   25.725744586
   -2.189594880   -2.443460953   25.758825520   15.717540180   25.349966140
   -1.999195325   -2.443460953   28.831268202   16.151070808   25.221146478
   -1.808795770   -2.443460953   31.856000558   15.710490902   25.449166121
   -1.618396215   -2.443460953   34.916167067   16.796123744   25.760434348
   -1.427996661   -2.443460953   38.405550446   20.187360511   25.573290722
   -1.237597106   -2.443460953   42.694344601   24.903190463   24.247636084
   -1.047197551   -2.443460953   47.856596641   29.015349924   21.385434855
   -0.856797996   -2.443460953   53.588251238   30.520413552   16.999890112
   -0.666398442   -2.443460953   59.240722331   27.968689144   11.515203954
   -0.475998887   -2.443460953   63.951294467   20.557435730    5.578085066
   -0.285599332   -2.443460953   66.770690912    8.155930266   -0.158099839
   -0.095199777   -2.443460953   66.804511339   -8.437999181   -5.214529821
    0.095199777   -2.443460953   63.446778876  -26.929869904   -9.350161463
    0.285599332   -2.443460953   56.708587048  -43.080651034  -12.505423229
    0.475998887   -2.443460953   47.554014097  -51.410519313  -14.696012073
    0.666398442   -2.443460953   37.952709158  -47.202345170  -15.917926548
    0.856797996   -2.443460953   30.474091085  -29.303985476  -16.136583320
    1.047197551   -2.443460953   27.425351383   -1.747061214  -15.334291978
    1.237597106   -2.443460953   29.914749285   27.307973864  -13.578190864
    1.427996661   -2.443460953   37.352136992   48.905822488  -11.036843968
    1.618396215   -2.443460953   47.667763155   56.912053514   -7.932452181
    1.808795770   -2.443460953   58.071112216   50.007742807   -4.445559890
    1.999195325   -2.443460953   65.956462064   31.250354462   -0.677210826
    2.189594880   -2.443460953   69.570441619    6.154248566    3.335837308
    2.379994435   -2.443460953   68.284837146  -19.239895979    7.542594897
    2.570393989   -2.443460953   62.561600884  -39.694081354   11.815838297
    2.760793544   -2.443460953   53.725559107  -51.513352247   15.925708167
    2.951193099   -2.443460953   43.612505092  -53.056784599   19.589671028

   -3.141592654   -2.094395102   40.820734447  -40.656960288   14.352955487
   -2.951193099   -2.094395102   34.296833921  -27.305702740   15.703164217
   -2.760793544   -2.094395102   30.592246802  -11.715471197   16.444935347
   -2.570393989   -2.094395102   29.717715340    1.855627003   16.610355156
   -2.379994435   -2.094395102   31.001305490   10.702288370   16.293153624
   -2.189594880   -2.094395102   33.471623483   14.471491980   15.643895399
   -1.999195325   -2.094395102   36.296212432   14.829318793   14.799536457
   -1.808795770   -2.094395102   39.060788905   14.242399746   13.780706006
   -1.618396215   -2.094395102   41.784169792   14.598039232   12.439377096
   -1.427996661   -2.094395102   44.718124159   16.420028708   10.522038892
   -1.237597106   -2.094395102   48.085218139   18.940189907    7.813455915
   -1.047197551   -2.094395102   51.893985705   20.824126111    4.287168018
   -0.856797996   -2.094395102   55.903110470   20.797158368    0.154811737
   -0.666398442   -2.094395102   59.649106086   17.890924612   -4.173171684
   -0.475998887   -2.094395102   62.507882950   11.390854996   -8.236758160
   -0.285599332   -2.094395102   63.745076750    0.831724987  -11.659277470
   -0.095199777   -2.094395102   62.593986818  -13.538433067  -14.242328264
    0.095199777   -2.094395102   58.469433442  -29.936166657  -15.983958109
    0.285599332   -2.094395102   51.325079675  -44.418850721  -17.005007292
    0.475998887   -2.094395102   42.037074352  -51.528424840  -17.461920572
    0.666398442   -2.094395102   32.504070741  -46.387996692  -17.453188981
    0.856797996   -2.094395102   25.260213842  -27.644267001  -16.990319733
    1.047197551   -2.094395102   22.609957698    0.795900928  -16.007732892
    1.237597106   -2.094395102   25.669644974   30.762333015  -14.427622903
    1.427996661   -2.094395102   33.848942505   53.224052971  -12.231544934
    1.618396215   -2.094395102   45.061117792   61.986043996   -9.494777168
    1.808795770   -2.094395102   56.492613414   55.704157651   -6.359170095
    1.999195325   -2.094395102   65.513378117   37.453699996   -2.994457692
    2.189594880   -2.094395102   70.348288184   12.740759710    0.449310441
    2.379994435   -2.094395102   70.340364309  -12.449996142    3.839347942
    2.570393989   -2.094395102   65.908700687  -32.980930956    7.051195947
    2.760793544   -2.094395102   58.317053002  -45.225913675    9.951025779
    2.951193099   -2.094395102   49.332724702  -47.557412372   12.416644159

   -3.141592654   -1.745329252   43.341399070  -38.719007393    6.131836442
   -2.951193099   -1.745329252   37.130591200  -25.968929369    6.655121457
   -2.760793544   -1.745329252   33.620527227  -11.023271742    6.882576157
   -2.570393989   -1.745329252   32.809377833    1.811676834    6.805247406
   -2.379994435   -1.745329252   34.008317522    9.842670221    6.378054837
   -2.189594880   -1.745329252   36.231604054   12.721901995    5.541881084
   -1.999195325   -1.745329252   38.628724993   12.061936801    4.228968959
   -1.808795770   -1.745329252   40.753300394   10.248499356    2.365967484
   -1.618396215   -1.745329252   42.583635173    9.193087509   -0.093550519
   -1.427996661   -1.745329252   44.353635071    9.636967141   -3.101883904
   -1.237597106   -1.745329252   46.327569673   11.204279068   -6.476382666
   -1.047197551   -1.745329252   48.634018509   12.940604061   -9.910722567
   -0.856797996   -1.745329252   51.207229099   13.769616119  -13.060722373
   -0.666398442   -1.745329252   53.767633245   12.585219757  -15.623246202
   -0.475998887   -1.745329252   55.821446709    8.285331225  -17.423378596
   -0.285599332   -1.745329252   56.676986868   -0.107839435  -18.434727522
   -0.095199777   -1.745329252   55.518391529  -12.784783385  -18.766081083
    0.095199777   -1.745329252   51.643833136  -28.186972620  -18.628286994
    0.285599332   -1.745329252   44.870572240  -42.373148363  -18.251078038
    0.475998887   -1.745329252   35.958187160  -49.676682788  -17.820385453
    0.666398442   -1.745329252   26.743430952  -44.891041625  -17.404223919
    0.856797996   -1.745329252   19.763823675  -26.307678505  -16.933914321
    1.047197551   -1.745329252   17.386908857    2.411159527  -16.221995700
    1.237597106   -1.745329252   20.818245753   33.108282240  -15.046543206
    1.427996661   -1.745329252   29.537783047   56.556913252  -13.268671420
    1.618396215   -1.745329252   41.477680126   66.252005505  -10.906004560
    1.808795770   -1.745329252   53.786997438   60.580251001   -8.125713008
    1.999195325   -1.745329252   63.761622318   42.518584348   -5.186786750
    2.189594880   -1.745329252   69.549025634   17.616178390   -2.341388606
    2.379994435   -1.745329252   70.430706893   -8.020538438    0.213202793
    2.570393989   -1.745329252   66.788179868  -29.146627370    2.358467852
    2.760793544   -1.745329252   59.865565031  -42.041349876    4.043184890
    2.951193099   -1.745329252   51.426673773  -45.013584038    5.282573899

   -3.141592654   -1.396263402   42.185512919  -39.375878267    3.632324668
   -2.951193099   -1.396263402   35.840224388  -26.704123728    3.442514130
   -2.760793544   -1.396263402   32.194117898  -11.715402735    2.977677363
   -2.570393989   -1.396263402   31.253063800    1.113693124    2.260411324
   -2.379994435   -1.396263402   32.302432191    8.911513082    1.216522827
   -2.189594880   -1.396263402   34.295244706   11.151901769   -0.306336623
   -1.999195325   -1.396263402   36.292701060    9.354311854   -2.484265254
   -1.808795770   -1.396263402   37.761684189    6.031921614   -5.422552392
   -1.618396215   -1.396263402   38.644965281    3.514855879   -9.049710686
   -1.427996661   -1.396263402   39.238905418    3.112063856  -13.048272740
   -1.237597106   -1.396263402   39.972558607    4.905018588  -16.897711061
   -1.047197551   -1.396263402   41.194553349    8.024017059  -20.017724352
   -0.856797996   -1.396263402   43.034669781   11.086235312  -21.968268248
   -0.666398442   -1.396263402   45.322883901   12.400402128  -22.576454887
   -0.475998887   -1.396263402   47.558438080   10.285402093  -21.978208514
   -0.285599332   -1.396263402   48.946279314    3.342550318  -20.536658785
   -0.095199777   -1.396263402   48.510841569   -8.804858734  -18.705145411
    0.095199777   -1.396263402   45.374778805  -24.543664231  -16.904922755
    0.285599332   -1.396263402   39.209028228  -39.717801291  -15.408069361
    0.475998887   -1.396263402   30.681545001  -48.293369568  -14.313762443
    0.666398442   -1.396263402   21.617871950  -44.624310017  -13.551273899
    0.856797996   -1.396263402   14.626456882  -26.582671445  -12.940076149
    1.047197551   -1.396263402   12.210446986    2.403804869  -12.249182523
    1.237597106   -1.396263402   15.726317623   34.084344119  -11.269445148
    1.427996661   -1.396263402   24.757681380   58.854750173   -9.886178224
    1.618396215   -1.396263402   37.252663243   69.709538219   -8.101618776
    1.808795770   -1.396263402   50.288304165   64.627848518   -6.024398424
    1.999195325   -1.396263402   61.034868873   46.461161779   -3.828228969
    2.189594880   -1.396263402   67.515592720   20.870425710   -1.693505988
    2.379994435   -1.396263402   68.924185777   -5.775372748    0.214891913
    2.570393989   -1.396263402   65.607301308  -27.965637205    1.763490589
    2.760793544   -1.396263402   58.819921529  -41.762422401    2.857151593
    2.951193099   -1.396263402   50.370276595  -45.356164662    3.467395968

   -3.141592654   -1.047197551   40.252585662  -41.820612510    3.591348769
   -2.951193099   -1.047197551   33.431752390  -29.193331410    2.470988227
   -2.760793544   -1.047197551   29.336330249  -13.915082425    0.994111697
   -2.570393989   -1.047197551   28.009936123   -0.762942198   -0.712123917
   -2.379994435   -1.047197551   28.709328746    7.024009176   -2.645776576
   -2.189594880   -1.047197551   30.294465311    8.643708419   -4.941758367
   -1.999195325   -1.047197551   31.705688670    5.625927940   -7.793485459
   -1.808795770   -1.047197551   32.327338682    0.874529907  -11.288644486
   -1.618396215   -1.047197551   32.124196768   -2.599875429  -15.244367662
   -1.427996661   -1.047197551   31.547806613   -2.838474080  -19.149725571
   -1.237597106   -1.047197551   31.276192532    0.530653070  -22.293324059
   -1.047197551   -1.047197551   31.910649648    6.364997063  -24.022350995
   -0.856797996   -1.047197551   33.735092676   12.580315147  -24.008692607
   -0.666398442   -1.047197551   36.580681467   16.621951056  -22.369413434
   -0.475998887   -1.047197551   39.797516709   16.147751619  -19.609346694
   -0.285599332   -1.047197551   42.350105719    9.487790140  -16.420438759
   -0.095199777   -1.047197551   43.012900641   -3.599146506  -13.433072027
    0.095199777   -1.047197551   40.713987142  -21.039131165  -11.038517562
    0.285599332   -1.047197551   35.033627211  -38.108991518   -9.292122217
    0.475998887   -1.047197551   26.655323362  -48.237267996   -7.999771300
    0.666398442   -1.047197551   17.509306082  -45.414940171   -6.871973988
    0.856797996   -1.047197551   10.355414921  -27.373341464   -5.705531006
    1.047197551   -1.047197551    7.851425877    2.360023282   -4.461078128
    1.237597106   -1.047197551   11.469071657   35.215854140   -3.222000860
    1.427996661   -1.047197551   20.834312572   61.186214585   -2.097943692
    1.618396215   -1.047197551   33.862711433   72.890476067   -1.116845385
    1.808795770   -1.047197551   47.540371478   68.080539080   -0.213197977
    1.999195325   -1.047197551   58.922820835   49.592997118    0.717204616
    2.189594880   -1.047197551   65.930701410   23.208551662    1.732018777
    2.379994435   -1.047197551   67.684589998   -4.520203185    2.775450447
    2.570393989   -1.047197551   64.493351480  -27.907925468    3.676319146
    2.760793544   -1.047197551   57.606708132  -42.834516386    4.209122630
    2.951193099   -1.047197551   48.863652446  -47.314157469    4.199448689

   -3.141592654   -0.698131701   40.015232609  -44.999912449    2.939822931
   -2.951193099   -0.698131701   32.535207058  -32.855820899    0.754669593
   -2.760793544   -0.698131701   27.730571553  -17.642307318   -1.815841268
   -2.570393989   -0.698131701   25.703928383   -4.396574450   -4.502034786
   -2.379994435   -0.698131701   25.707143490    3.281021477   -7.182214158
   -2.189594880   -0.698131701   26.533904699    4.339408569   -9.940322320
   -1.999195325   -0.698131701   27.040620357    0.399340416  -12.969592850
   -1.808795770   -0.698131701   26.584298686   -5.143303024  -16.339301942
   -1.618396215   -0.698131701   25.220615664   -8.576508134  -19.783212311
   -1.427996661   -0.698131701   23.614908239   -7.425838615  -22.671532035
   -1.237597106   -0.698131701   22.710890637   -1.330536566  -24.233086665
   -1.047197551   -0.698131701   23.314183647    7.943824588  -23.912703112
   -0.856797996   -0.698131701   25.754702135   17.342016333  -21.657475793
   -0.666398442   -0.698131701   29.724132220   23.413225371  -17.968638472
   -0.475998887   -0.698131701   34.300254381   23.352159856  -13.699513185
   -0.285599332   -0.698131701   38.140761453   15.599797268   -9.725379671
   -0.095199777   -0.698131701   39.785506006    0.506334895   -6.616642151
    0.095199777   -0.698131701   38.066137475  -18.999784981   -4.481754748
    0.285599332   -0.698131701   32.626651751  -37.461466917   -2.983888924
    0.475998887   -0.698131701   24.321217057  -47.942321453   -1.594204182
    0.666398442   -0.698131701   15.272761668  -44.579898022    0.099879834
    0.856797996   -0.698131701    8.365973718  -25.623742489    2.153539644
    1.047197551   -0.698131701    6.271754944    4.826865273    4.251099698
    1.237597106   -0.698131701   10.387009836   37.861256384    5.924289578
    1.427996661   -0.698131701   20.232843176   63.517892070    6.826230806
    1.618396215   -0.698131701   33.656982511   74.703292632    6.934995495
    1.808795770   -0.698131701   47.635452185   69.455961559    6.525030648
    1.999195325   -0.698131701   59.253428145   50.718408181    5.998238000
    2.189594880   -0.698131701   66.458368411   24.147676353    5.660693105
    2.379994435   -0.698131701   68.361536796   -3.937847957    5.582559448
    2.570393989   -0.698131701   65.220644164  -28.025293958    5.579355489
    2.760793544   -0.698131701   58.217896100  -43.974265833    5.318746144
    2.951193099   -0.698131701   49.150248775  -49.580276090    4.489468867

   -3.141592654   -0.349065850   40.537064176  -49.309435577    2.272618817
   -2.951193099   -0.349065850   32.143263177  -38.043927754   -0.535424260
   -2.760793544   -0.349065850   26.311449346  -23.140694168   -3.637530196
   -2.570393989   -0.349065850   23.243918905   -9.788121726   -6.714883220
   -2.379994435   -0.349065850   22.237882751   -1.950979526   -9.598814024
   -2.189594880   -0.349065850   22.065257659   -0.974407831  -12.337133148
   -1.999195325   -0.349065850   21.536673171   -5.155346871  -15.078051582
   -1.808795770   -0.349065850   20.022512250  -10.581623594  -17.816468536
   -1.618396215   -0.349065850   17.710601546  -12.879803251  -20.201668632
   -1.427996661   -0.349065850   15.500587405   -9.244480702  -21.581247063
   -1.237597106   -0.349065850   14.573685748    0.358763006  -21.300203554
   -1.047197551   -0.349065850   15.848981493   13.238465229  -19.080107137
   -0.856797996   -0.349065850   19.568854347   25.233258699  -15.232997610
   -0.666398442   -0.349065850   25.150801408   32.131715948  -10.579937852
   -0.475998887   -0.349065850   31.314977347   31.025402937   -6.107432026
   -0.285599332   -0.349065850   36.407810986   20.940573049   -2.576804755
   -0.095199777   -0.349065850   38.817419903    3.233944667   -0.225057324
    0.095199777   -0.349065850   37.423678800  -18.107239872    1.279067750
    0.285599332   -0.349065850   32.089670940  -36.992001909    2.651322052
    0.475998887   -0.349065850   23.946683921  -46.520588540    4.592941423
    0.666398442   -0.349065850   15.321200293  -41.543560187    7.401022855
    0.856797996   -0.349065850    9.128612501  -21.320519555   10.766187006
    1.047197551   -0.349065850    7.890695732    9.282758613   13.901922718
    1.237597106   -0.349065850   12.768327203   41.216230992   15.959935213
    1.427996661   -0.349065850   23.084425345   65.046032237   16.447179102
    1.618396215   -0.349065850   36.625998411   74.483841151   15.453386144
    1.808795770   -0.349065850   50.448954888   68.190767740   13.530581546
    1.999195325   -0.349065850   61.794731863   49.253425071   11.388936008
    2.189594880   -0.349065850   68.746790751   23.007061421    9.560330977
    2.379994435   -0.349065850   70.466356393   -4.772788641    8.221122828
    2.570393989   -0.349065850   67.160465087  -29.026297766    7.187922299
    2.760793544   -0.349065850   59.900347685  -45.774114147    6.074815910
    2.951193099   -0.349065850   50.376120434  -52.624545482    4.502134758

   -3.141592654    0.000000000   41.408981778  -53.968353550    1.445984018
   -2.951193099    0.000000000   32.051174989  -43.403410123   -1.143840965
   -2.760793544    0.000000000   25.175747959  -28.633298031   -3.863396965
   -2.570393989    0.000000000   21.089123630  -14.941643872   -6.485630506
   -2.379994435    0.000000000   19.147593643   -6.627178756   -8.897141751
   -2.189594880    0.000000000   18.120131720   -5.304456855  -11.133931452
   -1.999195325    0.000000000   16.793752398   -9.178508552  -13.257434639
   -1.808795770    0.000000000   14.572479843  -13.859946729  -15.143719849
   -1.618396215    0.000000000   11.780249593  -14.453838484  -16.378388669
   -1.427996661    0.000000000    9.518825123   -8.056795387  -16.389868681
   -1.237597106    0.000000000    9.126710332    4.792696666  -14.770758514
   -1.047197551    0.000000000   11.520474809   20.370694458  -11.582682195
   -0.856797996    0.000000000   16.740306568   33.543794508   -7.421744627
   -0.666398442    0.000000000   23.866085926   39.731076700   -3.199767146
   -0.475998887    0.000000000   31.284743609   36.415582825    0.263072806
   -0.285599332    0.000000000   37.145271474   23.625998684    2.575022801
   -0.095199777    0.000000000   39.854578325    3.889639522    3.938007918
    0.095199777    0.000000000   38.512441686  -17.921153900    5.032667965
    0.285599332    0.000000000   33.310269403  -35.532187501    6.699456684
    0.475998887    0.000000000   25.663302450  -42.679501708    9.508893011
    0.666398442    0.000000000   17.997495702  -35.450969344   13.428255085
    0.856797996    0.000000000   13.079738159  -14.353957563   17.756172173
    1.047197551    0.000000000   13.094988969   15.135557419   21.395567609
    1.237597106    0.000000000   18.843502918   44.304642605   23.361587439
    1.427996661    0.000000000   29.428757383   64.803157426   23.208553090
    1.618396215    0.000000000   42.649011219   71.541995571   21.188196679
    1.808795770    0.000000000   55.760137824   63.909904602   18.043782943
    1.999195325    0.000000000   66.273939288   44.990073949   14.641992898
    2.189594880    0.000000000   72.484268093   19.555823394   11.618868812
    2.379994435    0.000000000   73.632878558   -7.370143428    9.221361046
    2.570393989    0.000000000   69.874874218  -31.294411761    7.324269118
    2.760793544    0.000000000   62.155683524  -48.443880140    5.599069544
    2.951193099    0.000000000   52.039038302  -56.238557532    3.704259780

   -3.141592654    0.349065850   42.988092581  -57.442846652    1.433085694
   -2.951193099    0.349065850   32.912133513  -47.400353132   -0.144407078
   -2.760793544    0.349065850   25.251218502  -32.810119747   -1.693328101
   -2.570393989    0.349065850   20.378400337  -18.978273634   -3.179968424
   -2.379994435    0.349065850   17.692408267  -10.398799498   -4.623892390
   -2.189594880    0.349065850   15.972350656   -8.797881586   -6.083679800
   -1.999195325    0.349065850   14.018345601  -12.215867594   -7.546241929
   -1.808795770    0.349065850   11.302827770  -15.885981269   -8.800984947
   -1.618396215    0.349065850    8.284375695  -14.664832147   -9.440694273
   -1.427996661    0.349065850    6.207779165   -5.846166249   -9.045167331
   -1.237597106    0.349065850    6.467370077    9.338823186   -7.446044105
   -1.047197551    0.349065850    9.880609062   26.316947569   -4.889392520
   -0.856797996    0.349065850   16.250373644   39.413328522   -1.962097939
   -0.666398442    0.349065850   24.374820821   44.171434696    0.675966947
   -0.475998887    0.349065850   32.445366996   38.792754088    2.626954892
   -0.285599332    0.349065850   38.586192848   24.338767690    3.933343041
   -0.095199777    0.349065850   41.369999636    4.222847739    5.074791639
    0.095199777    0.349065850   40.187033008  -16.313187967    6.756089322
    0.285599332    0.349065850   35.521126844  -31.362100996    9.574930396
    0.475998887    0.349065850   28.942738891  -35.698095716   13.695050215
    0.666398442    0.349065850   22.799528226  -26.729485098   18.658867401
    0.856797996    0.349065850   19.549841592   -5.958769505   23.470505881
    1.047197551    0.349065850   20.953359401   20.987852867   26.950985850
    1.237597106    0.349065850   27.451232556   46.190105140   28.229004960
    1.427996661    0.349065850   37.998821420   62.631796691   27.086273223
    1.618396215    0.349065850   50.500882384   66.431427040   23.997450268
    1.808795770    0.349065850   62.493592257   57.568020678   19.850602929
    1.999195325    0.349065850   71.809494340   38.961976537   15.565686102
    2.189594880    0.349065850   76.978929148   14.738906765   11.783846687
    2.379994435    0.349065850   77.341018218  -10.855092705    8.768667670
    2.570393989    0.349065850   73.013592917  -33.896944094    6.457264497
    2.760793544    0.349065850   64.827461132  -50.861701001    4.621015214
    2.951193099    0.349065850   54.218661052  -59.061123849    3.004170405

   -3.141592654    0.698131701   44.455432482  -58.979842851    0.166457083
   -2.951193099    0.698131701   34.076305387  -49.035825222   -0.047732205
   -2.760793544    0.698131701   26.086531638  -34.621835590   -0.120139126
   -2.570393989    0.698131701   20.848203658  -21.004362169   -0.213679753
   -2.379994435    0.698131701   17.752786584  -12.664897174   -0.472295414
   -2.189594880    0.698131701   15.583325760  -11.215658086   -0.982874808
   -1.999195325    0.698131701   13.178303494  -14.453611713   -1.708885915
   -1.808795770    0.698131701   10.098612814  -17.361824471   -2.452862486
   -1.618396215    0.698131701    6.919637442  -14.792389905   -2.916224740
   -1.427996661    0.698131701    4.970122979   -4.391142353   -2.856586765
   -1.237597106    0.698131701    5.633966707   12.016449724   -2.234440441
   -1.047197551    0.698131701    9.609004424   29.376099963   -1.243360309
   -0.856797996    0.698131701   16.522439068   41.928142516   -0.175280035
   -0.666398442    0.698131701   25.030023311   45.656617758    0.774558155
   -0.475998887    0.698131701   33.297575781   39.474745009    1.674809991
   -0.285599332    0.698131701   39.560333234   25.127568932    2.858560548
   -0.095199777    0.698131701   42.602815398    6.365234739    4.799583147
    0.095199777    0.698131701   42.045304017  -11.748527014    7.900936978
    0.285599332    0.698131701   38.516800551  -23.995686888   12.255938597
    0.475998887    0.698131701   33.564577078  -26.189764858   17.501504561
    0.666398442    0.698131701   29.309548260  -16.757838795   22.812793150
    0.856797996    0.698131701   27.828053067    2.260483031   27.113358754
    1.047197551    0.698131701   30.468540038   25.501745943   29.434257643
    1.237597106    0.698131701   37.388948396   46.076199512   29.276996942
    1.427996661    0.698131701   47.496188006   58.302121513   26.789586805
    1.618396215    0.698131701   58.883108739   59.345943190   22.658691962
    1.808795770    0.698131701   69.411715424   49.572913996   17.798876444
    1.999195325    0.698131701   77.246271659   31.599376549   13.035249777
    2.189594880    0.698131701   81.148571692    8.875797953    8.904555399
    2.379994435    0.698131701   80.554934752  -15.055319811    5.643144620
    2.570393989    0.698131701   75.564118201  -36.736810275    3.261150530
    2.760793544    0.698131701   66.926741019  -52.846062342    1.657945802
    2.951193099    0.698131701   55.982400536  -60.660239795    0.680674536

   -3.141592654    1.047197551   43.183699866  -59.090131815   -4.358111234
   -2.951193099    1.047197551   32.858457993  -48.400789561   -3.567688500
   -2.760793544    1.047197551   25.027488461  -33.647361160   -2.505488088
   -2.570393989    1.047197551   19.977241528  -20.051622665   -1.465259944
   -2.379994435    1.047197551   17.037667812  -12.007442064   -0.656281939
   -2.189594880    1.047197551   14.954051118  -10.971199671   -0.182162635
   -1.999195325    1.047197551   12.560446133  -14.550090617   -0.039202315
   -1.808795770    1.047197551    9.446799093  -17.578707789   -0.141248241
   -1.618396215    1.047197551    6.232905218  -14.917264308   -0.369728956
   -1.427996661    1.047197551    4.274853316   -4.370934968   -0.633448511
   -1.237597106    1.047197551    4.947169402   12.037293577   -0.883406190
   -1.047197551    1.047197551    8.911904508   29.220417764   -1.074592431
   -0.856797996    1.047197551   15.778482754   41.621404150   -1.083856667
   -0.666398442    1.047197551   24.244614657   45.637733234   -0.678672164
   -0.475998887    1.047197551   32.597890451   40.546438802    0.460454879
   -0.285599332    1.047197551   39.243530443   28.216668814    2.634899430
   -0.095199777    1.047197551   43.122725514   12.138069901    6.001176579
    0.095199777    1.047197551   43.927352564   -3.277248977   10.469061438
    0.285599332    1.047197551   42.208937503  -13.665428640   15.620487834
    0.475998887    1.047197551   39.275366307  -15.644445565   20.739365898
    0.666398442    1.047197551   36.886866777   -8.043875717   24.935495018
    0.856797996    1.047197551   36.741504162    7.337325880   27.390025388
    1.047197551    1.047197551   39.918053823   25.993773134   27.618919055
    1.237597106    1.047197551   46.504621640   42.211194856   25.630243671
    1.427996661    1.047197551   55.550078133   51.270849380   21.906467178
    1.618396215    1.047197551   65.423359278   50.740961502   17.187736508
    1.808795770    1.047197551   74.280934379   40.820147860   12.203980559
    1.999195325    1.047197551   80.513460144   23.625955675    7.498145036
    2.189594880    1.047197551   83.010423462    2.129881072    3.386942286
    2.379994435    1.047197551   81.262531016  -20.422769355    0.041149406
    2.570393989    1.047197551   75.384637942  -40.678755666   -2.436219822
    2.760793544    1.047197551   66.131740259  -55.371966125   -3.972712322
    2.951193099    1.047197551   54.833307652  -61.863894116   -4.573618910

   -3.141592654    1.396263402   38.938105644  -58.187713126  -11.116039811
   -2.951193099    1.396263402   28.937047400  -45.981524395  -10.028114025
   -2.760793544    1.396263402   21.658844756  -30.379902183   -8.430551128
   -2.570393989    1.396263402   17.256388947  -16.617918666   -6.627556424
   -2.379994435    1.396263402   14.940179975   -8.967339806   -4.816049342
   -2.189594880    1.396263402   13.367137596   -8.691416924   -3.101944416
   -1.999195325    1.396263402   11.319039618  -13.221723470   -1.557915001
   -1.808795770    1.396263402    8.362535779  -17.258952144   -0.278829017
   -1.618396215    1.396263402    5.115800952  -15.573067652    0.616186750
   -1.427996661    1.396263402    2.951859054   -5.848836971    1.037064865
   -1.237597106    1.396263402    3.291888785   10.087062417    1.019280135
   -1.047197551    1.396263402    6.889201191   27.428318295    0.783612170
   -0.856797996    1.396263402   13.497075443   40.847545590    0.733170098
   -0.666398442    1.396263402   21.987324516   46.806964417    1.335200279
   -0.475998887    1.396263402   30.806862983   44.354404744    2.978213397
   -0.285599332    1.396263402   38.449553578   34.852860533    5.840817273
   -0.095199777    1.396263402   43.828563858   21.120885117    9.814057492
    0.095199777    1.396263402   46.477840555    6.871022485   14.501343874
    0.285599332    1.396263402   46.671867616   -4.027536597   19.236031969
    0.475998887    1.396263402   45.381031134   -8.314312041   23.204187613
    0.666398442    1.396263402   44.051987221   -4.419534951   25.622111241
    0.856797996    1.396263402   44.192207055    6.717107619   25.977781039
    1.047197551    1.396263402   46.877259747   21.610400052   24.201622625
    1.237597106    1.396263402   52.368601794   35.339362917   20.671930079
    1.427996661    1.396263402   59.987912994   43.389845211   16.062218511
    1.618396215    1.396263402   68.357867610   42.958415325   11.067396719
    1.808795770    1.396263402   75.786743595   33.618552692    6.187062269
    1.999195325    1.396263402   80.705543721   17.000600174    1.672268311
    2.189594880    1.396263402   81.986047797   -4.027324337   -2.385953176
    2.379994435    1.396263402   79.116633562  -25.996007395   -5.900592460
    2.570393989    1.396263402   72.264794186  -45.236277352   -8.704579659
    2.760793544    1.396263402   62.284556197  -58.358303960  -10.577778867
    2.951193099    1.396263402   50.598200650  -62.897705446  -11.372956322

   -3.141592654    1.745329252   32.364948436  -57.277611825  -16.964198830
   -2.951193099    1.745329252   22.722142603  -43.214327137  -16.133349921
   -2.760793544    1.745329252   16.097440252  -26.401053298  -14.522073493
   -2.570393989    1.745329252   12.515381468  -12.080405349  -12.373831605
   -2.379994435    1.745329252   11.071816678   -4.417978091   -9.851054695
   -2.189594880    1.745329252   10.330970744   -4.567190594   -7.058645126
   -1.999195325    1.745329252    8.997043958   -9.910885664   -4.118455331
   -1.808795770    1.745329252    6.565812642  -15.106595560   -1.241670852
   -1.618396215    1.745329252    3.601898014  -14.773768824    1.286440875
   -1.427996661    1.745329252    1.470778777   -6.252404465    3.205376102
   -1.237597106    1.745329252    1.666797272    9.100205973    4.427849186
   -1.047197551    1.745329252    5.101616128   26.890255732    5.123173222
   -0.856797996    1.745329252   11.740345901   41.876379452    5.693364665
   -0.666398442    1.745329252   20.645001554   50.217418285    6.609866647
   -0.475998887    1.745329252   30.361767229   50.337759143    8.224557065
   -0.285599332    1.745329252   39.353559119   42.888884053   10.628183187
   -0.095199777    1.745329252   46.373260174   30.097154141   13.583594084
    0.095199777    1.745329252   50.704012009   15.291538513   16.576142881
    0.285599332    1.745329252   52.324259841    2.288735213   18.907501105
    0.475998887    1.745329252   51.933561101   -5.340420337   19.905718196
    0.666398442    1.745329252   50.802029437   -5.335669035   19.148891862
    0.856797996    1.745329252   50.416402204    2.250899056   16.657938658
    1.047197551    1.745329252   51.995642804   14.685408767   12.905908670
    1.237597106    1.745329252   56.048003173   27.376744467    8.619518267
    1.427996661    1.745329252   62.149797958   35.557748146    4.486518373
    1.618396215    1.745329252   69.089987783   35.801300701    0.885184302
    1.808795770    1.745329252   75.218699008   27.068477046   -2.192248179
    1.999195325    1.745329252   78.919735484   10.700352193   -5.001774077
    2.189594880    1.745329252   79.004322211  -10.288718264   -7.808404066
    2.379994435    1.745329252   74.958661307  -32.008494601  -10.671276690
    2.570393989    1.745329252   67.032263405  -50.375613245  -13.376436582
    2.760793544    1.745329252   56.216948921  -61.861448851  -15.536173576
    2.951193099    1.745329252   44.063413788  -64.229103111  -16.789432084

   -3.141592654    2.094395102   25.309448866  -57.348100801  -18.771797871
   -2.951193099    2.094395102   15.822759727  -41.560091633  -18.082429460
   -2.760793544    2.094395102    9.649109398  -23.393956043  -16.425914171
   -2.570393989    2.094395102    6.741054739   -8.058179293  -13.988136427
   -2.379994435    2.094395102    6.141424394    0.390748192  -10.932023498
   -2.189594880    2.094395102    6.376132167    0.830405744   -7.390614534
   -1.999195325    2.094395102    6.102375932   -4.247092107   -3.515074406
   -1.808795770    2.094395102    4.736586750   -9.676127921    0.455185152
   -1.618396215    2.094395102    2.740821778  -10.122667394    4.188507372
   -1.427996661    2.094395102    1.393375320   -2.703463209    7.342499892
   -1.237597106    2.094395102    2.167100039   11.663244619    9.708063731
   -1.047197551    2.094395102    6.039168453   29.031987559   11.308287286
   -0.856797996    2.094395102   13.105325156   44.340313457   12.392532191
   -0.666398442    2.094395102   22.558478496   53.569766850   13.293484424
   -0.475998887    2.094395102   33.010352423   54.671635094   14.251065653
   -0.285599332    2.094395102   42.887565625   47.716946661   15.283862277
   -0.095199777    2.094395102   50.799595812   34.449904321   16.141527088
    0.095199777    2.094395102   55.817072257   17.943042938   16.383175987
    0.285599332    2.094395102   57.690947872    2.152325545   15.508905201
    0.475998887    2.094395102   56.961552198   -8.788627265   13.194903851
    0.666398442    2.094395102   54.878904763  -11.735282693    9.490061029
    0.856797996    2.094395102   53.083400702   -5.889014084    4.903746273
    1.047197551    2.094395102   53.076005157    6.435361079    0.256909628
    1.237597106    2.094395102   55.664469438   20.434095201   -3.647001191
    1.427996661    2.094395102   60.627526435   30.568767870   -6.348081718
    1.618396215    2.094395102   66.787661516   32.484870853   -7.903077033
    1.808795770    2.094395102   72.374014855   24.517249063   -8.792826202
    1.999195325    2.094395102   75.579824082    7.910245726   -9.647073088
    2.189594880    2.094395102   75.058538621  -13.901300990  -10.941992110
    2.379994435    2.094395102   70.247457980  -36.354812416  -12.804753661
    2.570393989    2.094395102   61.473258573  -54.778435661  -14.989150034
    2.760793544    2.094395102   49.886563727  -65.403632871  -17.015974030
    2.951193099    2.094395102   37.200817336  -66.176197655  -18.388051709

   -3.141592654    2.443460953   18.900259451  -58.061443666  -12.331441747
   -2.951193099    2.443460953    9.437751887  -40.592706005  -11.243271989
   -2.760793544    2.443460953    3.612540860  -20.726134574   -9.434948377
   -2.570393989    2.443460953    1.368620917   -3.775023771   -7.064385367
   -2.379994435    2.443460953    1.727477995    6.141185261   -4.249921175
   -2.189594880    2.443460953    3.178553161    7.798589959   -1.027305442
   -1.999195325    2.443460953    4.315200954    3.503290171    2.607387586
   -1.808795770    2.443460953    4.449672109   -1.792735513    6.579456554
   -1.618396215    2.443460953    3.908407605   -2.854768361   10.645370595
   -1.427996661    2.443460953    3.836082444    3.338141083   14.403451693
   -1.237597106    2.443460953    5.620641248   16.222406196   17.426018166
   -1.047197551    2.443460953   10.229677048   32.263781012   19.425458928
   -0.856797996    2.443460953   17.815333734   46.629612469   20.350409315
   -0.666398442    2.443460953   27.643440480   55.247561572   20.343705449
   -0.475998887    2.443460953   38.362456526   55.767606871   19.606293554
   -0.285599332    2.443460953   48.368196883   47.869292086   18.254062406
   -0.095199777    2.443460953   56.168366763   32.998670830   16.227884215
    0.095199777    2.443460953   60.697557139   14.152628412   13.332980389
    0.285599332    2.443460953   61.589523841   -4.396662543    9.368681215
    0.475998887    2.443460953   59.365643315  -17.825132865    4.357914331
    0.666398442    2.443460953   55.409715682  -22.108990248   -1.290434312
    0.856797996    2.443460953   51.649821352  -15.813239670   -6.782575033
    1.047197551    2.443460953   49.940959073   -1.245877797  -11.192325281
    1.237597106    2.443460953   51.374132125   16.075255400  -13.842093955
    1.427996661    2.443460953   55.826987997   29.465977607  -14.586597916
    1.618396215    2.443460953   62.005121338   33.541819294  -13.863656370
    1.808795770    2.443460953   67.873152979   26.164375132  -12.462486019
    1.999195325    2.443460953   71.333326610    8.757179855  -11.185522263
    2.189594880    2.443460953   70.831380182  -14.597704273  -10.561156866
    2.379994435    2.443460953   65.736917144  -38.560839821  -10.717888734
    2.570393989    2.443460953   56.445692844  -57.856780990  -11.415687816
    2.760793544    2.443460953   44.261587198  -68.441100110  -12.204755803
    2.951193099    2.443460953   31.069805290  -68.328750577  -12.618307427

   -3.141592654    2.792526803   16.294110563  -57.124120265    0.493394280
   -2.951193099    2.792526803    7.091773575  -38.816749737    2.236501757
   -2.760793544    2.792526803    1.683243794  -18.151927149    4.117653803
   -2.570393989    2.792526803    0.000000000   -0.471139816    6.062658257
   -2.379994435    2.792526803    1.058391322   10.193664387    8.100910333
   -2.189594880    2.792526803    3.361589558   12.716263582   10.399901278
   -1.999195325    2.792526803    5.525249778    9.370590175   13.181815294
   -1.808795770    2.792526803    6.858453489    4.876951829   16.537406708
   -1.618396215    2.792526803    7.627202227    4.122674567   20.259843026
   -1.427996661    2.792526803    8.853201035    9.857556727   23.828107320
   -1.237597106    2.792526803   11.771090681   21.486441553   26.576971229
   -1.047197551    2.792526803   17.214634496   35.698105835   27.957648666
   -0.856797996    2.792526803   25.257878091   47.984642336   27.727874152
   -0.666398442    2.792526803   35.143991822   54.505714407   25.973007833
   -0.475998887    2.792526803   45.525356439   52.961891242   22.973753469
   -0.285599332    2.792526803   54.796819890   42.939530586   19.029848627
   -0.095199777    2.792526803   61.444568925   25.805220652   14.330343994
    0.095199777    2.792526803   64.383561048    4.662580563    8.956090981
    0.285599332    2.792526803   63.276903286  -15.784330415    2.988072209
    0.475998887    2.792526803   58.783820251  -30.038387222   -3.301997999
    0.666398442    2.792526803   52.554726716  -33.449679903   -9.343487819
    0.856797996    2.792526803   46.866781712  -24.423710363  -14.331289238
    1.047197551    2.792526803   43.889759331   -5.804317004  -17.502367566
    1.237597106    2.792526803   44.868295933   15.808597532  -18.470800384
    1.427996661    2.792526803   49.612650766   32.569752111  -17.404970340
    1.618396215    2.792526803   56.574705328   38.388086431  -14.953470567
    1.808795770    2.792526803   63.395163910   31.085192648  -11.941228585
    1.999195325    2.792526803   67.699862039   12.581240198   -9.065166831
    2.189594880    2.792526803   67.778859549  -12.333535147   -6.707411280
    2.379994435    2.792526803   62.975596859  -37.691757307   -4.928181036
    2.570393989    2.792526803   53.758261676  -57.837982900   -3.557452417
    2.760793544    2.792526803   41.549892860  -68.608427012   -2.336176751
    2.951193099    2.792526803   28.355652031  -68.115718218   -1.030422706
