#! FIELDS phi psi file.free der_phi der_psi
#! SET min_phi -pi
#! SET max_phi pi
#! SET nbins_phi  33
#! SET periodic_phi true
#! SET min_psi -pi
#! SET max_psi pi
#! SET nbins_psi  18
#! SET periodic_psi true
   -3.141592654   -3.141592654   17.538247551  -53.324773217   17.178149809
   -2.951193099   -3.141592654    9.097227492  -34.750050003   19.499944323
   -2.760793544   -3.141592654    4.440932825  -14.441891500   21.030634877
   -2.570393989   -3.141592654    3.392004856    2.407742643   21.904208132
   -2.379994435   -3.141592654    4.917933218   12.261779132   22.466923094
   -2.189594880   -3.141592654    7.581174523   14.553845712   23.225592258
   -1.999195325   -3.141592654   10.145174436   11.874136942   24.675594972
   -1.808795770   -3.141592654   12.080917096    8.765962635   27.047187749
   -1.618396215   -3.141592654   13.735078627    9.468994222   30.104346915
   -1.427996661   -3.141592654   16.067873384   15.954262932   33.154463930
   -1.237597106   -3.141592654   20.124384110   27.123653559   35.285591426
   -1.047197551   -3.141592654   26.497169142   39.626873069   35.718908305
   -0.856797996   -3.141592654   35.051321439   49.299224440   34.067544134
   -0.666398442   -3.141592654   44.897603192   52.719138404   30.399839095
   -0.475998887   -3.141592654   54.627612530   47.883798926   25.107768523
   -0.285599332   -3.141592654   62.616841823   34.551766467   18.726600157
   -0.095199777   -3.141592654   67.364134758   14.281630052   11.779253554
    0.095199777   -3.141592654   67.850904088   -9.445776784    4.730902024
    0.285599332   -3.141592654   63.898929103  -31.326051574   -1.980346629
    0.475998887   -3.141592654   56.448160302  -45.242842141   -7.878076959
    0.666398442   -3.141592654   47.524720013  -46.196577945  -12.447945461
    0.856797996   -3.141592654   39.799283080  -32.811881861  -15.243937374
    1.047197551   -3.141592654   35.734705554   -8.751051635  -16.072012215
    1.237597106   -3.141592654   36.670254877   18.183680797  -15.118635851
    1.427996661   -3.141592654   42.278328297   38.970215444  -12.890975950
    1.618396215   -3.141592654   50.685617591   46.808067228  -10.001429648
    1.808795770   -3.141592654   59.136054123   39.478282331   -6.893578514
    1.999195325   -3.141592654   64.913050220   19.481978432   -3.728714799
    2.189594880   -3.141592654   66.114024674   -7.462631838   -0.444429608
    2.379994435   -3.141592654   62.067147364  -34.507075425    3.062395647
    2.570393989   -3.141592654   53.363501410  -55.474425309    6.789466029
    2.760793544   -3.141592654   41.603143845  -66.157477665   10.570944819
    2.951193099   -3.141592654   28.935728631  -65.009917932   14.130128764

   -3.141592654   -2.792526803   25.182772786  -49.249486530   25.391249739
   -2.951193099   -2.792526803   17.349739955  -32.454380232   27.397938856
   -2.760793544   -2.792526803   12.973464158  -13.735427342   28.342805389
   -2.570393989   -2.792526803   11.949358907    2.089902589   28.481079728
   -2.379994435   -2.792526803   13.389170811   11.852537600   28.265426034
   -2.189594880   -2.792526803   16.054147945   15.158260328   28.269321563
   -1.999195325   -2.792526803   18.902545345   14.354402918   28.999962917
   -1.808795770   -2.792526803   21.506566257   13.245400999   30.640998361
   -1.618396215   -2.792526803   24.141377792   15.066587940   32.864112761
   -1.427996661   -2.792526803   27.513721671   20.955117960   34.871888045
   -1.237597106   -2.792526803   32.306654165   29.564209014   35.677140144
   -1.047197551   -2.792526803   38.771911654   37.984670912   34.498547888
   -0.856797996   -2.792526803   46.568945633   42.993349705   31.041597576
   -0.666398442   -2.792526803   54.797158336   42.186393319   25.567099247
   -0.475998887   -2.792526803   62.211514877   34.355257283   18.724588395
   -0.285599332   -2.792526803   67.465089297   19.635152243   11.315667348
   -0.095199777   -2.792526803   69.367990537   -0.417825315    4.071493990
    0.095199777   -2.792526803   67.186111549  -22.575099265   -2.450800785
    0.285599332   -2.792526803   60.967819373  -41.856881281   -7.863425082
    0.475998887   -2.792526803   51.818342970  -52.458986626  -11.891685878
    0.666398442   -2.792526803   41.869407012  -49.709480297  -14.338971074
    0.856797996   -2.792526803   33.826449803  -32.667731248  -15.127391517
    1.047197551   -2.792526803   30.095059261   -5.513556593  -14.366944161
    1.237597106   -2.792526803   31.862469789   23.519400031  -12.383123567
    1.427996661   -2.792526803   38.596619643   45.305775756   -9.618188726
    1.618396215   -2.792526803   48.238132730   53.359529134   -6.459822131
    1.808795770   -2.792526803   57.931453939   45.988509235   -3.080799812
    1.999195325   -2.792526803   64.954891777   26.114072175    0.560001544
    2.189594880   -2.792526803   67.451391417   -0.462331209    4.590090434
    2.379994435   -2.792526803   64.777002676  -27.124658544    9.035758755
    2.570393989   -2.792526803   57.491605774  -48.052126904   13.722041330
    2.760793544   -2.792526803   47.103409671  -59.288662635   18.284169936
    2.951193099   -2.792526803   35.642777272  -59.313034596   22.292054962

   -3.141592654   -2.443460953   33.918098086  -45.146297856   23.232183057
   -2.951193099   -2.443460953   26.687642173  -30.224820929   24.864180997
   -2.760793544   -2.443460953   22.575714153  -13.117932369   25.595056738
   -2.570393989   -2.443460953   21.557442231    1.654678430   25.651581812
   -2.379994435   -2.443460953   22.878064889   11.187254274   25.383207010
   -2.189594880   -2.443460953   25.466903556   15.161543453   25.200682963
   -1.999195325   -2.443460953   28.431679977   15.627062077   25.430057909
   -1.808795770   -2.443460953   31.395918756   15.661091976   26.119591711
   -1.618396215   -2.443460953   34.524495228   17.603898163   26.917070426
   -1.427996661   -2.443460953   38.261546623   21.960102228   27.147439349
   -1.237597106   -2.443460953   42.964650906   27.401029066   26.069637643
   -1.047197551   -2.443460953   48.633088036   31.721440293   23.201931611
   -0.856797996   -2.443460953   54.851274952   32.809773613   18.521279609
   -0.666398442   -2.443460953   60.854391052   29.268764973   12.480554079
   -0.475998887   -2.443460953   65.685823341   20.465756478    5.820446038
   -0.285599332   -2.443460953   68.342998420    6.534882794   -0.661976281
   -0.095199777   -2.443460953   67.936443553  -11.392261071   -6.323975482
    0.095199777   -2.443460953   63.930061190  -30.687150010  -10.778052103
    0.285599332   -2.443460953   56.459131934  -46.902529533  -13.875509252
    0.475998887   -2.443460953   46.630235675  -54.586366134  -15.636386015
    0.666398442   -2.443460953   36.526572795  -49.268309990  -16.161847149
    0.856797996   -2.443460953   28.773763382  -30.133954871  -15.599926994
    1.047197551   -2.443460953   25.676845882   -1.469135259  -14.133908795
    1.237597106   -2.443460953   28.307060252   28.456644318  -11.980176676
    1.427996661   -2.443460953   36.025078681   50.646955958   -9.350653017
    1.618396215   -2.443460953   46.704007409   58.917657395   -6.395089759
    1.808795770   -2.443460953   57.485045058   51.894491925   -3.146872070
    1.999195325   -2.443460953   65.689397803   32.655252440    0.440887862
    2.189594880   -2.443460953   69.507412237    6.868729856    4.410678800
    2.379994435   -2.443460953   68.293502817  -19.187515173    8.690320050
    2.570393989   -2.443460953   62.536067646  -40.067298010   13.052885659
    2.760793544   -2.443460953   53.614874859  -52.004271148   17.150703999
    2.951193099   -2.443460953   43.420041891  -53.410809153   20.628914992

   -3.141592654   -2.094395102   40.540844371  -41.456927280   13.684201660
   -2.951193099   -2.094395102   33.892607578  -27.807269268   14.767221255
   -2.760793544   -2.094395102   30.124661240  -11.899621721   15.356871017
   -2.570393989   -2.094395102   29.238625603    1.875698562   15.534162203
   -2.379994435   -2.094395102   30.534916931   10.783101226   15.396700323
   -2.189594880   -2.094395102   33.023347293   14.579685228   15.056864470
   -1.999195325   -2.094395102   35.883744680   15.126002545   14.590925140
   -1.808795770   -2.094395102   38.747212288   15.019340087   13.949294997
   -1.618396215   -2.094395102   41.683094951   16.063085480   12.907996390
   -1.427996661   -2.094395102   44.958814567   18.494701297   11.138019629
   -1.237597106   -2.094395102   48.751288463   21.233686742    8.363513955
   -1.047197551   -2.094395102   52.974007268   22.768976555    4.537056536
   -0.856797996   -2.094395102   57.277750692   21.859089441   -0.090829542
   -0.666398442   -2.094395102   61.113877701   17.727759400   -5.012498083
   -0.475998887   -2.094395102   63.817406028    9.916426816   -9.634545346
   -0.285599332   -2.094395102   64.662527831   -1.772406781  -13.444618532
   -0.095199777   -2.094395102   62.941941344  -16.836289882  -16.141770108
    0.095199777   -2.094395102   58.173020541  -33.302011130  -17.681546612
    0.285599332   -2.094395102   50.435741009  -47.192536780  -18.214531371
    0.475998887   -2.094395102   40.717876318  -53.234547233  -17.997564263
    0.666398442   -2.094395102   30.976199232  -46.897696634  -17.272370406
    0.856797996   -2.094395102   23.735411951  -27.167777609  -16.199885337
    1.047197551   -2.094395102   21.241549200    1.890420349  -14.825773796
    1.237597106   -2.094395102   24.543516912   32.165080755  -13.115436943
    1.427996661   -2.094395102   33.005333071   54.762143712  -11.018381785
    1.618396215   -2.094395102   44.516109416   63.557067118   -8.521533978
    1.808795770   -2.094395102   56.240416718   57.168321824   -5.660763305
    1.999195325   -2.094395102   65.514426998   38.603408752   -2.524624733
    2.189594880   -2.094395102   70.522746003   13.376507777    0.764947090
    2.379994435   -2.094395102   70.579788138  -12.419001229    4.046863282
    2.570393989   -2.094395102   66.102049955  -33.485985134    7.137191393
    2.760793544   -2.094395102   58.379439981  -46.078012727    9.850063239
    2.951193099   -2.094395102   49.221465719  -48.503600550   12.051101082

   -3.141592654   -1.745329252   42.598859968  -39.815630273    4.758168869
   -2.951193099   -1.745329252   36.223523291  -26.584038785    5.247104710
   -2.760793544   -1.745329252   32.649777449  -11.093257904    5.565509404
   -2.570393989   -1.745329252   31.870349090    2.167985096    5.692060876
   -2.379994435   -1.745329252   33.163101902   10.426882349    5.542333310
   -2.189594880   -1.745329252   35.509552048   13.413505971    5.001167605
   -1.999195325   -1.745329252   38.052501558   12.911196162    3.942865596
   -1.808795770   -1.745329252   40.367861449   11.414952947    2.240211731
   -1.618396215   -1.745329252   42.458057498   10.743124409   -0.199857019
   -1.427996661   -1.745329252   44.547400912   11.376524213   -3.361289162
   -1.237597106   -1.745329252   46.839470741   12.709992208   -7.062799934
   -1.047197551   -1.745329252   49.373705100   13.746224278  -10.953870584
   -0.856797996   -1.745329252   52.009073951   13.576858592  -14.597320102
   -0.666398442   -1.745329252   54.434844282   11.368867139  -17.567121666
   -0.475998887   -1.745329252   56.176806567    6.261584871  -19.569100541
   -0.285599332   -1.745329252   56.600002858   -2.567646612  -20.496989552
   -0.095199777   -1.745329252   54.968256809  -15.227549023  -20.445655522
    0.095199777   -1.745329252   50.668079139  -30.149603309  -19.686493734
    0.285599332   -1.745329252   43.598684422  -43.490181823  -18.570264208
    0.475998887   -1.745329252   34.568894022  -49.812127413  -17.433953162
    0.666398442   -1.745329252   25.412195149  -44.208988243  -16.479339424
    0.856797996   -1.745329252   18.611993911  -25.184655744  -15.718714268
    1.047197551   -1.745329252   16.460447267    3.595172652  -14.973608254
    1.237597106   -1.745329252   20.106875577   34.164339156  -13.969118403
    1.427996661   -1.745329252   29.016514329   57.504226708  -12.481065858
    1.618396215   -1.745329252   41.134748877   67.176105344  -10.443380320
    1.808795770   -1.745329252   53.619358676   61.468062311   -7.966801150
    1.999195325   -1.745329252   63.748311814   43.203871860   -5.290025487
    2.189594880   -1.745329252   69.629275534   17.866994641   -2.675192133
    2.379994435   -1.745329252   70.505432119   -8.356695522   -0.343206283
    2.570393989   -1.745329252   66.744709737  -30.047095488    1.570853425
    2.760793544   -1.745329252   59.612703801  -43.316260906    3.020573057
    2.951193099   -1.745329252   50.920525570  -46.359862139    4.050298804

   -3.141592654   -1.396263402   40.785665854  -40.236343671    2.636503897
   -2.951193099   -1.396263402   34.339085918  -26.897287209    2.532998694
   -2.760793544   -1.396263402   30.723041405  -11.234303302    2.272155351
   -2.570393989   -1.396263402   29.924737353    2.070792755    1.821782737
   -2.379994435   -1.396263402   31.180233603   10.059559778    1.042344635
   -2.189594880   -1.396263402   33.393194528   12.284117580   -0.279267029
   -1.999195325   -1.396263402   35.601621049   10.432017240   -2.363793996
   -1.808795770   -1.396263402   37.277520806    7.125388680   -5.345185091
   -1.618396215   -1.396263402   38.372448771    4.623001484   -9.163705745
   -1.427996661   -1.396263402   39.165885185    4.041371757  -13.491667548
   -1.237597106   -1.396263402   40.036213818    5.342091072  -17.766262210
   -1.047197551   -1.396263402   41.275363981    7.731150904  -21.329865029
   -0.856797996   -1.396263402   42.989089126   10.061592466  -23.638744922
   -0.666398442   -1.396263402   45.032272816   10.894303423  -24.413148308
   -0.475998887   -1.396263402   46.966507531    8.674876067  -23.709121104
   -0.285599332   -1.396263402   48.067910376    1.983794799  -21.864670971
   -0.095199777   -1.396263402   47.420048023   -9.655951077  -19.379255765
    0.095199777   -1.396263402   44.182355568  -24.756865631  -16.788484743
    0.285599332   -1.396263402   38.038339446  -39.308253831  -14.519030510
    0.475998887   -1.396263402   29.636464882  -47.444270279  -12.820276166
    0.666398442   -1.396263402   20.751775299  -43.666993177  -11.717233352
    0.856797996   -1.396263402   13.925714477  -25.860147977  -11.045697164
    1.047197551   -1.396263402   11.609710440    2.715843584  -10.516462011
    1.237597106   -1.396263402   15.152385591   34.081671069   -9.822368107
    1.427996661   -1.396263402   24.175525876   58.810375505   -8.755275246
    1.618396215   -1.396263402   36.678979282   69.850444460   -7.260244358
    1.808795770   -1.396263402   49.762870850   64.955477862   -5.434821644
    1.999195325   -1.396263402   60.573208831   46.739649895   -3.474790596
    2.189594880   -1.396263402   67.077811284   20.784108003   -1.591766916
    2.379994435   -1.396263402   68.419787874   -6.417460484    0.033460216
    2.570393989   -1.396263402   64.930650559  -29.119420472    1.282561281
    2.760793544   -1.396263402   57.895187337  -43.176901610    2.104555756
    2.951193099   -1.396263402   49.181231320  -46.668117344    2.528156697

   -3.141592654   -1.047197551   38.438819027  -42.433156278    3.748304660
   -2.951193099   -1.047197551   31.583279991  -28.952233436    2.688482346
   -2.760793544   -1.047197551   27.609144482  -12.932269333    1.364422883
   -2.570393989   -1.047197551   26.517027862    0.633764858   -0.156878163
   -2.379994435   -1.047197551   27.491498676    8.441180026   -1.939977303
   -2.189594880   -1.047197551   29.325763473    9.802597437   -4.172257648
   -1.999195325   -1.047197551   30.926709227    6.451097022   -7.074646453
   -1.808795770   -1.047197551   31.680203064    1.436127895  -10.740286652
   -1.618396215   -1.047197551   31.564431022   -2.252430741  -14.971105451
   -1.427996661   -1.047197551   31.029833016   -2.780449303  -19.220946317
   -1.237597106   -1.047197551   30.732533241    0.167002203  -22.719598088
   -1.047197551   -1.047197551   31.255318490    5.554105389  -24.738403276
   -0.856797996   -1.047197551   32.897005595   11.506962322  -24.870470157
   -0.666398442   -1.047197551   35.542144530   15.640529889  -23.170565070
   -0.475998887   -1.047197551   38.611926325   15.619074594  -20.116922550
   -0.285599332   -1.047197551   41.126297640    9.619743885  -16.425843942
   -0.095199777   -1.047197551   41.879379616   -2.811555449  -12.807683484
    0.095199777   -1.047197551   39.779645763  -19.785179866   -9.778279172
    0.285599332   -1.047197551   34.360156304  -36.696713585   -7.530693804
    0.475998887   -1.047197551   26.239065241  -47.021947252   -5.977002263
    0.666398442   -1.047197551   17.280137711  -44.720868354   -4.862034393
    0.856797996   -1.047197551   10.194853839  -27.363123911   -3.933404371
    1.047197551   -1.047197551    7.634050438    1.783244499   -3.040273897
    1.237597106   -1.047197551   11.113218676   34.398617835   -2.138606530
    1.427996661   -1.047197551   20.334493438   60.539977493   -1.244282022
    1.618396215   -1.047197551   33.278073408   72.640718692   -0.353973861
    1.808795770   -1.047197551   46.942244326   68.128002979    0.564508148
    1.999195325   -1.047197551   58.335734877   49.579442423    1.542645482
    2.189594880   -1.047197551   65.304516787   22.748223282    2.561630133
    2.379994435   -1.047197551   66.913551170   -5.598067143    3.520374748
    2.570393989   -1.047197551   63.468203825  -29.463986223    4.253074568
    2.760793544   -1.047197551   56.269610511  -44.496058724    4.585336311
    2.951193099   -1.047197551   47.237150573  -48.631459508    4.415825132

   -3.141592654   -0.698131701   38.209005496  -45.632951640    3.839298889
   -2.951193099   -0.698131701   30.711449443  -32.426121913    1.607026558
   -2.760793544   -0.698131701   26.076125256  -16.367314038   -0.925730917
   -2.570393989   -0.698131701   24.337694625   -2.749696420   -3.554019990
   -2.379994435   -0.698131701   24.649223512    4.779871299   -6.223957664
   -2.189594880   -0.698131701   25.718800426    5.345623792   -9.063827919
   -1.999195325   -0.698131701   26.363629622    0.841807049  -12.275605058
   -1.808795770   -0.698131701   25.949133602   -5.127215179  -15.905165950
   -1.618396215   -0.698131701   24.562247204   -8.823341397  -19.637640886
   -1.427996661   -0.698131701   22.891971907   -7.865514488  -22.779925731
   -1.237597106   -0.698131701   21.888158159   -1.952440373  -24.493767789
   -1.047197551   -0.698131701   22.362313112    7.219965786  -24.173019722
   -0.856797996   -0.698131701   24.673402412   16.741351462  -21.745980736
   -0.666398442   -0.698131701   28.566571169   23.250595953  -17.731810508
   -0.475998887   -0.698131701   33.175704273   23.871042475  -13.032687921
   -0.285599332   -0.698131701   37.185261730   16.827780326   -8.593788271
   -0.095199777   -0.698131701   39.116360655    2.220557979   -5.065848091
    0.095199777   -0.698131701   37.739663458  -17.196063676   -2.637869541
    0.285599332   -0.698131701   32.618424097  -36.008721668   -1.037346649
    0.475998887   -0.698131701   24.528219543  -47.194655691    0.240391804
    0.666398442   -0.698131701   15.540379197  -44.710169557    1.642162742
    0.856797996   -0.698131701    8.531337765  -26.537432486    3.315476414
    1.047197551   -0.698131701    6.216848965    3.497033971    5.069602568
    1.237597106   -0.698131701   10.082348459   36.647095312    6.550836822
    1.427996661   -0.698131701   19.747169611   62.873170881    7.472509035
    1.618396215   -0.698131701   33.117790164   74.753572456    7.796647255
    1.808795770   -0.698131701   47.153641074   69.913002168    7.711729428
    1.999195325   -0.698131701   58.854759289   51.022422639    7.498879609
    2.189594880   -0.698131701   66.060448048   23.774018028    7.353927531
    2.379994435   -0.698131701   67.809791297   -5.189625843    7.288831752
    2.570393989   -0.698131701   64.362408690  -29.934181572    7.131883784
    2.760793544   -0.698131701   56.975369712  -46.012422396    6.622978799
    2.951193099   -0.698131701   47.557061681  -51.141227620    5.549264907

   -3.141592654   -0.349065850   38.997149737  -50.262470661    3.382242076
   -2.951193099   -0.349065850   30.544522907  -37.736931899    0.371259740
   -2.760793544   -0.349065850   24.871137744  -21.879304909   -2.816736831
   -2.570393989   -0.349065850   22.088814513   -8.182634347   -5.927444546
   -2.379994435   -0.349065850   21.370959216   -0.636931770   -8.865313912
   -2.189594880   -0.349065850   21.388018415   -0.340922328  -11.725069034
   -1.999195325   -0.349065850   20.911313255   -5.230338297  -14.658349489
   -1.808795770   -0.349065850   19.335455148  -11.108541386  -17.621581230
   -1.618396215   -0.349065850   16.907316596  -13.532063398  -20.196650892
   -1.427996661   -0.349065850   14.581702407   -9.790240693  -21.657347070
   -1.237597106   -0.349065850   13.571675017    0.027832553  -21.292559740
   -1.047197551   -0.349065850   14.811296952   13.193524669  -18.813062315
   -0.856797996   -0.349065850   18.559291521   25.579843633  -14.576598200
   -0.666398442   -0.349065850   24.255576646   32.988745046   -9.491457352
   -0.475998887   -0.349065850   30.636616471   32.422405962   -4.642679161
   -0.285599332   -0.349065850   36.037644360   22.728106120   -0.871252158
   -0.095199777   -0.349065850   38.800517422    5.080067438    1.542171582
    0.095199777   -0.349065850   37.731281115  -16.623793085    2.921178980
    0.285599332   -0.349065850   32.616058637  -36.244796478    4.003331378
    0.475998887   -0.349065850   24.528870557  -46.709882834    5.541037920
    0.666398442   -0.349065850   15.780655622  -42.623703236    7.911979549
    0.856797996   -0.349065850    9.322631898  -22.962667555   10.912404434
    1.047197551   -0.349065850    7.762535074    7.634347157   13.865217842
    1.237597106   -0.349065850   12.376472006   40.176800484   16.000874843
    1.427996661   -0.349065850   22.588904745   65.019769034   16.838924825
    1.618396215   -0.349065850   36.224093644   75.425105561   16.401117172
    1.808795770   -0.349065850   50.280803978   69.568019459   15.105284012
    1.999195325   -0.349065850   61.868024036   50.264942503   13.503035925
    2.189594880   -0.349065850   68.921213972   22.962994111   11.993881123
    2.379994435   -0.349065850   70.509356706   -6.111917611   10.691175297
    2.570393989   -0.349065850   66.846892685  -31.347830160    9.435659662
    2.760793544   -0.349065850   59.107005366  -48.367619061    7.937799711
    2.951193099   -0.349065850   49.128645479  -54.687487939    5.948319556

   -3.141592654    0.000000000   40.229677991  -55.543596336    2.368818795
   -2.951193099    0.000000000   30.716815891  -43.488460652   -0.521123574
   -2.760793544    0.000000000   23.943140698  -27.593692318   -3.385984732
   -2.570393989    0.000000000   20.106230630  -13.508864375   -6.066447600
   -2.379994435    0.000000000   18.415634227   -5.544811932   -8.530924226
   -2.189594880    0.000000000   17.524245449   -5.000195028  -10.870499632
   -1.999195325    0.000000000   16.180955170   -9.628912676  -13.153737474
   -1.808795770    0.000000000   13.831383709  -14.683847428  -15.213982227
   -1.618396215    0.000000000   10.886106201  -15.170198078  -16.560807734
   -1.427996661    0.000000000    8.529229208   -8.311337693  -16.545036366
   -1.237597106    0.000000000    8.145681805    5.127950950  -14.714830576
   -1.047197551    0.000000000   10.658086595   21.248744730  -11.152337923
   -0.856797996    0.000000000   16.088533105   34.838616744   -6.542724773
   -0.666398442    0.000000000   23.489831283   41.290604172   -1.922459448
   -0.475998887    0.000000000   31.217963318   38.057625851    1.777203980
   -0.285599332    0.000000000   37.382206397   25.120853165    4.106251632
   -0.095199777    0.000000000   40.341978533    4.969841636    5.272900530
    0.095199777    0.000000000   39.146749489  -17.503653011    6.010937803
    0.285599332    0.000000000   33.949478641  -35.926600850    7.233799106
    0.475998887    0.000000000   26.151734238  -43.862392022    9.590945758
    0.666398442    0.000000000   18.203848786  -37.183954828   13.131955587
    0.856797996    0.000000000   12.940291249  -16.171275087   17.243132555
    1.047197551    0.000000000   12.651168782   13.851744152   20.908169850
    1.237597106    0.000000000   18.254827583   44.134455843   23.188437470
    1.427996661    0.000000000   28.939659646   66.011999975   23.618473811
    1.618396215    0.000000000   42.506083251   73.860137369   22.352345582
    1.808795770    0.000000000   56.105441351   66.541748856   19.976067741
    1.999195325    0.000000000   67.068259228   46.893826040   17.183903044
    2.189594880    0.000000000   73.502144277   19.890231447   14.476696709
    2.379994435    0.000000000   74.539470281   -8.867578515   12.046447958
    2.570393989    0.000000000   70.351414612  -34.201690539    9.808564230
    2.760793544    0.000000000   62.016203709  -51.844303237    7.553273116
    2.951193099    0.000000000   51.289206090  -59.100304077    5.093509829

   -3.141592654    0.349065850   42.135741653  -59.938581793    2.096540330
   -2.951193099    0.349065850   31.761278023  -48.073896722    0.256391295
   -2.760793544    0.349065850   24.117598818  -32.090079189   -1.393889256
   -2.570393989    0.349065850   19.448639748  -17.731259093   -2.886468362
   -2.379994435    0.349065850   16.980555821   -9.491894186   -4.318413168
   -2.189594880    0.349065850   15.359257403   -8.708987305   -5.801697561
   -1.999195325    0.349065850   13.346095543  -12.876975913   -7.334736295
   -1.808795770    0.349065850   10.471140299  -16.800314032   -8.675522892
   -1.618396215    0.349065850    7.304516838  -15.218932160   -9.358957524
   -1.427996661    0.349065850    5.194129745   -5.609310717   -8.910132501
   -1.237597106    0.349065850    5.584280550   10.445513659   -7.140321651
   -1.047197551    0.349065850    9.275698741   28.056674795   -4.332485127
   -0.856797996    0.349065850   16.007533369   41.389466467   -1.161086756
   -0.666398442    0.349065850   24.499740492   45.986460189    1.615168447
   -0.475998887    0.349065850   32.877381269   40.149865035    3.534907055
   -0.285599332    0.349065850   39.219734927   25.068718962    4.638697897
   -0.095199777    0.349065850   42.077734210    4.255856005    5.459678033
    0.095199777    0.349065850   40.835466969  -16.974255465    6.779444210
    0.285599332    0.349065850   35.984383030  -32.641689908    9.264110284
    0.475998887    0.349065850   29.118418700  -37.412115680   13.129143590
    0.666398442    0.349065850   22.634132318  -28.539962580   17.959459585
    0.856797996    0.349065850   19.071364128   -7.351891907   22.804586132
    1.047197551    0.349065850   20.299152669   20.624511975   26.527748158
    1.237597106    0.349065850   26.868903544   47.356007294   28.273314811
    1.427996661    0.349065850   37.797147417   65.422762645   27.784940299
    1.618396215    0.349065850   50.950818282   70.332851250   25.436825386
    1.808795770    0.349065850   63.711135251   61.508198799   21.974049142
    1.999195325    0.349065850   73.679272629   41.658428260   18.171816547
    2.189594880    0.349065850   79.162134395   15.212035600   14.570030135
    2.379994435    0.349065850   79.376301942  -12.862276999   11.407676526
    2.570393989    0.349065850   74.471320058  -37.807686470    8.681079373
    2.760793544    0.349065850   65.451489935  -55.496877654    6.284188939
    2.951193099    0.349065850   53.998159169  -63.104822585    4.107329753

   -3.141592654    0.698131701   43.824920821  -62.215344482    0.742011911
   -2.951193099    0.698131701   33.033305830  -50.165345288    0.460575416
   -2.760793544    0.698131701   24.999204447  -34.104953032    0.422248321
   -2.570393989    0.698131701   19.943261992  -19.796174131    0.406196025
   -2.379994435    0.698131701   17.066602895  -11.720843623    0.215013396
   -2.189594880    0.698131701   15.005700902  -11.062993288   -0.267027957
   -1.999195325    0.698131701   12.555733644  -15.023150459   -1.006147641
   -1.808795770    0.698131701    9.339140250  -18.122113486   -1.788488112
   -1.618396215    0.698131701    6.049845424  -15.100013134   -2.292143556
   -1.427996661    0.698131701    4.121450414   -3.831079534   -2.259287409
   -1.237597106    0.698131701    4.978012944   13.433121191   -1.653355235
   -1.047197551    0.698131701    9.277545207   31.264583763   -0.693576436
   -0.856797996    0.698131701   16.554565939   43.751746395    0.291739919
   -0.666398442    0.698131701   25.366780854   46.962906847    1.085636243
   -0.475998887    0.698131701   33.815613729   40.042221726    1.769217448
   -0.285599332    0.698131701   40.116937452   24.970738515    2.719904636
   -0.095199777    0.698131701   43.072539252    5.625131954    4.465726125
    0.095199777    0.698131701   42.332359884  -12.915729884    7.446181619
    0.285599332    0.698131701   38.552890750  -25.458247002   11.759725946
    0.475998887    0.698131701   33.307821973  -27.783260084   17.029402256
    0.666398442    0.698131701   28.760365203  -18.184259953   22.418784451
    0.856797996    0.698131701   27.062068061    1.493023815   26.860155288
    1.047197551    0.698131701   29.668628393   26.001738608   29.409632720
    1.237597106    0.698131701   36.846304053   48.319155286   29.588309811
    1.427996661    0.698131701   47.553512111   62.300985276   27.531280721
    1.618396215    0.698131701   59.822739933   64.433915927   23.867158269
    1.808795770    0.698131701   71.327388169   54.483571027   19.418937030
    1.999195325    0.698131701   79.963691269   34.868708549   14.917454314
    2.189594880    0.698131701   84.241371823    9.415765793   10.838810673
    2.379994435    0.698131701   83.463690519  -17.499109842    7.417783889
    2.570393989    0.698131701   77.772998246  -41.467661012    4.723648763
    2.760793544    0.698131701   68.125102952  -58.480496686    2.753761318
    2.951193099    0.698131701   56.146973182  -65.658679089    1.457685321

   -3.141592654    1.047197551   42.516668678  -62.434452401   -3.714995089
   -2.951193099    1.047197551   31.773377448  -49.487513179   -2.695540527
   -2.760793544    1.047197551   23.916337205  -32.991797119   -1.435425416
   -2.570393989    1.047197551   19.079611155  -18.663513047   -0.273409458
   -2.379994435    1.047197551   16.394142975  -10.874464730    0.572911519
   -2.189594880    1.047197551   14.454321404  -10.637827641    1.021866220
   -1.999195325    1.047197551   12.048126318  -14.962312454    1.103357028
   -1.808795770    1.047197551    8.823302219  -18.231498151    0.913723451
   -1.618396215    1.047197551    5.511630788  -15.209101914    0.561867537
   -1.427996661    1.047197551    3.564794198   -3.939500535    0.118889624
   -1.237597106    1.047197551    4.387587066   13.132260125   -0.379294369
   -1.047197551    1.047197551    8.595508935   30.576927087   -0.880100997
   -0.856797996    1.047197551   15.707524350   42.749397765   -1.226396560
   -0.666398442    1.047197551   24.339299656   46.206470935   -1.127970965
   -0.475998887    1.047197551   32.742902742   40.505518149   -0.198752994
   -0.285599332    1.047197551   39.336608272   27.738084742    1.913364972
   -0.095199777    1.047197551   43.101669502   11.435679105    5.376667657
    0.095199777    1.047197551   43.762419343   -4.092067630   10.065440789
    0.285599332    1.047197551   41.879608699  -14.597420058   15.489939902
    0.475998887    1.047197551   38.758322298  -16.687977333   20.856772643
    0.666398442    1.047197551   36.174892963   -9.006283659   25.221909194
    0.856797996    1.047197551   35.890910723    6.932252726   27.756073193
    1.047197551    1.047197551   39.097142407   26.813037103   28.005106825
    1.237597106    1.047197551   46.003666988   44.803588217   26.025266915
    1.427996661    1.047197551   55.721055873   55.673923365   22.335035671
    1.618396215    1.047197551   66.555184511   56.234738006   17.676797880
    1.808795770    1.047197551   76.457767974   46.028507996   12.750002601
    1.999195325    1.047197551   83.529933739   26.980183900    8.057405386
    2.189594880    1.047197551   86.394425115    2.501655712    3.896822164
    2.379994435    1.047197551   84.409516193  -23.240351712    0.461196872
    2.570393989    1.047197551   77.749777330  -45.874756717   -2.091230709
    2.760793544    1.047197551   67.399698642  -61.430780942   -3.628507149
    2.951193099    1.047197551   54.998890087  -67.147082638   -4.124759552

   -3.141592654    1.396263402   38.025397196  -60.661763362  -10.209315030
   -2.951193099    1.396263402   27.773172928  -46.216707083   -8.780499574
   -2.760793544    1.396263402   20.615878688  -29.051839590   -6.997991699
   -2.570393989    1.396263402   16.531937122  -14.803544832   -5.166699127
   -2.379994435    1.396263402   14.529001891   -7.629805091   -3.432912693
   -2.189594880    1.396263402   13.122096787   -8.318678753   -1.832590483
   -1.999195325    1.396263402   11.055670921  -13.734829533   -0.392587161
   -1.808795770    1.396263402    7.953328341  -18.185400561    0.792796388
   -1.618396215    1.396263402    4.535071888  -16.377676562    1.568369060
   -1.427996661    1.396263402    2.258441056   -6.208776495    1.800602537
   -1.237597106    1.396263402    2.574845289   10.160086376    1.507526939
   -1.047197551    1.396263402    6.210526173   27.688613987    0.937846312
   -0.856797996    1.396263402   12.866427980   41.040713898    0.564036267
   -0.666398442    1.396263402   21.379006901   46.842049779    0.940955416
   -0.475998887    1.396263402   30.198732053   44.336357805    2.529389106
   -0.285599332    1.396263402   37.848543546   34.958429332    5.533970833
   -0.095199777    1.396263402   43.266752612   21.407235905    9.810660203
    0.095199777    1.396263402   45.978248341    7.182514663   14.876176208
    0.285599332    1.396263402   46.212156613   -3.983362491   19.953127109
    0.475998887    1.396263402   44.886911033   -8.748923365   24.131181610
    0.666398442    1.396263402   43.436044386   -5.223460607   26.573097517
    0.856797996    1.396263402   43.428533176    6.078754157   26.771251441
    1.047197551    1.396263402   46.073641100   21.962322887   24.710824164
    1.237597106    1.396263402   51.788087126   37.407570075   20.849964392
    1.427996661    1.396263402   59.984424078   47.330037311   15.935034210
    1.618396215    1.396263402   69.235545358   48.071987601   10.702703428
    1.808795770    1.396263402   77.641361291   38.479734430    5.661205207
    1.999195325    1.396263402   83.332833619   19.993194706    1.056241787
    2.189594880    1.396263402   84.911886699   -4.007259758   -3.015686353
    2.379994435    1.396263402   81.747525968  -29.046843081   -6.441633823
    2.570393989    1.396263402   74.092031077  -50.406003424   -9.025773152
    2.760793544    1.396263402   63.052052809  -64.043362739  -10.546522529
    2.951193099    1.396263402   50.366367564  -67.487289865  -10.903158353

   -3.141592654    1.745329252   31.459099036  -58.679698901  -16.491690095
   -2.951193099    1.745329252   21.743439677  -42.674523169  -15.228677716
   -2.760793544    1.745329252   15.350365574  -24.688501353  -13.400142507
   -2.570393989    1.745329252   12.125605924  -10.228453172  -11.228912841
   -2.379994435    1.745329252   10.979604422   -3.258699506   -8.803022915
   -2.189594880    1.745329252   10.360803704   -4.463294069   -6.142252080
   -1.999195325    1.745329252    8.953739679  -10.731432743   -3.319860392
   -1.808795770    1.745329252    6.312703960  -16.408710722   -0.550855644
   -1.618396215    1.745329252    3.094244881  -16.086106426    1.841326485
   -1.427996661    1.745329252    0.738930767   -7.274761414    3.561407474
   -1.237597106    1.745329252    0.775570996    8.429379715    4.525289893
   -1.047197551    1.745329252    4.112117435   26.493024720    4.957882956
   -0.856797996    1.745329252   10.698442791   41.707176203    5.351287471
   -0.666398442    1.745329252   19.598268276   50.351058303    6.262021921
   -0.475998887    1.745329252   29.382661008   50.926287756    8.080216183
   -0.285599332    1.745329252   38.538162451   44.002733432   10.864075267
   -0.095199777    1.745329252   45.809258489   31.557148492   14.278089933
    0.095199777    1.745329252   50.418086989   16.647274041   17.676980243
    0.285599332    1.745329252   52.243102190    2.985475717   20.242423511
    0.475998887    1.745329252   51.891565025   -5.667501258   21.230133297
    0.666398442    1.745329252   50.605138210   -6.582218603   20.208419580
    0.856797996    1.745329252   49.944551663    0.749890943   17.247473458
    1.047197551    1.745329252   51.296050092   13.964415259   12.908723250
    1.237597106    1.745329252   55.364487255   28.373138587    8.018302925
    1.427996661    1.745329252   61.851751038   38.572433044    3.348018820
    1.618396215    1.745329252   69.515970416   40.191119607   -0.672319591
    1.808795770    1.745329252   76.503124183   31.406055506   -4.029590152
    1.999195325    1.745329252   80.896243598   13.373362107   -6.972167025
    2.189594880    1.745329252   81.241721915  -10.331197042   -9.751083937
    2.379994435    1.745329252   76.920285889  -34.780886002  -12.402682378
    2.570393989    1.745329252   68.280148952  -54.876878264  -14.703147426
    2.760793544    1.745329252   56.565944017  -66.544324066  -16.296547308
    2.951193099    1.745329252   43.622319461  -67.660202356  -16.909138042

   -3.141592654    2.094395102   24.421429775  -57.668647360  -18.929556599
   -2.951193099    2.094395102   15.028319672  -40.369427164  -17.780609810
   -2.760793544    2.094395102    9.166440340  -21.481055787  -15.890168265
   -2.570393989    2.094395102    6.619527941   -6.342222568  -13.411754762
   -2.379994435    2.094395102    6.273469787    1.251310819  -10.432296670
   -2.189594880    2.094395102    6.569436501    0.609763198   -7.007668317
   -1.999195325    2.094395102    6.163047107   -5.370319965   -3.246775039
   -1.808795770    2.094395102    4.530155304  -11.288914506    0.614608002
   -1.618396215    2.094395102    2.215899051  -11.803164732    4.230998151
   -1.427996661    2.094395102    0.568155282   -4.152161540    7.258214498
   -1.237597106    2.094395102    1.102329141   10.597559519    9.515525037
   -1.047197551    2.094395102    4.816058330   28.428470246   11.083817679
   -0.856797996    2.094395102   11.821088031   44.308788375   12.273967506
   -0.666398442    2.094395102   21.334808272   54.255265968   13.446637561
   -0.475998887    2.094395102   31.994421348   56.157261562   14.809016141
   -0.285599332    2.094395102   42.223669417   49.869495845   16.285814141
   -0.095199777    2.094395102   50.576668670   36.815779325   17.500681972
    0.095199777    2.094395102   56.011410366   19.819363734   17.901681071
    0.285599332    2.094395102   58.139319336    2.832727692   16.931901950
    0.475998887    2.094395102   57.392367433   -9.686325317   14.279167382
    0.666398442    2.094395102   55.000892080  -14.002262159   10.056580277
    0.856797996    2.094395102   52.707102838   -8.682158060    4.860397264
    1.047197551    2.094395102   52.215888914    4.347560480   -0.409903441
    1.237597106    2.094395102   54.567100367   20.159240633   -4.898089019
    1.427996661    2.094395102   59.692489250   32.523899907   -8.117245559
    1.618396215    2.094395102   66.400412151   36.089070342  -10.111538664
    1.808795770    2.094395102   72.724505676   28.377401414  -11.345028832
    1.999195325    2.094395102   76.563748061   10.453151768  -12.412697831
    2.189594880    2.094395102   76.315763213  -13.672873889  -13.737718434
    2.379994435    2.094395102   71.321759615  -38.420047351  -15.397814174
    2.570393989    2.094395102   62.007589031  -58.175560631  -17.135819134
    2.760793544    2.094395102   49.758634028  -68.739640606  -18.525823180
    2.951193099    2.094395102   36.543180742  -68.264325664  -19.187453935

   -3.141592654    2.443460953   17.931748857  -57.419765089  -12.724390519
   -2.951193099    2.443460953    8.706523776  -38.863483355  -11.249252763
   -2.760793544    2.443460953    3.255693172  -18.680544579   -9.255585565
   -2.570393989    2.443460953    1.369073282   -2.208803472   -6.863234503
   -2.379994435    2.443460953    1.938480202    6.721766866   -4.124900465
   -2.189594880    2.443460953    3.394417877    7.276438301   -1.015228429
   -1.999195325    2.443460953    4.343208121    2.101286814    2.507957922
   -1.808795770    2.443460953    4.160473195   -3.655707367    6.390444733
   -1.618396215    2.443460953    3.256718132   -4.742795079   10.406080690
   -1.427996661    2.443460953    2.852742331    1.779436629   14.179498122
   -1.237597106    2.443460953    4.393875786   15.243228461   17.315866186
   -1.047197551    2.443460953    8.887787716   32.042305201   19.556005831
   -0.856797996    2.443460953   16.516537891   47.309780570   20.850427388
   -0.666398442    2.443460953   26.566530367   56.892101668   21.295458102
   -0.475998887    2.443460953   37.683915648   58.254827422   20.993191026
   -0.285599332    2.443460953   48.214947934   50.794210169   19.932901930
   -0.095199777    2.443460953   56.561530859   35.668164389   17.948302545
    0.095199777    2.443460953   61.510755340   15.749371152   14.805980567
    0.285599332    2.443460953   62.550609175   -4.529440548   10.356551089
    0.475998887    2.443460953   60.116992562  -19.892236238    4.742249344
    0.666398442    2.443460953   55.613395634  -25.679589029   -1.496415187
    0.856797996    2.443460953   51.109101275  -19.864954894   -7.477871491
    1.047197551    2.443460953   48.689277677   -4.453848058  -12.262316998
    1.237597106    2.443460953   49.687071613   14.837438765  -15.220210707
    1.427996661    2.443460953   54.132982687   30.603601792  -16.271849132
    1.618396215    2.443460953   60.717392179   36.482132644  -15.889978650
    1.808795770    2.443460953   67.215448950   29.571240274  -14.838547202
    1.999195325    2.443460953   71.250465206   11.158462533  -13.839082166
    2.189594880    2.443460953   71.032823867  -14.095766563  -13.316700335
    2.379994435    2.443460953   65.851111840  -39.893975081  -13.324234995
    2.570393989    2.443460953   56.198450068  -60.131712684  -13.614367947
    2.760793544    2.443460953   43.588551844  -70.455953357  -13.810119802
    2.951193099    2.443460953   30.117094314  -69.157052158  -13.575711979

   -3.141592654    2.792526803   15.210089976  -55.844990101    0.849093027
   -2.951193099    2.792526803    6.336444294  -36.765557792    2.773443582
   -2.760793544    2.792526803    1.336123644  -16.059973131    4.646196361
   -2.570393989    2.792526803    0.000000000    0.957611748    6.453906918
   -2.379994435    2.792526803    1.232944358   10.546605848    8.301263909
   -2.189594880    2.792526803    3.495098024   11.947745983   10.418951490
   -1.999195325    2.792526803    5.427103857    7.761657442   13.073791655
   -1.808795770    2.792526803    6.412779664    2.912103009   16.389835551
   -1.618396215    2.792526803    6.815832464    2.316636812   20.188109922
   -1.427996661    2.792526803    7.749451949    8.639369716   23.968122171
   -1.237597106    2.792526803   10.517192682   21.148290305   27.064654640
   -1.047197551    2.792526803   15.994398730   36.386647522   28.898421703
   -0.856797996    2.792526803   24.269782101   49.710613911   29.158923291
   -0.666398442    2.792526803   34.572070006   57.100320098   27.827016303
   -0.475998887    2.792526803   45.501373444   56.024479857   25.061904006
   -0.285599332    2.792526803   55.352825303   45.835572827   21.064599053
   -0.095199777    2.792526803   62.476475757   27.768040870   15.994777237
    0.095199777    2.792526803   65.645598833    5.011838428   10.003570069
    0.285599332    2.792526803   64.421364355  -17.397504419    3.331404338
    0.475998887    2.792526803   59.443034288  -33.465405211   -3.559922959
    0.666398442    2.792526803   52.440305604  -38.007379172   -9.960433685
    0.856797996    2.792526803   45.861696575  -29.033082486  -15.037533193
    1.047197551    2.792526803   42.099280307   -9.269745953  -18.122165558
    1.237597106    2.792526803   42.605010328   14.399019338  -18.991504061
    1.427996661    2.792526803   47.303381480   33.450327681  -17.959133041
    1.618396215    2.792526803   54.610431399   40.949753990  -15.726904505
    1.808795770    2.792526803   61.984876270   34.101266411  -13.055449314
    1.999195325    2.792526803   66.803543961   14.769448804  -10.495909539
    2.189594880    2.792526803   67.156991221  -11.699138842   -8.276356321
    2.379994435    2.792526803   62.330277657  -38.488843598   -6.369104699
    2.570393989    2.792526803   52.886484290  -59.255877425   -4.619946934
    2.760793544    2.792526803   40.431451492  -69.637970058   -2.876786054
    2.951193099    2.792526803   27.139817441  -68.050615962   -1.055292752
