#! FIELDS phi psi file.free der_phi der_psi
#! SET min_phi -pi
#! SET max_phi pi
#! SET nbins_phi  33
#! SET periodic_phi true
#! SET min_psi -pi
#! SET max_psi pi
#! SET nbins_psi  18
#! SET periodic_psi true
   -3.141592654   -3.141592654   20.681663029  -50.974023516   10.386251434
   -2.951193099   -3.141592654   11.899380515  -40.029934991   12.990412072
   -2.760793544   -3.141592654    5.848445003  -22.898593732   15.307775365
   -2.570393989   -3.141592654    3.258574487   -4.587374900   17.202560157
   -2.379994435   -3.141592654    3.829856240    9.517860799   18.735161584
   -2.189594880   -3.141592654    6.400832871   16.158478222   20.143185440
   -1.999195325   -3.141592654    9.526665546   15.728475510   21.677728692
   -1.808795770   -3.141592654   12.170318214   11.875108950   23.376545865
   -1.618396215   -3.141592654   14.135263721    9.333384014   24.931988836
   -1.427996661   -3.141592654   16.017915320   11.315549967   25.768563869
   -1.237597106   -3.141592654   18.744873630   17.964331119   25.310792331
   -1.047197551   -3.141592654   22.990160666   26.656785282   23.285481762
   -0.856797996   -3.141592654   28.791245364   33.624975618   19.865438022
   -0.666398442   -3.141592654   35.503264633   35.810062948   15.582977043
   -0.475998887   -3.141592654   42.059501669   31.934675281   11.072287470
   -0.285599332   -3.141592654   47.332250796   22.563024301    6.800559460
   -0.095199777   -3.141592654   50.434074418    9.546960961    2.916708780
    0.095199777   -3.141592654   50.909294093   -4.516890602   -0.702942569
    0.285599332   -3.141592654   48.847360844  -16.556713625   -4.258588209
    0.475998887   -3.141592654   44.945001018  -23.375906779   -7.770983411
    0.666398442   -3.141592654   40.448499629  -22.537940608  -10.945619048
    0.856797996   -3.141592654   36.887586036  -13.721822433  -13.238776455
    1.047197551   -3.141592654   35.579324065    0.463967086  -14.131201292
    1.237597106   -3.141592654   37.108549156   15.186673780  -13.423680323
    1.427996661   -3.141592654   41.079652009   25.440301544  -11.367472991
    1.618396215   -3.141592654   46.307687716   28.112433138   -8.554693161
    1.808795770   -3.141592654   51.280875514   22.945801422   -5.621295610
    1.999195325   -3.141592654   54.658127177   11.736724768   -2.995592486
    2.189594880   -3.141592654   55.521453872   -3.066480194   -0.782789844
    2.379994435   -3.141592654   53.402383552  -19.246417984    1.169060016
    2.570393989   -3.141592654   48.234894602  -34.711387099    3.121683656
    2.760793544   -3.141592654   40.384218060  -46.972489326    5.288800104
    2.951193099   -3.141592654   30.733012680  -53.163764737    7.742626616

   -3.141592654   -2.792526803   25.564328571  -45.005232603   15.973818682
   -2.951193099   -2.792526803   17.846133637  -34.961097649   19.371736491
   -2.760793544   -2.792526803   12.625718259  -19.310662015   21.935141101
   -2.570393989   -2.792526803   10.565569243   -2.576292389   23.432632665
   -2.379994435   -2.792526803   11.404877895   10.446803012   23.985684688
   -2.189594880   -2.792526803   14.116388805   16.852749465   24.025646331
   -1.999195325   -2.792526803   17.411909146   16.893723033   24.056233459
   -1.808795770   -2.792526803   20.335210602   13.593814657   24.344405640
   -1.618396215   -2.792526803   22.630251530   10.911638269   24.735693189
   -1.427996661   -2.792526803   24.708353910   11.587559607   24.719340339
   -1.237597106   -2.792526803   27.275258792   15.885341922   23.714413390
   -1.047197551   -2.792526803   30.862218799   21.832103247   21.398773901
   -0.856797996   -2.792526803   35.511635087   26.496193344   17.876348984
   -0.666398442   -2.792526803   40.725139006   27.404633377   13.606834654
   -0.475998887   -2.792526803   45.650212987   23.390779507    9.157295053
   -0.285599332   -2.792526803   49.348533699   14.665996674    4.944498740
   -0.095199777   -2.792526803   51.029914185    2.526988545    1.094067983
    0.095199777   -2.792526803   50.237921565  -10.855109918   -2.507022612
    0.285599332   -2.792526803   47.013640664  -22.443327791   -6.015247316
    0.475998887   -2.792526803   42.038292815  -28.694223190   -9.399691959
    0.666398442   -2.792526803   36.626371176  -26.690659634  -12.336699255
    0.856797996   -2.792526803   32.449278064  -15.898462422  -14.303196521
    1.047197551   -2.792526803   30.961618511    0.814219155  -14.841141707
    1.237597106   -2.792526803   32.794850280   17.965822665  -13.820580662
    1.427996661   -2.792526803   37.470017842   29.894028804  -11.533565378
    1.618396215   -2.792526803   43.623104966   33.208547833   -8.561392419
    1.808795770   -2.792526803   49.558391985   27.851395384   -5.484218902
    1.999195325   -2.792526803   53.821708108   16.129157840   -2.648641611
    2.189594880   -2.792526803   55.485053225    1.006716754   -0.073224411
    2.379994435   -2.792526803   54.148403319  -15.015863698    2.467709581
    2.570393989   -2.792526803   49.838973449  -29.875774371    5.274710590
    2.760793544   -2.792526803   42.982659138  -41.376322126    8.534388003
    2.951193099   -2.792526803   34.453085661  -47.065730356   12.202037856

   -3.141592654   -2.443460953   31.612976766  -37.955046729   16.817985809
   -2.951193099   -2.443460953   25.118112061  -29.344515586   20.114500107
   -2.760793544   -2.443460953   20.763529811  -15.925742616   22.345180650
   -2.570393989   -2.443460953   19.115345307   -1.599276256   23.260417486
   -2.379994435   -2.443460953   19.951598806    9.586666007   23.001979034
   -2.189594880   -2.443460953   22.406204933   15.201970417   22.045575307
   -1.999195325   -2.443460953   25.392924640   15.424072624   20.952166424
   -1.808795770   -2.443460953   28.088944392   12.669725759   20.064311640
   -1.618396215   -2.443460953   30.231890741   10.111664927   19.336426329
   -1.427996661   -2.443460953   32.097663078    9.993148783   18.400461601
   -1.237597106   -2.443460953   34.214524793   12.654368908   16.820585269
   -1.047197551   -2.443460953   37.002030593   16.687554954   14.365618276
   -0.856797996   -2.443460953   40.517932422   19.864505891   11.132898591
   -0.666398442   -2.443460953   44.392403064   20.138257886    7.477830817
   -0.475998887   -2.443460953   47.940277096   16.320728455    3.809528218
   -0.285599332   -2.443460953   50.348625346    8.231513037    0.399948457
   -0.095199777   -2.443460953   50.864934224   -3.303804947   -2.708206092
    0.095199777   -2.443460953   48.997330266  -16.370403465   -5.642707897
    0.285599332   -2.443460953   44.736900683  -27.806927440   -8.532462660
    0.475998887   -2.443460953   38.770344095  -33.650825521  -11.325348882
    0.666398442   -2.443460953   32.505663491  -30.539490381  -13.711079617
    0.856797996   -2.443460953   27.768231525  -17.795514660  -15.212821893
    1.047197551   -2.443460953   26.150940300    1.400916591  -15.418547200
    1.237597106   -2.443460953   28.328185162   20.923189125  -14.207677909
    1.427996661   -2.443460953   33.738027031   34.493669178  -11.837909015
    1.618396215   -2.443460953   40.845498036   38.475261712   -8.829943155
    1.808795770   -2.443460953   47.782980660   33.017408752   -5.708713227
    1.999195325   -2.443460953   52.995384385   20.933570330   -2.789508139
    2.189594880   -2.443460953   55.556168463    5.699540606   -0.082618182
    2.379994435   -2.443460953   55.143532650   -9.911109888    2.633768996
    2.570393989   -2.443460953   51.883654674  -23.908309841    5.648710096
    2.760793544   -2.443460953   46.257049845  -34.461000598    9.124478692
    2.951193099   -2.443460953   39.105049094  -39.637132913   12.971341267

   -3.141592654   -2.094395102   37.178822157  -31.435834973   13.131646622
   -2.951193099   -2.094395102   31.800467447  -24.323719653   15.565197836
   -2.760793544   -2.094395102   28.188444633  -13.251122254   16.998780962
   -2.570393989   -2.094395102   26.800509630   -1.519138899   17.198166878
   -2.379994435   -2.094395102   27.438582330    7.560530606   16.259289489
   -2.189594880   -2.094395102   29.382871076   12.047244802   14.567818398
   -1.999195325   -2.094395102   31.740740636   12.103958235   12.605233319
   -1.808795770   -2.094395102   33.832138281    9.665627400   10.716238766
   -1.618396215   -2.094395102   35.426121950    7.282774911    8.983249868
   -1.427996661   -2.094395102   36.729359233    6.819659548    7.270846870
   -1.237597106   -2.094395102   38.169648947    8.674129017    5.393572662
   -1.047197551   -2.094395102   40.111640735   11.817577256    3.276159216
   -0.856797996   -2.094395102   42.639411706   14.449654564    1.005859817
   -0.666398442   -2.094395102   45.472668215   14.717239301   -1.233159398
   -0.475998887   -2.094395102   48.023035950   11.329525327   -3.291346488
   -0.285599332   -2.094395102   49.532670450    3.787990965   -5.143659143
   -0.095199777   -2.094395102   49.240636846   -7.395446947   -6.903416149
    0.095199777   -2.094395102   46.602925992  -20.410715166   -8.745590832
    0.285599332   -2.094395102   41.565995695  -31.910111367  -10.764201143
    0.475998887   -2.094395102   34.830833583  -37.529167496  -12.854799222
    0.666398442   -2.094395102   27.900224704  -33.512213354  -14.680614432
    0.856797996   -2.094395102   22.746784992  -19.064868545  -15.775014525
    1.047197551   -2.094395102   21.095065580    2.356965095  -15.739634274
    1.237597106   -2.094395102   23.666233943   24.044973713  -14.439576919
    1.427996661   -2.094395102   29.830573286   39.150483318  -12.085035588
    1.618396215   -2.094395102   37.900494283   43.778166749   -9.136517188
    1.808795770   -2.094395102   45.847787088   38.225912678   -6.086048474
    1.999195325   -2.094395102   52.015932569   25.755522130   -3.259837752
    2.189594880   -2.094395102   55.470642256   10.327867139   -0.716132305
    2.379994435   -2.094395102   55.958369111   -4.995062184    1.708235976
    2.570393989   -2.094395102   53.699693534  -18.258187127    4.259470106
    2.760793544   -2.094395102   49.232055570  -27.964210117    7.092337352
    2.951193099   -2.094395102   43.371205786  -32.693269509   10.151337893

   -3.141592654   -1.745329252   40.285007048  -27.976486873    8.216746451
   -2.951193099   -1.745329252   35.471016221  -21.977074000    9.505386641
   -2.760793544   -1.745329252   32.155205760  -12.555233041    9.991662952
   -2.570393989   -1.745329252   30.725378111   -2.645381957    9.531969990
   -2.379994435   -1.745329252   30.994508983    4.890526884    8.215801369
   -2.189594880   -1.745329252   32.327273479    8.396714908    6.323628809
   -1.999195325   -1.745329252   33.941772764    8.021108538    4.187318905
   -1.808795770   -1.745329252   35.241019022    5.455178941    2.049098537
   -1.618396215   -1.745329252   36.027146531    3.006942237    0.011662457
   -1.427996661   -1.745329252   36.510044486    2.491455145   -1.909151450
   -1.237597106   -1.745329252   37.132853499    4.464973826   -3.690394341
   -1.047197551   -1.745329252   38.311810886    8.085450757   -5.258594390
   -0.856797996   -1.745329252   40.205379049   11.580085369   -6.524357308
   -0.666398442   -1.745329252   42.589566433   12.876039659   -7.453038600
   -0.475998887   -1.745329252   44.874491209   10.331922865   -8.123524938
   -0.285599332   -1.745329252   46.235732923    3.138326863   -8.714729641
   -0.095199777   -1.745329252   45.805021710   -8.297650510   -9.443646972
    0.095199777   -1.745329252   42.935176690  -21.992660782  -10.481526807
    0.285599332   -1.745329252   37.524954565  -34.216222166  -11.853389236
    0.475998887   -1.745329252   30.311733314  -40.131812487  -13.389686181
    0.666398442   -1.745329252   22.918558781  -35.617115192  -14.735204030
    0.856797996   -1.745329252   17.482392659  -19.797886341  -15.454417699
    1.047197551   -1.745329252   15.872407259    3.582336157  -15.194047080
    1.237597106   -1.745329252   18.870539155   27.248236554  -13.836336758
    1.427996661   -1.745329252   25.794430758   43.786987894  -11.568038700
    1.618396215   -1.745329252   34.817007733   48.995905917   -8.797540991
    1.808795770   -1.745329252   43.748873668   43.240677762   -5.974710789
    1.999195325   -1.745329252   50.816194182   30.151104069   -3.419981845
    2.189594880   -1.745329252   55.047965455   14.125509253   -1.227645552
    2.379994435   -1.745329252   56.226135569   -1.476501859    0.704309780
    2.570393989   -1.745329252   54.640704015  -14.659941708    2.563263155
    2.760793544   -1.745329252   50.881702640  -24.122138086    4.480093041
    2.951193099   -1.745329252   45.765072412  -28.787512186    6.433736313

   -3.141592654   -1.396263402   40.962075893  -27.920596442    5.000343669
   -2.951193099   -1.396263402   36.081660290  -22.764738988    5.447650156
   -2.760793544   -1.396263402   32.531310622  -14.224714127    5.242410081
   -2.570393989   -1.396263402   30.711714956   -5.026886749    4.304636959
   -2.379994435   -1.396263402   30.483302981    2.098761523    2.699228459
   -2.189594880   -1.396263402   31.266845285    5.449869455    0.599236741
   -1.999195325   -1.396263402   32.313329292    5.000280646   -1.798181157
   -1.808795770   -1.396263402   33.026756288    2.314467171   -4.329949930
   -1.618396215   -1.396263402   33.203768614   -0.228665647   -6.856452356
   -1.427996661   -1.396263402   33.080274780   -0.572851697   -9.207041421
   -1.237597106   -1.396263402   33.173756377    2.060252394  -11.147579304
   -1.047197551   -1.396263402   33.996315604    6.810613129  -12.432066596
   -0.856797996   -1.396263402   35.771626801   11.612181504  -12.915841450
   -0.666398442   -1.396263402   38.268489006   13.951179656  -12.652171921
   -0.475998887   -1.396263402   40.810525761   11.842100284  -11.910858104
   -0.285599332   -1.396263402   42.442693991    4.362592582  -11.083278122
   -0.095199777   -1.396263402   42.170408856   -7.939499880  -10.535840996
    0.095199777   -1.396263402   39.264314735  -22.743520878  -10.485891000
    0.285599332   -1.396263402   33.614924014  -35.917497929  -10.916663353
    0.475998887   -1.396263402   26.027787956  -42.235735330  -11.598007692
    0.666398442   -1.396263402   18.258176807  -37.325500493  -12.164472528
    0.856797996   -1.396263402   12.600401659  -20.304310895  -12.252202872
    1.047197551   -1.396263402   11.054079016    4.799131989  -11.626275950
    1.237597106   -1.396263402   14.454381953   30.200465883  -10.263437468
    1.427996661   -1.396263402   22.070838529   47.984472048   -8.357601204
    1.618396215   -1.396263402   31.950223304   53.659021808   -6.218265121
    1.808795770   -1.396263402   41.752595690   47.613266479   -4.145883605
    1.999195325   -1.396263402   49.585124235   33.767274871   -2.328399144
    2.189594880   -1.396263402   54.422644921   16.877869840   -0.800058174
    2.379994435   -1.396263402   56.053557602    0.561595266    0.521559726
    2.570393989   -1.396263402   54.805881974  -13.122566978    1.754092866
    2.760793544   -1.396263402   51.302694578  -22.969647663    2.960418525
    2.951193099   -1.396263402   46.365700427  -28.085764955    4.097158130

   -3.141592654   -1.047197551   40.453274734  -29.444631067    2.216748285
   -2.951193099   -1.047197551   35.228961087  -24.843016634    1.806433234
   -2.760793544   -1.047197551   31.241382041  -16.711075880    0.818638378
   -2.570393989   -1.047197551   28.924262925   -7.738159622   -0.750624867
   -2.379994435   -1.047197551   28.169020700   -0.712645337   -2.815239725
   -2.189594880   -1.047197551   28.408041004    2.529274711   -5.245149783
   -1.999195325   -1.047197551   28.880029022    1.869463763   -7.909999627
   -1.808795770   -1.047197551   28.973630578   -1.050953767  -10.665111839
   -1.618396215   -1.047197551   28.504133717   -3.584672125  -13.292814232
   -1.427996661   -1.047197551   27.784660441   -3.360901113  -15.468923229
   -1.237597106   -1.047197551   27.457210690    0.539328184  -16.816957715
   -1.047197551   -1.047197551   28.153721775    7.056564192  -17.056045507
   -0.856797996   -1.047197551   30.149831266   13.641164247  -16.151895288
   -0.666398442   -1.047197551   33.162625007   17.208657659  -14.374102914
   -0.475998887   -1.047197551   36.369804118   15.400270466  -12.216854372
   -0.285599332   -1.047197551   38.630942327    7.269583636  -10.213879057
   -0.095199777   -1.047197551   38.796285281   -6.327512934   -8.743671864
    0.095199777   -1.047197551   36.060094458  -22.550481321   -7.918875640
    0.285599332   -1.047197551   30.338902989  -36.768504233   -7.564393749
    0.475998887   -1.047197551   22.545340269  -43.417526294   -7.340473691
    0.666398442   -1.047197551   14.582589390  -38.056684203   -6.905192916
    0.856797996   -1.047197551    8.879058965  -19.992064750   -6.076167358
    1.047197551   -1.047197551    7.513611942    6.381242622   -4.888913349
    1.237597106   -1.047197551   11.325545197   32.865600665   -3.542857975
    1.427996661   -1.047197551   19.517652011   51.265004294   -2.286475087
    1.618396215   -1.047197551   30.035493984   56.991901148   -1.281720133
    1.808795770   -1.047197551   40.438601679   50.527609951   -0.560493128
    1.999195325   -1.047197551   48.763791657   36.002225631   -0.046329050
    2.189594880   -1.047197551   53.956429286   18.375620592    0.380531277
    2.379994435   -1.047197551   55.807037825    1.385792379    0.819499921
    2.570393989   -1.047197551   54.658796061  -12.894926688    1.306054339
    2.760793544   -1.047197551   51.145279717  -23.306126300    1.792270871
    2.951193099   -1.047197551   46.089698721  -29.008584717    2.155440623

   -3.141592654   -0.698131701   39.908345218  -31.293615125   -0.368179686
   -2.951193099   -0.698131701   34.273842074  -27.286383440   -1.619990994
   -2.760793544   -0.698131701   29.771137612  -19.651539622   -3.381135482
   -2.570393989   -0.698131701   26.858030661  -11.035421156   -5.549773370
   -2.379994435   -0.698131701   25.449717155   -4.264851433   -7.987098519
   -2.189594880   -0.698131701   24.990579229   -1.251601447  -10.584394353
   -1.999195325   -0.698131701   24.722601144   -2.106881079  -13.267015585
   -1.808795770   -0.698131701   24.055120507   -5.008788235  -15.907948368
   -1.618396215   -0.698131701   22.872601359   -7.003996349  -18.230068416
   -1.427996661   -0.698131701   21.611803566   -5.495058532  -19.805820447
   -1.237597106   -0.698131701   21.056519357    0.368095938  -20.199015607
   -1.047197551   -0.698131701   21.931575686    9.093522473  -19.185811817
   -0.856797996   -0.698131701   24.500569743   17.504919875  -16.904002037
   -0.666398442   -0.698131701   28.353996755   21.994248254  -13.834597872
   -0.475998887   -0.698131701   32.473871399   20.028281857  -10.618910306
   -0.285599332   -0.698131701   35.530312936   10.893385408   -7.809564098
   -0.095199777   -0.698131701   36.259970572   -4.040005795   -5.671291611
    0.095199777   -0.698131701   33.849256492  -21.338336269   -4.133264983
    0.285599332   -0.698131701   28.306559973  -35.982815997   -2.866643095
    0.475998887   -0.698131701   20.679591747  -42.350069517   -1.507264902
    0.666398442   -0.698131701   12.984015844  -36.292830802    0.131815176
    0.856797996   -0.698131701    7.682955691  -17.593690860    1.934111254
    1.047197551   -0.698131701    6.801248981    8.956545483    3.540893231
    1.237597106   -0.698131701   11.074511197   35.032470707    4.560598994
    1.427996661   -0.698131701   19.607959604   52.641242189    4.779091957
    1.618396215   -0.698131701   30.306997660   57.538457479    4.279298613
    1.808795770   -0.698131701   40.752306004   50.478383523    3.362746655
    1.999195325   -0.698131701   49.037299390   35.678847991    2.390067924
    2.189594880   -0.698131701   54.161374037   18.003031369    1.623247514
    2.379994435   -0.698131701   55.941709642    1.012920873    1.156135407
    2.570393989   -0.698131701   54.715035191  -13.374680694    0.919678916
    2.760793544   -0.698131701   51.085171227  -24.079988970    0.734545342
    2.951193099   -0.698131701   45.839418390  -30.265026079    0.376190543

   -3.141592654   -0.349065850   39.297480668  -33.685439244   -2.318585520
   -2.951193099   -0.349065850   33.126670253  -30.500032487   -4.006068598
   -2.760793544   -0.349065850   27.945036959  -23.522321840   -6.084772634
   -2.570393989   -0.349065850   24.252025710  -15.316906013   -8.420268227
   -2.379994435   -0.349065850   22.005123814   -8.770388586  -10.876157966
   -2.189594880   -0.349065850   20.674812118   -5.882748835  -13.370749644
   -1.999195325   -0.349065850   19.524050884   -6.703519452  -15.838696126
   -1.808795770   -0.349065850   18.016451841   -9.133238167  -18.108885354
   -1.618396215   -0.349065850   16.152832639   -9.885318216  -19.821718642
   -1.427996661   -0.349065850   14.531615053   -6.267397936  -20.495651379
   -1.237597106   -0.349065850   14.077339170    2.239277584  -19.744857039
   -1.047197551   -0.349065850   15.555071901   13.464188499  -17.516935823
   -0.856797996   -0.349065850   19.131278982   23.525393977  -14.176890758
   -0.666398442   -0.349065850   24.190951566   28.430540167  -10.375319307
   -0.475998887   -0.349065850   29.483197466   25.746589710   -6.771143775
   -0.285599332   -0.349065850   33.505286340   15.267365940   -3.769907127
   -0.095199777   -0.349065850   34.938669176   -0.973360325   -1.385311787
    0.095199777   -0.349065850   33.032170083  -18.982787808    0.700019206
    0.285599332   -0.349065850   27.933050537  -33.558581058    2.936855924
    0.475998887   -0.349065850   20.820680847  -39.323490504    5.609600212
    0.666398442   -0.349065850   13.761360522  -32.709301280    8.617168330
    0.856797996   -0.349065850    9.150239011  -14.091671572   11.435639279
    1.047197551   -0.349065850    8.856594003   11.472369983   13.338877808
    1.237597106   -0.349065850   13.457564992   35.873299433   13.770618305
    1.427996661   -0.349065850   21.979007894   51.712001532   12.627837593
    1.618396215   -0.349065850   32.368844335   55.339452454   10.318840707
    1.808795770   -0.349065850   42.337364812   47.808438518    7.532373821
    1.999195325   -0.349065850   50.127914157   33.250550011    4.927149058
    2.189594880   -0.349065850   54.844940529   16.186190089    2.893863355
    2.379994435   -0.349065850   56.338862551   -0.210241724    1.502124525
    2.570393989   -0.349065850   54.913487750  -14.302909257    0.573718035
    2.760793544   -0.349065850   51.100816199  -25.141430941   -0.185414729
    2.951193099   -0.349065850   45.607300877  -31.867221069   -1.074083298

   -3.141592654    0.000000000   38.558413511  -36.089425247   -2.831448612
   -2.951193099    0.000000000   31.861134800  -33.587887612   -4.338860266
   -2.760793544    0.000000000   26.037675007  -27.127382877   -6.097512955
   -2.570393989    0.000000000   21.628712346  -19.193330776   -8.020946076
   -2.379994435    0.000000000   18.633087959  -12.736974833  -10.038579424
   -2.189594880    0.000000000   16.548615449   -9.814975155  -12.111549616
   -1.999195325    0.000000000   14.669703445  -10.355460873  -14.154578310
   -1.808795770    0.000000000   12.534769197  -11.950120730  -15.918124050
   -1.618396215    0.000000000   10.278377017  -11.050831383  -16.966884981
   -1.427996661    0.000000000    8.653260607   -5.054118675  -16.826221329
   -1.237597106    0.000000000    8.677411112    6.016110102  -15.239374918
   -1.047197551    0.000000000   11.078326793   19.222533529  -12.361708094
   -0.856797996    0.000000000   15.849301659   30.095333037   -8.738630406
   -0.666398442    0.000000000   22.136369423   34.568688712   -5.068868109
   -0.475998887    0.000000000   28.488204204   30.659357139   -1.885798912
   -0.285599332    0.000000000   33.319264820   18.903158020    0.655864589
   -0.095199777    0.000000000   35.369663920    2.009996957    2.815226975
    0.095199777    0.000000000   34.044682959  -15.700788491    5.092508935
    0.285599332    0.000000000   29.662328110  -29.234954290    7.943301479
    0.475998887    0.000000000   23.484574292  -33.895122350   11.470017860
    0.666398442    0.000000000   17.506303213  -26.996465962   15.260779034
    0.856797996    0.000000000   13.899848275   -9.528929698   18.472819753
    1.047197551    0.000000000   14.251396330   13.488211047   20.181989061
    1.237597106    0.000000000   18.933029759   34.673891112   19.829709275
    1.427996661    0.000000000   26.943295664   47.695839839   17.494705501
    1.618396215    0.000000000   36.393377070   49.728932393   13.853034902
    1.808795770    0.000000000   45.257770076   42.048521293    9.835163994
    1.999195325    0.000000000   52.027602332   28.418743209    6.240277999
    2.189594880    0.000000000   55.952323055   12.717490863    3.487385588
    2.379994435    0.000000000   56.907380087   -2.464106405    1.601991446
    2.570393989    0.000000000   55.130934195  -15.829812361    0.341651239
    2.760793544    0.000000000   51.049231712  -26.530576774   -0.629195871
    2.951193099    0.000000000   45.262888758  -33.620374795   -1.617837281

   -3.141592654    0.349065850   38.335545076  -37.360486252   -2.453110290
   -2.951193099    0.349065850   31.349766975  -35.331783347   -3.337994120
   -2.760793544    0.349065850   25.146269290  -29.362765230   -4.274659523
   -2.570393989    0.349065850   20.267115021  -21.891412568   -5.284180925
   -2.379994435    0.349065850   16.716315877  -15.861271198   -6.421651236
   -2.189594880    0.349065850   14.006052689  -13.223325694   -7.733945115
   -1.999195325    0.349065850   11.481066138  -13.633909309   -9.150127901
   -1.808795770    0.349065850    8.791356165  -14.354844805  -10.391908552
   -1.618396215    0.349065850    6.229608533  -11.721507116  -11.018463482
   -1.427996661    0.349065850    4.690855932   -3.432579180  -10.618141948
   -1.237597106    0.349065850    5.240148419    9.825544950   -9.047466798
   -1.047197551    0.349065850    8.516417799   24.427533604   -6.547000781
   -0.856797996    0.349065850   14.321433577   35.559229407   -3.642919006
   -0.666398442    0.349065850   21.595110778   39.353379318   -0.886048238
   -0.475998887    0.349065850   28.761045371   34.426647036    1.421292058
   -0.285599332    0.349065850   34.237763024   22.029114549    3.352523490
   -0.095199777    0.349065850   36.888925994    5.356032280    5.308507331
    0.095199777    0.349065850   36.295162061  -11.242094183    7.801462484
    0.285599332    0.349065850   32.905251535  -23.271152622   11.156056911
    0.475998887    0.349065850   27.975603710  -26.916647413   15.248081164
    0.666398442    0.349065850   23.319146999  -20.388425473   19.416491336
    0.856797996    0.349065850   20.793707858   -5.088823509   22.639137708
    1.047197551    0.349065850   21.664970067   14.338832335   23.949440169
    1.237597106    0.349065850   26.128114678   31.574014475   22.884747459
    1.427996661    0.349065850   33.232448350   41.517872488   19.708008026
    1.618396215    0.349065850   41.342365337   42.134904950   15.275678828
    1.808795770    0.349065850   48.765258918   34.754953644   10.631368507
    1.999195325    0.349065850   54.272545258   22.579064170    6.600877824
    2.189594880    0.349065850   57.259618457    8.715867702    3.569135138
    2.379994435    0.349065850   57.612433910   -4.864381994    1.512317963
    2.570393989    0.349065850   55.488651473  -17.175421196    0.162553070
    2.760793544    0.349065850   51.202251853  -27.423337734   -0.797100522
    2.951193099    0.349065850   45.248180394  -34.549608237   -1.620981953

   -3.141592654    0.698131701   38.226845288  -37.676881950   -2.555755805
   -2.951193099    0.698131701   31.171791041  -35.746428896   -2.934007688
   -2.760793544    0.698131701   24.863766923  -30.070826537   -3.126183237
   -2.570393989    0.698131701   19.805988731  -23.090695204   -3.224268763
   -2.379994435    0.698131701   15.967858340  -17.691413023   -3.394952348
   -2.189594880    0.698131701   12.852934995  -15.603776054   -3.795257988
   -1.999195325    0.698131701    9.853959820  -16.126133814   -4.439642929
   -1.808795770    0.698131701    6.738071538  -16.198241709   -5.121460853
   -1.618396215    0.698131701    3.951889023  -12.122862717   -5.478121352
   -1.427996661    0.698131701    2.512424339   -1.970090628   -5.176821559
   -1.237597106    0.698131701    3.506294504   12.938116201   -4.110326918
   -1.047197551    0.698131701    7.475295560   28.430925184   -2.461157505
   -0.856797996    0.698131701   14.052972700   39.527646944   -0.588486940
   -0.666398442    0.698131701   22.026884684   42.685145431    1.184961476
   -0.475998887    0.698131701   29.761589265   37.121588058    2.764583081
   -0.285599332    0.698131701   35.734192209   24.676029455    4.336747805
   -0.095199777    0.698131701   38.954090469    8.834807764    6.280345103
    0.095199777    0.698131701   39.161434110   -6.226125948    8.966966590
    0.285599332    0.698131701   36.885625884  -16.644935061   12.507754249
    0.475998887    0.698131701   33.312588005  -19.511928857   16.576506327
    0.666398442    0.698131701   30.016471342  -13.824994771   20.403900041
    0.856797996    0.698131701   28.513235590   -1.206043459   23.007635670
    1.047197551    0.698131701   29.759394718   14.264049346   23.594377135
    1.237597106    0.698131701   33.812403765   27.435923450   21.918292817
    1.427996661    0.698131701   39.821512356   34.421585180   18.403875677
    1.618396215    0.698131701   46.438970936   33.868191803   13.939859880
    1.808795770    0.698131701   52.316714199   27.035829946    9.485165124
    1.999195325    0.698131701   56.497970158   16.481610530    5.726650986
    2.189594880    0.698131701   58.507179155    4.537592853    2.927445341
    2.379994435    0.698131701   58.228575013   -7.393356160    1.002315761
    2.570393989    0.698131701   55.740668712  -18.552881946   -0.307585149
    2.760793544    0.698131701   51.261848223  -28.132879669   -1.252780252
    2.951193099    0.698131701   45.206009269  -34.945291219   -1.988760852

   -3.141592654    1.047197551   37.181332978  -38.480126515   -5.264791990
   -2.951193099    1.047197551   30.015145239  -36.085829230   -5.716979861
   -2.760793544    1.047197551   23.684368230  -29.987597839   -5.634183785
   -2.570393989    1.047197551   18.667110777  -22.797276677   -5.080372772
   -2.379994435    1.047197551   14.878729009  -17.518236541   -4.272763693
   -2.189594880    1.047197551   11.763908595  -15.798632315   -3.493378000
   -1.999195325    1.047197551    8.692843405  -16.651748679   -2.944391802
   -1.808795770    1.047197551    5.472697809  -16.686440011   -2.645567915
   -1.618396215    1.047197551    2.638067854  -12.063691665   -2.446918312
   -1.427996661    1.047197551    1.292605791   -1.015306562   -2.139365085
   -1.237597106    1.047197551    2.555387649   14.764498872   -1.585418845
   -1.047197551    1.047197551    6.929235831   30.777403058   -0.774800428
   -0.856797996    1.047197551   13.967891092   41.957832982    0.220100650
   -0.666398442    1.047197551   22.393352651   44.992954397    1.339320317
   -0.475998887    1.047197551   30.566912767   39.482569025    2.619729116
   -0.285599332    1.047197551   37.033598545   27.602160970    4.207063510
   -0.095199777    1.047197551   40.912220139   12.919817521    6.293677127
    0.095199777    1.047197551   42.034459932   -0.693521595    9.001442416
    0.285599332    1.047197551   40.928816985  -10.007202696   12.224886450
    0.475998887    1.047197551   38.644001345  -12.858670267   15.550189597
    0.666398442    1.047197551   36.492902519   -8.733617846   18.302354457
    0.856797996    1.047197551   35.690217752    0.862678228   19.762067719
    1.047197551    1.047197551   36.978165433   12.604262864   19.469375038
    1.237597106    1.047197551   40.383440562   22.451361510   17.432583155
    1.427996661    1.047197551   45.225318080   27.414689557   14.144045883
    1.618396215    1.047197551   50.444451588   26.442908130   10.351725831
    1.808795770    1.047197551   54.975377064   20.476447591    6.747251065
    1.999195325    1.047197551   58.044215991   11.398800243    3.744504971
    2.189594880    1.047197551   59.228266080    0.912123854    1.421234562
    2.379994435    1.047197551   58.369467177   -9.937346363   -0.375483734
    2.570393989    1.047197551   55.465426263  -20.436586024   -1.867240018
    2.760793544    1.047197551   50.666888598  -29.632805651   -3.196573455
    2.951193099    1.047197551   44.353622113  -36.131511924   -4.370193539

   -3.141592654    1.396263402   34.151879777  -40.727818025   -9.033578576
   -2.951193099    1.396263402   26.683522192  -36.936983486   -9.982751961
   -2.760793544    1.396263402   20.342937438  -29.244427600  -10.023762070
   -2.570393989    1.396263402   15.601955690  -20.719334385   -9.105031016
   -2.379994435    1.396263402   12.287269148  -14.746501812   -7.413805572
   -2.189594880    1.396263402    9.706289870  -13.078819355   -5.317812702
   -1.999195325    1.396263402    7.102214388  -14.527641490   -3.226728727
   -1.808795770    1.396263402    4.213423564  -15.326834741   -1.456187030
   -1.618396215    1.396263402    1.576414259  -11.300747375   -0.156210690
   -1.427996661    1.396263402    0.345712073   -0.518237638    0.685658001
   -1.237597106    1.396263402    1.703869195   15.308978417    1.193564165
   -1.047197551    1.396263402    6.204925437   31.592592474    1.547534628
   -0.856797996    1.396263402   13.437045640   43.191384623    1.942045011
   -0.666398442    1.396263402   22.149046156   46.788302247    2.553197721
   -0.475998887    1.396263402   30.731568289   42.005751176    3.527122744
   -0.285599332    1.396263402   37.761514577   31.007979314    4.968767811
   -0.095199777    1.396263402   42.377037518   17.246674421    6.924321702
    0.095199777    1.396263402   44.393566519    4.303923403    9.349002591
    0.285599332    1.396263402   44.256037227   -4.974016889   12.029256357
    0.475998887    1.396263402   42.858236791   -8.755418731   14.558487068
    0.666398442    1.396263402   41.318562615   -6.569143783   16.393280357
    0.856797996    1.396263402   40.688473431    0.462512644   17.031666552
    1.047197551    1.396263402   41.654716686    9.697982176   16.227820068
    1.237597106    1.396263402   44.324427467   17.805277386   14.109132658
    1.427996661    1.396263402   48.203692285   22.141045649   11.143603818
    1.618396215    1.396263402   52.439618283   21.516209846    7.926696892
    1.808795770    1.396263402   56.109799200   16.397423949    4.939898099
    1.999195325    1.396263402   58.482855209    8.125601090    2.406381445
    2.189594880    1.396263402   59.090534111   -1.946630170    0.281797881
    2.379994435    1.396263402   57.690302090  -12.829930898   -1.632591596
    2.570393989    1.396263402   54.209734040  -23.609184865   -3.537671818
    2.760793544    1.396263402   48.784711764  -32.990683961   -5.506133401
    2.951193099    1.396263402   41.845419577  -39.240044511   -7.429909896

   -3.141592654    1.745329252   29.783508866  -44.333680983  -12.339808301
   -2.951193099    1.745329252   21.798869059  -38.627489455  -13.824155033
   -2.760793544    1.745329252   15.362653221  -28.522162683  -14.100750369
   -2.570393989    1.745329252   10.986358663  -17.680170320  -12.993229194
   -2.379994435    1.745329252    8.419995061  -10.080088612  -10.633545859
   -2.189594880    1.745329252    6.800668155   -7.830033418   -7.426539372
   -1.999195325    1.745329252    5.166282904   -9.749759344   -3.918685956
   -1.808795770    1.745329252    3.079021267  -11.775766029   -0.644661032
   -1.618396215    1.745329252    0.974610375   -9.264349222    1.995929683
   -1.427996661    1.745329252    0.000000000    0.201267450    3.805300739
   -1.237597106    1.745329252    1.413028889   15.275746898    4.796428317
   -1.047197551    1.745329252    5.893914398   31.530905999    5.158063209
   -0.856797996    1.745329252   13.164620367   43.738492302    5.185775934
   -0.666398442    1.745329252   22.071808239   48.317840924    5.192266768
   -0.475998887    1.745329252   31.045886452   44.562764678    5.431756269
   -0.285599332    1.745329252   38.645881792   34.376230948    6.047518999
   -0.095199777    1.745329252   43.951228219   21.054754359    7.042937104
    0.095199777    1.745329252   46.696908240    8.068355957    8.285813474
    0.285599332    1.745329252   47.228029347   -1.813091229    9.507235614
    0.475998887    1.745329252   46.328500173   -6.778698264   10.364802982
    0.666398442    1.745329252   45.015337138   -6.217863638   10.541002422
    0.856797996    1.745329252   44.284570949   -0.921068880    9.876753404
    1.047197551    1.745329252   44.843439187    6.886453518    8.449930550
    1.237597106    1.745329252   46.891647946   14.210189355    6.544268140
    1.427996661    1.745329252   50.067637450   18.454479833    4.536727061
    1.618396215    1.745329252   53.632405394   18.199320712    2.723360193
    1.808795770    1.745329252   56.716128067   13.537760665    1.208217700
    1.999195325    1.745329252   58.569600640    5.466187188   -0.104449380
    2.189594880    1.745329252   58.655744469   -4.838763438   -1.441621401
    2.379994435    1.745329252   56.650166855  -16.344077112   -3.049043415
    2.570393989    1.745329252   52.427113482  -27.885373335   -5.077343698
    2.760793544    1.745329252   46.131448699  -37.780636726   -7.496352500
    2.951193099    1.745329252   38.279167814  -43.891443932  -10.062177129

   -3.141592654    2.094395102   24.952186126  -48.607407689  -12.526492984
   -2.951193099    2.094395102   16.325641964  -40.948359369  -14.016747565
   -2.760793544    2.094395102    9.693289092  -28.190797167  -14.182791610
   -2.570393989    2.094395102    5.648981881  -14.553805587  -12.787688778
   -2.379994435    2.094395102    3.910752110   -4.633023708   -9.929662846
   -2.189594880    2.094395102    3.476874809   -1.009108241   -6.017261248
   -1.999195325    2.094395102    3.180949109   -2.705354635   -1.649353358
   -1.808795770    2.094395102    2.370152626   -5.567682751    2.531419235
   -1.618396215    2.094395102    1.307096736   -4.618578535    5.974886535
   -1.427996661    2.094395102    1.044481867    3.031900021    8.326206829
   -1.237597106    2.094395102    2.837860937   16.508565922    9.484316227
   -1.047197551    2.094395102    7.444081744   31.720282617    9.604755889
   -0.856797996    2.094395102   14.705056083   43.546204062    9.031977574
   -0.666398442    2.094395102   23.585555487   48.291917676    8.176515349
   -0.475998887    2.094395102   32.596523064   44.988732558    7.385847261
   -0.285599332    2.094395102   40.322553359   35.235430854    6.847085683
   -0.095199777    2.094395102   45.812754095   22.072565189    6.547684085
    0.095199777    2.094395102   48.732545972    8.798282361    6.313373248
    0.285599332    2.094395102   49.338133669   -1.829531956    5.877381854
    0.475998887    2.094395102   48.339445925   -7.834105575    5.015152014
    0.666398442    2.094395102   46.725737175   -8.279488298    3.661075618
    0.856797996    2.094395102   45.533587619   -3.607621126    1.976657065
    1.047197551    2.094395102   45.567196587    4.160439525    0.293960530
    1.237597106    2.094395102   47.137552400   11.995078408   -1.037326303
    1.427996661    2.094395102   49.963338609   17.007296884   -1.808889120
    1.618396215    2.094395102   53.318014341   17.390344305   -2.054795688
    1.808795770    2.094395102   56.275424120   12.933805679   -2.020621514
    1.999195325    2.094395102   57.988170014    4.499441760   -2.053346127
    2.189594880    2.094395102   57.813203295   -6.687810263   -2.481972200
    2.379994435    2.094395102   55.343448523  -19.399364128   -3.535100906
    2.570393989    2.094395102   50.419465421  -32.161984925   -5.285416737
    2.760793544    2.094395102   43.219536415  -42.905808169   -7.615483205
    2.951193099    2.094395102   34.367943889  -49.100492269  -10.199537410

   -3.141592654    2.443460953   20.715777764  -52.603522912   -7.531948990
   -2.951193099    2.443460953   11.490450537  -43.083155384   -8.048912457
   -2.760793544    2.443460953    4.700201951  -27.619964558   -7.539162445
   -2.570393989    2.443460953    1.050839622  -10.981529959   -5.850996816
   -2.379994435    2.443460953    0.255043097    1.581999264   -3.062949441
   -2.189594880    2.443460953    1.186675092    6.930950682    0.549055873
   -1.999195325    2.443460953    2.469669645    5.720108209    4.578402030
   -1.808795770    2.443460953    3.207266648    2.072158297    8.542682833
   -1.618396215    2.443460953    3.439993093    1.216255617   11.937975776
   -1.427996661    2.443460953    4.068593417    6.512027156   14.316010158
   -1.237597106    2.443460953    6.296769259   17.643308235   15.389977287
   -1.047197551    2.443460953   10.932231633   31.005741819   15.130848288
   -0.856797996    2.443460953   17.941395507   41.742058847   13.784277337
   -0.666398442    2.443460953   26.435651586   46.136852267   11.783145339
   -0.475998887    2.443460953   35.044418021   42.958558898    9.584675970
   -0.285599332    2.443460953   42.407912594   33.430620963    7.502785192
   -0.095199777    2.443460953   47.559038952   20.253769761    5.606908757
    0.095199777    2.443460953   50.097216413    6.533937061    3.745595794
    0.285599332    2.443460953   50.199597103   -4.888170879    1.670362669
    0.475998887    2.443460953   48.539016223  -11.691226862   -0.755810779
    0.666398442    2.443460953   46.148441112  -12.456758167   -3.405479844
    0.856797996    2.443460953   44.194270631   -7.271003482   -5.864782810
    1.047197551    2.443460953   43.647226973    1.848975776   -7.606233180
    1.237597106    2.443460953   44.945277795   11.477443658   -8.250023732
    1.427996661    2.443460953   47.833090469   18.100839978   -7.756315820
    1.618396215    2.443460953   51.495345164   19.384474415   -6.455027414
    1.808795770    2.443460953   54.844557993   14.904533966   -4.879795609
    1.999195325    2.443460953   56.862936841    5.626087212   -3.554595558
    2.189594880    2.443460953   56.776685154   -6.945504918   -2.836659457
    2.379994435    2.443460953   54.105965876  -21.261030321   -2.873772198
    2.570393989    2.443460953   48.679652374  -35.534819564   -3.622234751
    2.760793544    2.443460953   40.725093706  -47.360037599   -4.884429064
    2.951193099    2.443460953   30.981747609  -53.851419286   -6.330733825

   -3.141592654    2.792526803   19.119218088  -53.574963669    0.613748271
   -2.951193099    2.792526803    9.812381823  -42.899910422    1.584804760
   -2.760793544    2.792526803    3.201206002  -25.885868812    3.034545661
   -2.570393989    2.792526803    0.039828724   -7.600044144    4.978245065
   -2.379994435    2.792526803    0.030853674    6.409674668    7.384682760
   -2.189594880    2.792526803    1.985965236   12.764481607   10.198373196
   -1.999195325    2.792526803    4.427762885   11.942171370   13.307586963
   -1.808795770    2.792526803    6.328328231    7.933047428   16.464515378
   -1.618396215    2.792526803    7.578844902    5.915848052   19.240991021
   -1.427996661    2.792526803    8.935044018    9.360645935   21.097199776
   -1.237597106    2.792526803   11.495825436   18.265624863   21.567520173
   -1.047197551    2.792526803   16.040273494   29.482456061   20.470546019
   -0.856797996    2.792526803   22.593526192   38.586621549   18.002940169
   -0.666398442    2.792526803   30.389416218   42.074423599   14.658550575
   -0.475998887    2.792526803   38.191244456   38.622063117   11.012359347
   -0.285599332    2.792526803   44.729442115   29.106325474    7.484810894
   -0.095199777    2.792526803   49.051064585   15.819677833    4.203129196
    0.095199777    2.792526803   50.706545706    1.637132386    1.033141955
    0.285599332    2.792526803   49.812889322  -10.455882575   -2.248222194
    0.475998887    2.792526803   47.045584750  -17.650628206   -5.698651190
    0.666398442    2.792526803   43.546773474  -17.946153885   -9.052859350
    0.856797996    2.792526803   40.682258877  -11.143454392  -11.750828436
    1.047197551    2.792526803   39.626967646    0.491882582  -13.192454456
    1.237597106    2.792526803   40.926276438   12.817237155  -13.052709218
    1.427996661    2.792526803   44.279441439   21.489015890  -11.467695582
    1.618396215    2.792526803   48.691367797   23.666300309   -8.984529732
    1.808795770    2.792526803   52.845913641   18.910766717   -6.293831805
    1.999195325    2.792526803   55.533180517    8.554580999   -3.960004801
    2.189594880    2.792526803   55.872666870   -5.420567351   -2.263275646
    2.379994435    2.792526803   53.360821766  -21.082625236   -1.212947659
    2.570393989    2.792526803   47.862125349  -36.411664098   -0.640525219
    2.760793544    2.792526803   39.674429654  -48.849874639   -0.307061937
    2.951193099    2.792526803   29.633061470  -55.393957781    0.036354910
