#! FIELDS phi psi file.free der_phi der_psi
#! SET min_phi -pi
#! SET max_phi pi
#! SET nbins_phi  33
#! SET periodic_phi true
#! SET min_psi -pi
#! SET max_psi pi
#! SET nbins_psi  18
#! SET periodic_psi true
   -3.141592654   -3.141592654   17.753601925  -53.346717002   16.768615838
   -2.951193099   -3.141592654    9.275324357  -35.083725560   19.163612906
   -2.760793544   -3.141592654    4.541675131  -14.884213546   20.780531120
   -2.570393989   -3.141592654    3.414041797    2.056708389   21.730310445
   -2.379994435   -3.141592654    4.893126045   12.141963289   22.344638693
   -2.189594880   -3.141592654    7.560193956   14.716813447   23.125480355
   -1.999195325   -3.141592654   10.179574942   12.279262155   24.565707730
   -1.808795770   -3.141592654   12.206337721    9.293506697   26.889677290
   -1.618396215   -3.141592654   13.959604992    9.957852152   29.854233880
   -1.427996661   -3.141592654   16.368541697   16.244839941   32.766185915
   -1.237597106   -3.141592654   20.450928328   27.094824551   34.728441849
   -1.047197551   -3.141592654   26.781990813   39.215944119   34.992458377
   -0.856797996   -3.141592654   35.221647269   48.520583722   33.210607387
   -0.666398442   -3.141592654   44.891693509   51.672971427   29.488982657
   -0.475998887   -3.141592654   54.410850018   46.754640225   24.243261521
   -0.285599332   -3.141592654   62.194835013   33.568036121   18.009419987
   -0.095199777   -3.141592654   66.785367833   13.650534331   11.284425846
    0.095199777   -3.141592654   67.195409828   -9.609614827    4.484967045
    0.285599332   -3.141592654   63.255745799  -31.044440660   -2.009568689
    0.475998887   -3.141592654   55.889656369  -44.664339541   -7.774088032
    0.666398442   -3.141592654   47.087028794  -45.543875587  -12.321755427
    0.856797996   -3.141592654   39.474161822  -32.313707523  -15.200302480
    1.047197551   -3.141592654   35.475204244   -8.577234912  -16.177251679
    1.237597106   -3.141592654   36.406759787   17.973850296  -15.382826450
    1.427996661   -3.141592654   41.943350927   38.459994590  -13.272784916
    1.618396215   -3.141592654   50.241204623   46.219054951  -10.433585401
    1.808795770   -3.141592654   58.594990197   39.104526654   -7.316904862
    1.999195325   -3.141592654   64.341708204   19.570552083   -4.117356249
    2.189594880   -3.141592654   65.611110429   -6.837249078   -0.810275460
    2.379994435   -3.141592654   61.724218199  -33.492124950    2.687625697
    2.570393989   -3.141592654   53.226986321  -54.376150848    6.380348736
    2.760793544   -3.141592654   41.657254725  -65.296169042   10.128087308
    2.951193099   -3.141592654   29.113871409  -64.583119089   13.682617367

   -3.141592654   -2.792526803   25.277809419  -49.001363446   24.913043759
   -2.951193099   -2.792526803   17.460353422  -32.513909580   27.043356675
   -2.760793544   -2.792526803   13.054654852  -13.956316555   28.111210154
   -2.570393989   -2.792526803   11.986189505    1.874566923   28.339873462
   -2.379994435   -2.792526803   13.396264959   11.777273901   28.164983891
   -2.189594880   -2.792526803   16.065414544   15.281561590   28.157916476
   -1.999195325   -2.792526803   18.953914611   14.638305494   28.829854249
   -1.808795770   -2.792526803   21.617736679   13.565174377   30.368140434
   -1.618396215   -2.792526803   24.303851146   15.261668942   32.449855418
   -1.427996661   -2.792526803   27.690018679   20.891488613   34.291108158
   -1.237597106   -2.792526803   32.439970102   29.178075999   34.932135841
   -1.047197551   -2.792526803   38.801563470   37.294167995   33.628742769
   -0.856797996   -2.792526803   46.444918923   42.094883229   30.123006992
   -0.666398442   -2.792526803   54.493887509   41.234418769   24.699634961
   -0.475998887   -2.792526803   61.736506268   33.539377178   18.009115633
   -0.285599332   -2.792526803   66.861524454   19.130263241   10.828023320
   -0.095199777   -2.792526803   68.706680285   -0.508217820    3.840691022
    0.095199777   -2.792526803   66.546830941  -22.263911687   -2.452858814
    0.285599332   -2.792526803   60.415627538  -41.280261598   -7.716425123
    0.475998887   -2.792526803   51.384118560  -51.830676952  -11.705187311
    0.666398442   -2.792526803   41.541984112  -49.246527772  -14.221318949
    0.856797996   -2.792526803   33.558084064  -32.525253161  -15.154432748
    1.047197551   -2.792526803   29.817717140   -5.747913482  -14.562057025
    1.237597106   -2.792526803   31.507395962   22.957904964  -12.717094173
    1.427996661   -2.792526803   38.114165978   44.564613331  -10.029858123
    1.618396215   -2.792526803   47.614397173   52.661302804   -6.888309721
    1.808795770   -2.792526803   57.198340703   45.579730334   -3.494173939
    1.999195325   -2.792526803   64.187223784   26.183887408    0.154242239
    2.189594880   -2.792526803   66.747506073    0.132265267    4.157396437
    2.379994435   -2.792526803   64.226951445  -26.137238714    8.542957506
    2.570393989   -2.792526803   57.146468880  -46.933330553   13.163546849
    2.760793544   -2.792526803   46.960770240  -58.317658476   17.692505839
    2.951193099   -2.792526803   35.654455769  -58.679647011   21.726742299

   -3.141592654   -2.443460953   33.938957291  -44.695487011   23.096078639
   -2.951193099   -2.443460953   26.764572863  -30.074059381   24.822345121
   -2.760793544   -2.443460953   22.658607124  -13.186923078   25.633573744
   -2.570393989   -2.443460953   21.615928559    1.492712347   25.727721119
   -2.379994435   -2.443460953   22.906888137   11.060474090   25.441980251
   -2.189594880   -2.443460953   25.481142287   15.142709127   25.190949495
   -1.999195325   -2.443460953   28.451842889   15.697136657   25.312418669
   -1.808795770   -2.443460953   31.429822208   15.714289162   25.867986192
   -1.618396215   -2.443460953   34.556026792   17.507129929   26.520697596
   -1.427996661   -2.443460953   38.252505665   21.626340881   26.615529256
   -1.237597106   -2.443460953   42.868276174   26.830198573   25.437355880
   -1.047197551   -2.443460953   48.411253807   30.995361130   22.530224952
   -0.856797996   -2.443460953   54.486634219   32.064310797   17.888087663
   -0.666398442   -2.443460953   60.357460581   28.652184959   11.964669408
   -0.475998887   -2.443460953   65.094136735   20.110302733    5.482276402
   -0.285599332   -2.443460953   67.714826601    6.518601879   -0.796598959
   -0.095199777   -2.443460953   67.337408016  -11.076904168   -6.272757022
    0.095199777   -2.443460953   63.414811808  -30.145748646  -10.600091839
    0.285599332   -2.443460953   56.053887108  -46.317878583  -13.657471658
    0.475998887   -2.443460953   46.323911542  -54.158252740  -15.468433630
    0.666398442   -2.443460953   36.274394178  -49.142669180  -16.111259828
    0.856797996   -2.443460953   28.511641390  -30.360593076  -15.690636239
    1.047197551   -2.443460953   25.340937516   -2.000437838  -14.340660928
    1.237597106   -2.443460953   27.849493216   27.736049916  -12.241388569
    1.427996661   -2.443460953   35.423970610   49.889837355   -9.595944654
    1.618396215   -2.443460953   45.968426753   58.293965600   -6.575718781
    1.808795770   -2.443460953   56.656471690   51.569593145   -3.255291437
    1.999195325   -2.443460953   64.837481751   32.751080717    0.371954546
    2.189594880   -2.443460953   68.716753324    7.413114480    4.328986864
    2.379994435   -2.443460953   67.642321681  -18.290517563    8.554438278
    2.570393989   -2.443460953   62.074005661  -39.011379125   12.854971692
    2.760793544   -2.443460953   53.350878595  -51.009211596   16.921241806
    2.951193099   -2.443460953   43.325088117  -52.647972189   20.421277324

   -3.141592654   -2.094395102   40.601124812  -40.882229907   14.013606756
   -2.951193099   -2.094395102   34.032301696  -27.545664515   15.123776545
   -2.760793544   -2.094395102   30.285839818  -11.923755146   15.718159081
   -2.570393989   -2.094395102   29.375222124    1.664726285   15.861774021
   -2.379994435   -2.094395102   30.623583199   10.516000962   15.649075876
   -2.189594880   -2.094395102   33.063674579   14.351520356   15.201605190
   -1.999195325   -2.094395102   35.885948169   14.948089125   14.611267044
   -1.808795770   -2.094395102   38.714920403   14.820058118   13.845645278
   -1.618396215   -2.094395102   41.603118278   15.750177343   12.698583861
   -1.427996661   -2.094395102   44.804322057   18.028618490   10.859278180
   -1.237597106   -2.094395102   48.495804968   20.657323670    8.067937433
   -1.047197551   -2.094395102   52.606050279   22.185378268    4.285142583
   -0.856797996   -2.094395102   56.807353250   21.389554339   -0.243805112
   -0.666398442   -2.094395102   60.572512882   17.468511156   -5.031040666
   -0.475998887   -2.094395102   63.250976531    9.922432162   -9.513462914
   -0.285599332   -2.094395102   64.122284597   -1.504439192  -13.211869247
   -0.095199777   -2.094395102   62.472340049  -16.377513126  -15.853150475
    0.095199777   -2.094395102   57.798568657  -32.786360036  -17.407893271
    0.285599332   -2.094395102   50.151120187  -46.787291921  -18.024800813
    0.475998887   -2.094395102   40.487553518  -53.083211365  -17.940147690
    0.666398442   -2.094395102   30.744581824  -47.062998626  -17.360796100
    0.856797996   -2.094395102   23.444011552  -27.614554068  -16.406815693
    1.047197551   -2.094395102   20.846215906    1.268445363  -15.088689845
    1.237597106   -2.094395102   24.023020796   31.495275775  -13.354162785
    1.427996661   -2.094395102   32.361808725   54.159289534  -11.159533601
    1.618396215   -2.094395102   43.771772390   63.119450998   -8.521116513
    1.808795770   -2.094395102   55.435416188   56.986211164   -5.516037187
    1.999195325   -2.094395102   64.705088029   38.752273895   -2.269970126
    2.189594880   -2.094395102   69.775881932   13.885273069    1.076333061
    2.379994435   -2.094395102   69.960389358  -11.602298491    4.367432378
    2.570393989   -2.094395102   65.657160668  -32.492460045    7.442894166
    2.760793544   -2.094395102   58.126505856  -45.079196261   10.144354285
    2.951193099   -2.094395102   49.145748047  -47.660828283   12.353910700

   -3.141592654   -1.745329252   42.848423960  -39.236813598    5.354609066
   -2.951193099   -1.745329252   36.550936481  -26.347577027    5.795644445
   -2.760793544   -1.745329252   32.989355810  -11.193009427    6.041113197
   -2.570393989   -1.745329252   32.165395771    1.822772479    6.070909103
   -2.379994435   -1.745329252   33.379638681    9.975426217    5.809329915
   -2.189594880   -1.745329252   35.639490130   12.972645100    5.155398934
   -1.999195325   -1.745329252   38.103496738   12.523129011    3.999336596
   -1.808795770   -1.745329252   40.347498662   11.045382337    2.228148679
   -1.618396215   -1.745329252   42.364501185   10.339272421   -0.239963075
   -1.427996661   -1.745329252   44.372206060   10.930849938   -3.382263375
   -1.237597106   -1.745329252   46.578840812   12.275850858   -7.018329120
   -1.047197551   -1.745329252   49.037751960   13.404009859  -10.809083008
   -0.856797996   -1.745329252   51.621803813   13.391537662  -14.339493541
   -0.666398442   -1.745329252   54.028778672   11.360812183  -17.212607280
   -0.475998887   -1.745329252   55.784394588    6.413180646  -19.162248284
   -0.285599332   -1.745329252   56.247492325   -2.305771828  -20.100952534
   -0.095199777   -1.745329252   54.669924758  -14.933299687  -20.127527135
    0.095199777   -1.745329252   50.420889511  -29.923580261  -19.500601453
    0.285599332   -1.745329252   43.379080884  -43.436573032  -18.544968731
    0.475998887   -1.745329252   34.336746097  -49.998167000  -17.563839624
    0.666398442   -1.745329252   25.121796154  -44.624657531  -16.725647765
    0.856797996   -1.745329252   18.226864019  -25.742033757  -16.017013676
    1.047197551   -1.745329252   15.965581979    3.023045500  -15.246806440
    1.237597106   -1.745329252   19.510674451   33.689014371  -14.143416255
    1.427996661   -1.745329252   28.344481162   57.192457029  -12.501180552
    1.618396215   -1.745329252   40.421252547   67.059522349  -10.283210833
    1.808795770   -1.745329252   52.903781957   61.571277186   -7.632473838
    1.999195325   -1.745329252   63.075503292   43.557712724   -4.814093200
    2.189594880   -1.745329252   69.049191178   18.489794906   -2.103716840
    2.379994435   -1.745329252   70.067278567   -7.496605259    0.279285019
    2.570393989   -1.745329252   66.485378377  -29.045187232    2.211410077
    2.760793544   -1.745329252   59.546132783  -42.313895298    3.659449882
    2.951193099   -1.745329252   51.032459296  -45.507562620    4.674805342

   -3.141592654   -1.396263402   41.276701269  -39.828228021    3.069123984
   -2.951193099   -1.396263402   34.873125965  -26.854500478    2.883347595
   -2.760793544   -1.396263402   31.231131680  -11.538856789    2.529234351
   -2.570393989   -1.396263402   30.349310395    1.523200599    1.982986431
   -2.379994435   -1.396263402   31.489311031    9.425146515    1.115557382
   -2.189594880   -1.396263402   33.584267673   11.700385924   -0.275437213
   -1.999195325   -1.396263402   35.692184502    9.964617174   -2.401254187
   -1.808795770   -1.396263402   37.289508695    6.763114152   -5.389114512
   -1.618396215   -1.396263402   38.322107972    4.328028676   -9.176406472
   -1.427996661   -1.396263402   39.064072737    3.801247418  -13.437756500
   -1.237597106   -1.396263402   39.894876885    5.176835442  -17.620280368
   -1.047197551   -1.396263402   41.111172054    7.659301746  -21.084151885
   -0.856797996   -1.396263402   42.819109983   10.071528784  -23.309386054
   -0.666398442   -1.396263402   44.867912263   10.938637006  -24.041537696
   -0.475998887   -1.396263402   46.808988693    8.700387545  -23.356153138
   -0.285599332   -1.396263402   47.909747084    1.951363752  -21.598019683
   -0.095199777   -1.396263402   47.247998778   -9.770422319  -19.256473463
    0.095199777   -1.396263402   43.979188571  -24.971553176  -16.840652147
    0.285599332   -1.396263402   37.782905471  -39.638420076  -14.741578423
    0.475998887   -1.396263402   29.306889739  -47.883370120  -13.173324091
    0.666398442   -1.396263402   20.332007251  -44.161184161  -12.135149437
    0.856797996   -1.396263402   13.413761708  -26.314233950  -11.451848828
    1.047197551   -1.396263402   11.023096699    2.402052878  -10.838114494
    1.237597106   -1.396263402   14.524483105   33.969157913  -10.002856007
    1.427996661   -1.396263402   23.545966492   58.904916214   -8.761879508
    1.618396215   -1.396263402   36.084722013   70.125904110   -7.087104160
    1.808795770   -1.396263402   49.236004920   65.390993457   -5.100866979
    1.999195325   -1.396263402   60.144319921   47.338252190   -3.016878703
    2.189594880   -1.396263402   66.779049851   21.554732223   -1.054781864
    2.379994435   -1.396263402   68.282159328   -5.501932144    0.606374680
    2.570393989   -1.396263402   64.974583581  -28.141681808    1.855964673
    2.760793544   -1.396263402   58.120992880  -42.262573069    2.651477435
    2.951193099   -1.396263402   49.564013767  -45.951920792    3.027162865

   -3.141592654   -1.047197551   39.100718663  -42.246627942    3.733058406
   -2.951193099   -1.047197551   32.244758527  -29.139175738    2.599632778
   -2.760793544   -1.047197551   28.202411223  -13.446461715    1.208473739
   -2.570393989   -1.047197551   26.990726049   -0.079214239   -0.365168914
   -2.379994435   -1.047197551   27.823877115    7.703350501   -2.178550208
   -2.189594880   -1.047197551   29.527315220    9.189534229   -4.414958294
   -1.999195325   -1.047197551   31.029702099    6.034308089   -7.294667400
   -1.808795770   -1.047197551   31.721729822    1.201824084  -10.912891471
   -1.618396215   -1.047197551   31.574139029   -2.358193163  -15.076075280
   -1.427996661   -1.047197551   31.027360008   -2.803631652  -19.245003003
   -1.237597106   -1.047197551   30.730777851    0.199089331  -22.660839642
   -1.047197551   -1.047197551   31.262205303    5.607511874  -24.609883575
   -0.856797996   -1.047197551   32.911391594   11.525158269  -24.701838411
   -0.666398442   -1.047197551   35.550454635   15.552253278  -23.006909811
   -0.475998887   -1.047197551   38.588613534   15.376933587  -20.011922436
   -0.285599332   -1.047197551   41.041434476    9.224050326  -16.430190922
   -0.095199777   -1.047197551   41.707516211   -3.317943956  -12.955299252
    0.095199777   -1.047197551   39.505665142  -20.340597904  -10.074624139
    0.285599332   -1.047197551   33.979799410  -37.244484184   -7.948827207
    0.475998887   -1.047197551   25.758640171  -47.511648335   -6.462672638
    0.666398442   -1.047197551   16.716527789  -45.093535958   -5.345539988
    0.856797996   -1.047197551    9.576302064  -27.555095124   -4.344302824
    1.047197551   -1.047197551    6.999809501    1.816959964   -3.321187675
    1.237597106   -1.047197551   10.507144091   34.658795530   -2.256191655
    1.427996661   -1.047197551   19.795988497   60.982422014   -1.195156743
    1.618396215   -1.047197551   32.836018321   73.207309049   -0.164150622
    1.808795770   -1.047197551   46.616313361   68.783583858    0.847818172
    1.999195325   -1.047197551   58.142644075   50.324556626    1.864353763
    2.189594880   -1.047197551   65.262641002   23.593953434    2.872654864
    2.379994435   -1.047197551   67.040491201   -4.677162055    3.786380640
    2.570393989   -1.047197551   63.771134977  -28.550299101    4.455794036
    2.760793544   -1.047197551   56.735851069  -43.712351211    4.717605109
    2.951193099   -1.047197551   47.829992443  -48.101500365    4.475024903

   -3.141592654   -0.698131701   38.866518304  -45.567463046    3.514704471
   -2.951193099   -0.698131701   31.346023362  -32.726539948    1.236166483
   -2.760793544   -0.698131701   26.622893961  -16.970414853   -1.328045344
   -2.570393989   -0.698131701   24.751811236   -3.508210813   -3.963003352
   -2.379994435   -0.698131701   24.918531601    4.052351228   -6.608932102
   -2.189594880   -0.698131701   25.864725298    4.800046721   -9.395208683
   -1.999195325   -0.698131701   26.428502243    0.539230308  -12.530836315
   -1.808795770   -0.698131701   25.977218505   -5.220590864  -16.072410723
   -1.618396215   -0.698131701   24.585766599   -8.788024491  -19.718012049
   -1.427996661   -0.698131701   22.927734294   -7.778395575  -22.788157284
   -1.237597106   -0.698131701   21.940474482   -1.868618851  -24.458132231
   -1.047197551   -0.698131701   22.425887257    7.247378045  -24.130933192
   -0.856797996   -0.698131701   24.731479671   16.649171527  -21.736589381
   -0.666398442   -0.698131701   28.590176096   22.977246120  -17.789296086
   -0.475998887   -0.698131701   33.127297683   23.395148537  -13.179910625
   -0.285599332   -0.698131701   37.029346575   16.190306330   -8.838340706
   -0.095199777   -0.698131701   38.830475826    1.512703296   -5.398410319
    0.095199777   -0.698131701   37.320732832  -17.868554943   -3.032568158
    0.285599332   -0.698131701   32.081249204  -36.561596908   -1.455271980
    0.475998887   -0.698131701   23.901152885  -47.573806971   -0.155027117
    0.666398442   -0.698131701   14.860834539  -44.875370294    1.314781813
    0.856797996   -0.698131701    7.842968742  -26.458546240    3.094112912
    1.047197551   -0.698131701    5.567110695    3.823429185    4.977014644
    1.237597106   -0.698131701    9.515150605   37.178886246    6.587155440
    1.427996661   -0.698131701   19.294062402   63.526875255    7.611526004
    1.618396215   -0.698131701   32.793271073   75.443566217    7.989332130
    1.808795770   -0.698131701   46.959540556   70.596051823    7.898815787
    1.999195325   -0.698131701   58.790559499   51.713183933    7.628157733
    2.189594880   -0.698131701   66.131637881   24.512864563    7.394207877
    2.379994435   -0.698131701   68.027042729   -4.396633872    7.233205182
    2.570393989   -0.698131701   64.731083933  -29.148892712    6.990607682
    2.760793544   -0.698131701   57.483452216  -45.351777457    6.411181664
    2.951193099   -0.698131701   48.168581998  -50.732359319    5.278028441

   -3.141592654   -0.349065850   39.543361908  -50.228291787    2.918279340
   -2.951193099   -0.349065850   31.062503384  -38.059282654   -0.083550620
   -2.760793544   -0.349065850   25.299537571  -22.475100015   -3.255191633
   -2.570393989   -0.349065850   22.390386702   -8.884385055   -6.332781290
   -2.379994435   -0.349065850   21.544001276   -1.250013881   -9.214925834
   -2.189594880   -0.349065850   21.464369932   -0.723043695  -11.998590590
   -1.999195325   -0.349065850   20.940551158   -5.345042084  -14.845038712
   -1.808795770   -0.349065850   19.363295393  -11.024942555  -17.724504134
   -1.618396215   -0.349065850   16.960045882  -13.370563333  -20.234261641
   -1.427996661   -0.349065850   14.662963032   -9.663336518  -21.661791026
   -1.237597106   -0.349065850   13.667378414    0.048616790  -21.305152689
   -1.047197551   -0.349065850   14.897033179   13.065779758  -18.874032399
   -0.856797996   -0.349065850   18.603825626   25.275124968  -14.712593164
   -0.666398442   -0.349065850   24.223610692   32.494554349   -9.708066639
   -0.475998887   -0.349065850   30.493697660   31.764957951   -4.922888238
   -0.285599332   -0.349065850   35.759318168   21.982913661   -1.182005359
   -0.095199777   -0.349065850   38.380143665    4.354159018    1.239308137
    0.095199777   -0.349065850   37.182779223  -17.228371090    2.660182400
    0.285599332   -0.349065850   31.969017801  -36.662992184    3.807817184
    0.475998887   -0.349065850   23.821779282  -46.915110140    5.422889349
    0.666398442   -0.349065850   15.055691983  -42.603182370    7.874086383
    0.856797996   -0.349065850    8.623472972  -22.708624385   10.951280053
    1.047197551   -0.349065850    7.132749906    8.105550816   13.969933902
    1.237597106   -0.349065850   11.852298917   40.802759041   16.148088581
    1.427996661   -0.349065850   22.190266795   65.696432703   16.989260409
    1.618396215   -0.349065850   35.950584678   76.055104896   16.502550324
    1.808795770   -0.349065850   50.118900638   70.116845250   15.106353226
    1.999195325   -0.349065850   61.805794664   50.779142197   13.370745404
    2.189594880   -0.349065850   68.960226862   23.526442995   11.726013258
    2.379994435   -0.349065850   70.664177196   -5.457387311   10.314817247
    2.570393989   -0.349065850   67.131497507  -30.651769720    8.993381660
    2.760793544   -0.349065850   59.517935794  -47.758401385    7.469186904
    2.951193099   -0.349065850   49.635111832  -54.313678892    5.477709894

   -3.141592654    0.000000000   40.609302488  -55.420763975    1.976927831
   -2.951193099    0.000000000   31.084117342  -43.731652453   -0.865464757
   -2.760793544    0.000000000   24.235988387  -28.106120196   -3.694692833
   -2.570393989    0.000000000   20.290059116  -14.103832350   -6.337955394
   -2.379994435    0.000000000   18.494242263   -6.019497938   -8.752517243
   -2.189594880    0.000000000   17.534917795   -5.221633740  -11.027413534
   -1.999195325    0.000000000   16.175426723   -9.584847922  -13.238082552
   -1.808795770    0.000000000   13.852026632  -14.475706493  -15.230984723
   -1.618396215    0.000000000   10.949479867  -14.950983387  -16.531627161
   -1.427996661    0.000000000    8.623862986   -8.216323313  -16.505133235
   -1.237597106    0.000000000    8.240101776    5.028952313  -14.706980292
   -1.047197551    0.000000000   10.713687958   20.946652901  -11.212928623
   -0.856797996    0.000000000   16.069032265   34.362993960   -6.686671030
   -0.666398442    0.000000000   23.366963716   40.694752705   -2.136460286
   -0.475998887    0.000000000   30.975426429   37.414878349    1.531196550
   -0.285599332    0.000000000   37.019286000   24.516509722    3.877051842
   -0.095199777    0.000000000   39.873672680    4.480360769    5.103325918
    0.095199777    0.000000000   38.599881554  -17.834277368    5.926169319
    0.285599332    0.000000000   33.354799311  -36.095473911    7.238792111
    0.475998887    0.000000000   25.538425393  -43.886859020    9.674876889
    0.666398442    0.000000000   17.599063339  -37.067002817   13.275620880
    0.856797996    0.000000000   12.372029010  -15.898645167   17.423445827
    1.047197551    0.000000000   12.149213085   14.273428722   21.096933533
    1.237597106    0.000000000   17.842642092   44.642482501   23.348203825
    1.427996661    0.000000000   28.623271114   66.492514082   23.702015989
    1.618396215    0.000000000   42.269734981   74.213775794   22.310553783
    1.808795770    0.000000000   55.922232149   66.759398426   19.773744275
    1.999195325    0.000000000   66.920689879   47.077415365   16.816497913
    2.189594880    0.000000000   73.398210142   20.189242154   13.977167830
    2.379994435    0.000000000   74.511260725   -8.365027815   11.475818624
    2.570393989    0.000000000   70.435551376  -33.539231799    9.234644239
    2.760793544    0.000000000   62.229112813  -51.182963847    7.027342404
    2.951193099    0.000000000   51.611812651  -58.637773728    4.637205820

   -3.141592654    0.349065850   42.367450126  -59.633036768    1.824750867
   -2.951193099    0.349065850   32.011138488  -48.179353976    0.051426055
   -2.760793544    0.349065850   24.315882059  -32.495884846   -1.557169202
   -2.570393989    0.349065850   19.557100269  -18.227160194   -3.019390979
   -2.379994435    0.349065850   17.003187175   -9.861073489   -4.420379696
   -2.189594880    0.349065850   15.334563747   -8.821684175   -5.868603596
   -1.999195325    0.349065850   13.324872151  -12.739592074   -7.366292753
   -1.808795770    0.349065850   10.490376070  -16.540635574   -8.678956435
   -1.618396215    0.349065850    7.370327262  -15.014574975   -9.349485380
   -1.427996661    0.349065850    5.281093524   -5.606286648   -8.908511988
   -1.237597106    0.349065850    5.647285575   10.193931188   -7.166901678
   -1.047197551    0.349065850    9.268495275   27.588173004   -4.397361789
   -0.856797996    0.349065850   15.897207680   40.796658419   -1.254844920
   -0.666398442    0.349065850   24.273126015   45.378734007    1.522085185
   -0.475998887    0.349065850   32.540997039   39.622576850    3.483397137
   -0.285599332    0.349065850   38.795641380   24.684756826    4.665031762
   -0.095199777    0.349065850   41.595851415    4.035104557    5.581114601
    0.095199777    0.349065850   40.325382735  -17.054549196    6.988764531
    0.285599332    0.349065850   35.468099012  -32.630395844    9.534975017
    0.475998887    0.349065850   28.609017766  -37.350421917   13.426833468
    0.666398442    0.349065850   22.140637188  -28.429683098   18.250952138
    0.856797996    0.349065850   18.605236174   -7.166295973   23.061974936
    1.047197551    0.349065850   19.875842986   20.887405053   26.724448322
    1.237597106    0.349065850   26.498432336   47.634668576   28.378410095
    1.427996661    0.349065850   37.472164560   65.605390264   27.762726085
    1.618396215    0.349065850   50.643949846   70.338441221   25.255437400
    1.808795770    0.349065850   63.389795841   61.372819119   21.620308977
    1.999195325    0.349065850   73.330931835   41.548498335   17.664824319
    2.189594880    0.349065850   78.812157433   15.337183428   13.963627323
    2.379994435    0.349065850   79.083082285  -12.383542445   10.777160970
    2.570393989    0.349065850   74.299378063  -37.033441658    8.100251799
    2.760793544    0.349065850   65.438519433  -54.640615300    5.802574315
    2.951193099    0.349065850   54.134679855  -62.429455205    3.738886130

   -3.141592654    0.698131701   43.964422750  -61.695172262    0.511683663
   -2.951193099    0.698131701   33.227589932  -50.101343955    0.269750424
   -2.760793544    0.698131701   25.170181011  -34.381313055    0.245645012
   -2.570393989    0.698131701   20.046116559  -20.191913100    0.232256474
   -2.379994435    0.698131701   17.100158577  -12.017318688    0.042908312
   -2.189594880    0.698131701   15.002566683  -11.139000666   -0.434476247
   -1.999195325    0.698131701   12.558836120  -14.895231543   -1.166527484
   -1.808795770    0.698131701    9.376318639  -17.919799801   -1.939483659
   -1.618396215    0.698131701    6.118969669  -14.989144458   -2.429614541
   -1.427996661    0.698131701    4.192463459   -3.932185891   -2.375983946
   -1.237597106    0.698131701    5.007108052   13.103292515   -1.738751478
   -1.047197551    0.698131701    9.227115724   30.783394018   -0.733632479
   -0.856797996    0.698131701   16.407219930   43.239859014    0.313564012
   -0.666398442    0.698131701   25.127988507   46.532457351    1.183701452
   -0.475998887    0.698131701   33.507752989   39.756800123    1.948601963
   -0.285599332    0.698131701   39.769020504   24.834450813    2.970199470
   -0.095199777    0.698131701   42.709365018    5.594147444    4.760289674
    0.095199777    0.698131701   41.967819130  -12.907752151    7.748562429
    0.285599332    0.698131701   38.188344427  -25.468432871   12.034679232
    0.475998887    0.698131701   32.937354709  -27.828790273   17.251728098
    0.666398442    0.698131701   28.380208125  -18.229211759   22.576045564
    0.856797996    0.698131701   26.677609716    1.504397329   26.947427732
    1.047197551    0.698131701   29.292695511   26.077627998   29.419927902
    1.237597106    0.698131701   36.485438755   48.384963098   29.506164560
    1.427996661    0.698131701   47.193872027   62.230178354   27.334993186
    1.618396215    0.698131701   59.429301965   64.150634792   23.539969335
    1.808795770    0.698131701   70.863772287   54.060048764   18.963078219
    1.999195325    0.698131701   79.422770634   34.529353892   14.362904628
    2.189594880    0.698131701   83.665182097    9.424719252   10.240344595
    2.379994435    0.698131701   82.935311248  -16.996839210    6.839610410
    2.570393989    0.698131701   77.382824957  -40.544655269    4.219774329
    2.760793544    0.698131701   67.930446259  -57.398794585    2.351994424
    2.951193099    0.698131701   56.147251699  -64.740775834    1.154745643

   -3.141592654    1.047197551   42.665270122  -61.836109702   -3.965197540
   -2.951193099    1.047197551   31.986653499  -49.395892320   -2.965961083
   -2.760793544    1.047197551   24.107846078  -33.277256647   -1.725283746
   -2.570393989    1.047197551   19.198795977  -19.092416552   -0.568142325
   -2.379994435    1.047197551   16.435956036  -11.221900800    0.290296460
   -2.189594880    1.047197551   14.448551286  -10.776242594    0.761181035
   -1.999195325    1.047197551   12.036745721  -14.893656689    0.866668067
   -1.808795770    1.047197551    8.836877920  -18.061411022    0.703319320
   -1.618396215    1.047197551    5.555673663  -15.077746063    0.388774028
   -1.427996661    1.047197551    3.621210139   -3.949391122    0.005476797
   -1.237597106    1.047197551    4.426621873   12.968154785   -0.405170937
   -1.047197551    1.047197551    8.592688202   30.322478777   -0.796034248
   -0.856797996    1.047197551   15.654405850   42.494273168   -1.026503902
   -0.666398442    1.047197551   24.243059014   46.018121437   -0.829499417
   -0.475998887    1.047197551   32.618320080   40.397501221    0.158291910
   -0.285599332    1.047197551   39.196118695   27.673014948    2.274246217
   -0.095199777    1.047197551   42.947787334   11.353306963    5.686030093
    0.095199777    1.047197551   43.586750236   -4.241340554   10.282287328
    0.285599332    1.047197551   41.667337127  -14.826079980   15.598369923
    0.475998887    1.047197551   38.497096455  -16.958826769   20.866565234
    0.666398442    1.047197551   35.863857626   -9.242779135   25.159094422
    0.856797996    1.047197551   35.543441696    6.796551294   27.646713550
    1.047197551    1.047197551   38.733173606   26.768395975   27.860329744
    1.237597106    1.047197551   45.631959451   44.745911950   25.836351473
    1.427996661    1.047197551   55.325190902   55.459595075   22.081625060
    1.618396215    1.047197551   66.096866128   55.798278497   17.344070111
    1.808795770    1.047197551   75.901883232   45.477759327   12.344211900
    1.999195325    1.047197551   82.878278139   26.580849559    7.609872926
    2.189594880    1.047197551   85.704522947    2.541192561    3.453644620
    2.379994435    1.047197551   83.781565069  -22.623563545    0.063336102
    2.570393989    1.047197551   77.287255915  -44.787508412   -2.424593566
    2.760793544    1.047197551   67.165019745  -60.181514489   -3.905522116
    2.951193099    1.047197551   54.988151786  -66.097219030   -4.373022743

   -3.141592654    1.396263402   38.216457425  -60.145257272  -10.483228979
   -2.951193099    1.396263402   28.009338077  -46.240879304   -9.114749644
   -2.760793544    1.396263402   20.808531937  -29.444280489   -7.360255025
   -2.570393989    1.396263402   16.634807390  -15.306729727   -5.520825803
   -2.379994435    1.396263402   14.543704805   -8.017412030   -3.754143671
   -2.189594880    1.396263402   13.084274341   -8.470389153   -2.113727880
   -1.999195325    1.396263402   11.012420776  -13.649124329   -0.637733347
   -1.808795770    1.396263402    7.942696049  -17.947246459    0.582193294
   -1.618396215    1.396263402    4.574985643  -16.099132571    1.404386574
   -1.427996661    1.396263402    2.347584281   -5.978630280    1.709565596
   -1.237597106    1.396263402    2.699845130   10.308993543    1.519277383
   -1.047197551    1.396263402    6.355898029   27.762877196    1.069274417
   -0.856797996    1.396263402   13.019370964   41.051311350    0.804988731
   -0.666398442    1.396263402   21.527481352   46.783603154    1.250359352
   -0.475998887    1.396263402   30.327206271   44.182807086    2.842815468
   -0.285599332    1.396263402   37.936029408   34.681268740    5.780985636
   -0.095199777    1.396263402   43.288693623   21.001566278    9.936093554
    0.095199777    1.396263402   45.912676949    6.681061048   14.856930892
    0.285599332    1.396263402   46.046795933   -4.512051261   19.804779769
    0.475998887    1.396263402   44.624968734   -9.215089265   23.900064112
    0.666398442    1.396263402   43.098019623   -5.543690185   26.316888185
    0.856797996    1.396263402   43.046139531    5.934335395   26.535409602
    1.047197551    1.396263402   45.675657653   21.926070144   24.511928797
    1.237597106    1.396263402   51.381524453   37.327648566   20.675188849
    1.427996661    1.396263402   59.545246362   47.051858065   15.757501148
    1.618396215    1.396263402   68.719947815   47.561479970   10.503449163
    1.808795770    1.396263402   77.017330038   37.898194127    5.443616404
    1.999195325    1.396263402   82.614778564   19.647825676    0.843394394
    2.189594880    1.396263402   84.174365373   -3.827969561   -3.198282533
    2.379994435    1.396263402   81.103700738  -28.246148967   -6.586602090
    2.570393989    1.396263402   73.647819098  -49.154581431   -9.152420316
    2.760793544    1.396263402   62.860546587  -62.704219162  -10.692610181
    2.951193099    1.396263402   50.406893967  -66.442519058  -11.105127431

   -3.141592654    1.745329252   31.660576255  -58.429991024  -16.645467378
   -2.951193099    1.745329252   21.944371335  -42.901565227  -15.440378221
   -2.760793544    1.745329252   15.478455818  -25.184074425  -13.635575194
   -2.570393989    1.745329252   12.153577030  -10.740767844  -11.453072232
   -2.379994435    1.745329252   10.924123825   -3.594050786   -8.993635235
   -2.189594880    1.745329252   10.265895430   -4.534383273   -6.293087377
   -1.999195325    1.745329252    8.870241544  -10.549315112   -3.433029385
   -1.808795770    1.745329252    6.282353523  -16.047681441   -0.624209897
   -1.618396215    1.745329252    3.141910280  -15.638324765    1.821657219
   -1.427996661    1.745329252    0.873103990   -6.822935650    3.617507631
   -1.237597106    1.745329252    0.991007994    8.826796704    4.674049230
   -1.047197551    1.745329252    4.393435809   26.784832158    5.194478636
   -0.856797996    1.745329252   11.020127743   41.832940001    5.638783010
   -0.666398442    1.745329252   19.922897602   50.248115475    6.535735102
   -0.475998887    1.745329252   29.661954724   50.552245254    8.264632796
   -0.285599332    1.745329252   38.720213405   43.365724683   10.897072814
   -0.095199777    1.745329252   45.850265794   30.734762467   14.133135988
    0.095199777    1.745329252   50.295006567   15.775385083   17.373586655
    0.285599332    1.745329252   51.961470655    2.221367999   19.841346995
    0.475998887    1.745329252   51.485305042   -6.191123944   20.813422487
    0.666398442    1.745329252   50.127810746   -6.800403112   19.851230878
    0.856797996    1.745329252   49.452317891    0.798813217   16.992505937
    1.047197551    1.745329252   50.827148217   14.131245667   12.754635263
    1.237597106    1.745329252   54.921853482   28.451679843    7.928602866
    1.427996661    1.745329252   61.401668686   38.404604758    3.275613672
    1.618396215    1.745329252   69.008680650   39.780763413   -0.758192767
    1.808795770    1.745329252   75.908995919   30.956429528   -4.129193069
    1.999195325    1.745329252   80.237165058   13.198813586   -7.061971625
    2.189594880    1.745329252   80.596335322   -9.984999757   -9.805511182
    2.379994435    1.745329252   76.394482805  -33.887263371  -12.416574792
    2.570393989    1.745329252   67.959947065  -53.661942657  -14.699738093
    2.760793544    1.745329252   56.478294017  -65.377232448  -16.316771893
    2.951193099    1.745329252   43.724589540  -66.874248857  -16.989608304

   -3.141592654    2.094395102   24.614293283  -57.565683422  -18.853496599
   -2.951193099    2.094395102   15.197602122  -40.685414191  -17.776234963
   -2.760793544    2.094395102    9.253083474  -21.990791923  -15.925636418
   -2.570393989    2.094395102    6.609524795   -6.808044599  -13.456767501
   -2.379994435    2.094395102    6.192315377    0.993747403  -10.467196219
   -2.189594880    2.094395102    6.464702985    0.624504176   -7.023121818
   -1.999195325    2.094395102    6.086332469   -5.098647878   -3.237137888
   -1.808795770    2.094395102    4.524768610  -10.823609368    0.657766822
   -1.618396215    2.094395102    2.310740718  -11.225320790    4.319470659
   -1.427996661    2.094395102    0.776385546   -3.550856696    7.400236571
   -1.237597106    2.094395102    1.419585660   11.129930828    9.705455654
   -1.047197551    2.094395102    5.219382779   28.787176707   11.293778337
   -0.856797996    2.094395102   12.266961109   44.383732502   12.453587242
   -0.666398442    2.094395102   21.760695163   53.961904824   13.535951711
   -0.475998887    2.094395102   32.326910950   55.476230703   14.758345424
   -0.285599332    2.094395102   42.394263982   48.874223411   16.075771275
   -0.095199777    2.094395102   50.540085288   35.672135429   17.153384171
    0.095199777    2.094395102   55.759793534   18.745084343   17.477161836
    0.285599332    2.094395102   57.706040946    2.031808591   16.511317780
    0.475998887    2.094395102   56.843231528  -10.086894571   13.939983525
    0.666398442    2.094395102   54.415144241  -13.994544239    9.848506520
    0.856797996    2.094395102   52.152511825   -8.390209162    4.791375731
    1.047197551    2.094395102   51.726190714    4.697984700   -0.371010689
    1.237597106    2.094395102   54.129684578   20.326827174   -4.802048841
    1.427996661    2.094395102   59.256613239   32.368980355   -8.007640758
    1.618396215    2.094395102   65.906731745   35.670235529  -10.004369146
    1.808795770    2.094395102   72.144758924   27.951059531  -11.225753914
    1.999195325    2.094395102   75.928291585   10.351150057  -12.252359136
    2.189594880    2.094395102   75.710531671  -13.233666331  -13.517732508
    2.379994435    2.094395102   70.851448983  -37.468095692  -15.127919068
    2.570393989    2.094395102   61.746913957  -56.982151343  -16.854540588
    2.760793544    2.094395102   49.718024501  -67.679810253  -18.283606498
    2.951193099    2.094395102   36.666580288  -67.634369767  -19.022904869

   -3.141592654    2.443460953   18.172939417  -57.444307555  -12.603414260
   -2.951193099    2.443460953    8.903683196  -39.263383845  -11.171730953
   -2.760793544    2.443460953    3.358895403  -19.226391028   -9.205138170
   -2.570393989    2.443460953    1.372363377   -2.675377647   -6.825262909
   -2.379994435    2.443460953    1.872720939    6.485616926   -4.089220260
   -2.189594880    2.443460953    3.310933197    7.331575728   -0.973693213
   -1.999195325    2.443460953    4.297563397    2.436809678    2.563523183
   -1.808795770    2.443460953    4.200629660   -3.102700907    6.466471830
   -1.618396215    2.443460953    3.415043214   -4.068352138   10.501976828
   -1.427996661    2.443460953    3.141176521    2.453363461   14.281512718
   -1.237597106    2.443460953    4.799297041   15.779712909   17.395055123
   -1.047197551    2.443460953    9.370369216   32.297635423   19.571290307
   -0.856797996    2.443460953   17.010559347   47.162300641   20.757939119
   -0.666398442    2.443460953   26.988708624   56.284614534   21.064949039
   -0.475998887    2.443460953   37.949221058   57.234841650   20.623625547
   -0.285599332    2.443460953   48.258318065   49.522308439   19.461099611
   -0.095199777    2.443460953   56.357395430   34.387988633   17.444300597
    0.095199777    2.443460953   61.082534452   14.718762287   14.354164832
    0.285599332    2.443460953   61.965586984   -5.119878399   10.029447441
    0.475998887    2.443460953   59.467446051  -19.977791996    4.577071838
    0.666398442    2.443460953   54.990145243  -25.341564284   -1.509256020
    0.856797996    2.443460953   50.574530042  -19.310601767   -7.389100773
    1.047197551    2.443460953   48.259093400   -3.954075317  -12.142133043
    1.237597106    2.443460953   49.326900643   15.047650676  -15.128878168
    1.427996661    2.443460953   53.775952118   30.433349220  -16.235557744
    1.618396215    2.443460953   60.299073340   36.051523917  -15.893462687
    1.808795770    2.443460953   66.712646559   29.176595221  -14.837691916
    1.999195325    2.443460953   70.702425956   11.130366158  -13.786932032
    2.189594880    2.443460953   70.530328716  -13.577952265  -13.188700043
    2.379994435    2.443460953   65.495003697  -38.907902247  -13.129087387
    2.570393989    2.443460953   56.051619727  -58.979028013  -13.387463242
    2.760793544    2.443460953   43.647122533  -69.505564187  -13.594617109
    2.951193099    2.443460953   30.315064540  -68.668205289  -13.402711196

   -3.141592654    2.792526803   15.455416547  -55.934802378    0.804894545
   -2.951193099    2.792526803    6.528716792  -37.193822152    2.730986695
   -2.760793544    2.792526803    1.432387542  -16.600157002    4.615829644
   -2.570393989    2.792526803    0.000000000    0.522153533    6.439794164
   -2.379994435    2.792526803    1.171776180   10.361507680    8.303459008
   -2.189594880    2.792526803    3.427491934   12.069413762   10.436616521
   -1.999195325    2.792526803    5.410615641    8.167488545   13.103773763
   -1.808795770    2.792526803    6.493967688    3.514783600   16.420597246
   -1.618396215    2.792526803    7.020124482    2.987301977   20.194470660
   -1.427996661    2.792526803    8.075590910    9.226586260   23.911529197
   -1.237597106    2.792526803   10.934530891   21.500360444   26.902183004
   -1.047197551    2.792526803   16.445157985   36.370305569   28.595683625
   -0.856797996    2.792526803   24.675030475   49.245819554   28.703414556
   -0.666398442    2.792526803   34.845866013   56.197168685   27.239097368
   -0.475998887    2.792526803   45.570392821   54.810176024   24.397490725
   -0.285599332    2.792526803   55.178050517   44.536975132   20.407236300
   -0.095199777    2.792526803   62.067551718   26.654383422   15.436400712
    0.095199777    2.792526803   65.060711995    4.309960919    9.618135699
    0.285599332    2.792526803   63.751488364  -17.579160671    3.150769538
    0.475998887    2.792526803   58.785662153  -33.168220866   -3.557788922
    0.666398442    2.792526803   51.871987610  -37.405033267   -9.845272702
    0.856797996    2.792526803   45.417015757  -28.378323470  -14.903216771
    1.047197551    2.792526803   41.763285073   -8.817752205  -18.053473548
    1.237597106    2.792526803   42.320675775   14.477716603  -19.034570414
    1.427996661    2.792526803   46.995732654   33.146519118  -18.108484400
    1.618396215    2.792526803   54.221140384   40.445789150  -15.934959900
    1.808795770    2.792526803   61.504746040   33.711719322  -13.259319996
    1.999195325    2.792526803   66.284895383   14.798758452  -10.647373419
    2.189594880    2.792526803   66.695934098  -11.121037414   -8.360066198
    2.379994435    2.792526803   62.023689642  -37.483828081   -6.400791125
    2.570393989    2.792526803   52.787304062  -58.141924044   -4.630693002
    2.760793544    2.792526803   40.525840165  -68.767926353   -2.893511385
    2.951193099    2.792526803   27.356938547  -67.650000592   -1.088531641
