#! FIELDS phi psi file.free der_phi der_psi
#! SET min_phi -pi
#! SET max_phi pi
#! SET nbins_phi  33
#! SET periodic_phi true
#! SET min_psi -pi
#! SET max_psi pi
#! SET nbins_psi  18
#! SET periodic_psi true
   -3.141592654   -3.141592654   18.181781824  -54.032339892   16.329838974
   -2.951193099   -3.141592654    9.554054814  -35.921383085   18.733683695
   -2.760793544   -3.141592654    4.665612689  -15.628925307   20.421443454
   -2.570393989   -3.141592654    3.419699680    1.588143956   21.463256849
   -2.379994435   -3.141592654    4.840600113   12.002102208   22.152487849
   -2.189594880   -3.141592654    7.507480666   14.838037534   22.965573495
   -1.999195325   -3.141592654   10.163293569   12.522679201   24.384429229
   -1.808795770   -3.141592654   12.234959584    9.503284938   26.633409529
   -1.618396215   -3.141592654   14.015092875   10.021983032   29.478922325
   -1.427996661   -3.141592654   16.417518859   16.113650031   32.243961449
   -1.237597106   -3.141592654   20.456169662   26.779240357   34.054266203
   -1.047197551   -3.141592654   26.712761847   38.764823346   34.187215190
   -0.856797996   -3.141592654   35.058064294   47.995394728   32.320560765
   -0.666398442   -3.141592654   44.626247577   51.143490335   28.583541155
   -0.475998887   -3.141592654   54.050761262   46.310532121   23.409068728
   -0.285599332   -3.141592654   61.767560192   33.334183570   17.337469119
   -0.095199777   -3.141592654   66.344632007   13.771074001   10.847392116
    0.095199777   -3.141592654   66.820266150   -9.024280920    4.308640175
    0.285599332   -3.141592654   63.037954532  -29.982771170   -1.967298782
    0.475998887   -3.141592654   55.910110916  -43.248959205   -7.620334410
    0.666398442   -3.141592654   47.391851797  -44.014683816  -12.196029933
    0.856797996   -3.141592654   40.057344245  -30.965024850  -15.221040118
    1.047197551   -3.141592654   36.275381584   -7.681471418  -16.392205474
    1.237597106   -3.141592654   37.319395771   18.248614362  -15.748333402
    1.427996661   -3.141592654   42.847911281   38.122396923  -13.674464225
    1.618396215   -3.141592654   51.038113929   45.479093524  -10.740397549
    1.808795770   -3.141592654   59.239192677   38.306638166   -7.443723580
    1.999195325   -3.141592654   64.855041119   19.041604606   -4.064958883
    2.189594880   -3.141592654   66.063033714   -6.944358472   -0.662633001
    2.379994435   -3.141592654   62.190150477  -33.269378865    2.804803457
    2.570393989   -3.141592654   53.745763701  -54.093597638    6.359304998
    2.760793544   -3.141592654   42.211359234  -65.242320048    9.923385453
    2.951193099   -3.141592654   29.641627816  -64.918062303   13.322208490

   -3.141592654   -2.792526803   25.614051945  -49.643686595   24.091846742
   -2.951193099   -2.792526803   17.665357521  -33.214624286   26.339189206
   -2.760793544   -2.792526803   13.134268957  -14.541828267   27.565481215
   -2.570393989   -2.792526803   11.974574445    1.521052338   27.941254924
   -2.379994435   -2.792526803   13.340806420   11.667760168   27.863231755
   -2.189594880   -2.792526803   16.006015165   15.332283910   27.883805465
   -1.999195325   -2.792526803   18.907684780   14.709245934   28.512523641
   -1.808795770   -2.792526803   21.574546302   13.512259426   29.947516319
   -1.618396215   -2.792526803   24.230898187   14.999730233   31.889539444
   -1.427996661   -2.792526803   27.546262983   20.420217577   33.587506641
   -1.237597106   -2.792526803   32.191652559   28.575319991   34.120747039
   -1.047197551   -2.792526803   38.434820868   36.679220005   32.780119930
   -0.856797996   -2.792526803   45.969152506   41.587354867   29.328823282
   -0.666398442   -2.792526803   53.939453748   40.933385240   24.054223472
   -0.475998887   -2.792526803   61.150574502   33.524781319   17.590583603
   -0.285599332   -2.792526803   66.305261907   19.470485054   10.681743904
   -0.095199777   -2.792526803   68.252011881    0.225580570    3.965440000
    0.095199777   -2.792526803   66.267486685  -21.163596975   -2.114205467
    0.285599332   -2.792526803   60.371522837  -39.934077989   -7.274991015
    0.475998887   -2.792526803   51.603661752  -50.438808436  -11.305048876
    0.666398442   -2.792526803   42.012618702  -48.031324382  -14.001591109
    0.856797996   -2.792526803   34.228202712  -31.664843236  -15.203628854
    1.047197551   -2.792526803   30.609188452   -5.338023727  -14.886269844
    1.237597106   -2.792526803   32.332875823   22.916940626  -13.238042205
    1.427996661   -2.792526803   38.895650086   44.170714934  -10.618538046
    1.618396215   -2.792526803   48.301104961   52.098495791   -7.421680304
    1.808795770   -2.792526803   57.778959787   45.067752643   -3.910384746
    1.999195325   -2.792526803   64.689043055   25.890805064   -0.169444782
    2.189594880   -2.792526803   67.218336172    0.096591849    3.833700718
    2.379994435   -2.792526803   64.707521552  -26.023973939    8.110901416
    2.570393989   -2.792526803   57.647315617  -46.864156249   12.558476290
    2.760793544   -2.792526803   47.455792136  -58.462129564   16.925908891
    2.951193099   -2.792526803   36.094603339  -59.104981501   20.878708607

   -3.141592654   -2.443460953   34.047431277  -45.125506115   22.408545247
   -2.951193099   -2.443460953   26.790053396  -30.496141460   24.278471248
   -2.760793544   -2.443460953   22.610954125  -13.516187710   25.243545172
   -2.570393989   -2.443460953   21.518278964    1.307068972   25.459538839
   -2.379994435   -2.443460953   22.786427199   11.001027091   25.239400477
   -2.189594880   -2.443460953   25.354782978   15.124530860   24.991437172
   -1.999195325   -2.443460953   28.315431572   15.597235134   25.060008951
   -1.808795770   -2.443460953   31.256862007   15.425438902   25.522744679
   -1.618396215   -2.443460953   34.306657725   17.002174436   26.071649780
   -1.427996661   -2.443460953   37.891682234   20.984006398   26.089945453
   -1.237597106   -2.443460953   42.383733757   26.208465074   24.903158342
   -1.047197551   -2.443460953   47.823727656   30.566319067   22.082896873
   -0.856797996   -2.443460953   53.845798844   31.952608557   17.624194880
   -0.666398442   -2.443460953   59.729737252   28.907767060   11.953671959
   -0.475998887   -2.443460953   64.549215253   20.721881189    5.746321692
   -0.285599332   -2.443460953   67.316522237    7.441097428   -0.289000818
   -0.095199777   -2.443460953   67.138079993   -9.921129629   -5.600677280
    0.095199777   -2.443460953   63.448105250  -28.878996547   -9.876506737
    0.285599332   -2.443460953   56.325317552  -45.110261974  -13.009984435
    0.475998887   -2.443460953   46.804312082  -53.193063511  -15.013559735
    0.666398442   -2.443460953   36.903928010  -48.550651366  -15.928258856
    0.856797996   -2.443460953   29.214629770  -30.174173894  -15.799325589
    1.047197551   -2.443460953   26.044900132   -2.157279736  -14.695653342
    1.237597106   -2.443460953   28.499628974   27.351556131  -12.747035482
    1.427996661   -2.443460953   35.989162923   49.406042479  -10.140578705
    1.618396215   -2.443460953   46.441278722   57.828457940   -7.073422649
    1.808795770   -2.443460953   57.049348724   51.210553451   -3.678845552
    1.999195325   -2.443460953   65.175123909   32.534756510   -0.015170297
    2.189594880   -2.443460953   69.024710784    7.311257369    3.901248438
    2.379994435   -2.443460953   67.935334615  -18.356739940    8.015061675
    2.570393989   -2.443460953   62.350043871  -39.133221089   12.181774468
    2.760793544   -2.443460953   53.592726926  -51.244028360   16.155529029
    2.951193099   -2.443460953   43.509773333  -53.003425173   19.649174711

   -3.141592654   -2.094395102   40.547208544  -41.079755191   13.603218266
   -2.951193099   -2.094395102   33.942793143  -27.717068624   14.846617851
   -2.760793544   -2.094395102   30.166654670  -12.057360654   15.559907121
   -2.570393989   -2.094395102   29.234746029    1.580822920   15.785164775
   -2.379994435   -2.094395102   30.470206909   10.459782514   15.610899819
   -2.189594880   -2.094395102   32.896714821   14.253368000   15.164187337
   -1.999195325   -2.094395102   35.687884630   14.712413248   14.548322550
   -1.808795770   -2.094395102   38.452549835   14.385493511   13.747171484
   -1.618396215   -2.094395102   41.240811159   15.155908772   12.580715564
   -1.427996661   -2.094395102   44.325313813   17.432194955   10.770288213
   -1.237597106   -2.094395102   47.919903700   20.277500780    8.084306565
   -1.047197551   -2.094395102   51.993023126   22.201286400    4.491287682
   -0.856797996   -2.094395102   56.240673478   21.864411110    0.213404444
   -0.666398442   -2.094395102   60.135010478   18.335051204   -4.311094860
   -0.475998887   -2.094395102   63.004186361   11.034900265   -8.579365211
   -0.285599332   -2.094395102   64.098038329   -0.300034813  -12.163077923
   -0.095199777   -2.094395102   62.674888314  -15.216233851  -14.816264910
    0.095199777   -2.094395102   58.208358091  -31.786657890  -16.508341605
    0.285599332   -2.094395102   50.726470888  -46.060577388  -17.361235057
    0.475998887   -2.094395102   41.167489519  -52.715172037  -17.564601436
    0.666398442   -2.094395102   31.458164005  -47.066995439  -17.271144583
    0.856797996   -2.094395102   24.126511595  -27.914427450  -16.550749375
    1.047197551   -2.094395102   21.453886362    0.809016380  -15.381770256
    1.237597106   -2.094395102   24.538724695   31.009768670  -13.705556090
    1.427996661   -2.094395102   32.789330511   53.730499127  -11.498709852
    1.618396215   -2.094395102   44.124949150   62.770456973   -8.817083689
    1.808795770   -2.094395102   55.727956802   56.698448522   -5.783527280
    1.999195325   -2.094395102   64.945431691   38.490672746   -2.557119333
    2.189594880   -2.094395102   69.966089162   13.620427858    0.715701020
    2.379994435   -2.094395102   70.098459187  -11.879160659    3.905174472
    2.570393989   -2.094395102   65.741743796  -32.769797600    6.896701308
    2.760793544   -2.094395102   58.159320854  -45.334389468    9.573402215
    2.951193099   -2.094395102   49.132266486  -47.885304352   11.833509264

   -3.141592654   -1.745329252   42.724716390  -39.232964338    5.193477180
   -2.951193099   -1.745329252   36.429088330  -26.335031021    5.722334400
   -2.760793544   -1.745329252   32.868419652  -11.192443925    6.031180221
   -2.570393989   -1.745329252   32.043447284    1.817978090    6.098260183
   -2.379994435   -1.745329252   33.255429118    9.953972124    5.857077708
   -2.189594880   -1.745329252   35.505248949   12.880003611    5.218599526
   -1.999195325   -1.745329252   37.937966217   12.283832899    4.083683891
   -1.808795770   -1.745329252   40.118871066   10.635009568    2.350863526
   -1.618396215   -1.745329252   42.047456615    9.851454977   -0.044637806
   -1.427996661   -1.745329252   43.971218643   10.579165937   -3.061874236
   -1.237597106   -1.745329252   46.143112995   12.303385217   -6.512569711
   -1.047197551   -1.745329252   48.655449678   13.951398340  -10.073110211
   -0.856797996   -1.745329252   51.391038720   14.418756355  -13.371409785
   -0.666398442   -1.745329252   54.023302761   12.661476554  -16.069167226
   -0.475998887   -1.745329252   56.030757589    7.716375976  -17.953668872
   -0.285599332   -1.745329252   56.723714562   -1.220333747  -18.965311586
   -0.095199777   -1.745329252   55.321165322  -14.188473655  -19.195372911
    0.095199777   -1.745329252   51.178060541  -29.552855907  -18.862517497
    0.285599332   -1.745329252   44.171947247  -43.420468679  -18.231457415
    0.475998887   -1.745329252   35.102272169  -50.283641807  -17.540544718
    0.666398442   -1.745329252   25.811165076  -45.114000298  -16.907347888
    0.856797996   -1.745329252   18.813549551  -26.305329312  -16.294283047
    1.047197551   -1.745329252   16.448075090    2.511216674  -15.519357510
    1.237597106   -1.745329252   19.906535877   33.297808613  -14.347554941
    1.427996661   -1.745329252   28.676702527   56.912035335  -12.622649172
    1.618396215   -1.745329252   40.705070432   66.822589038  -10.352154370
    1.808795770   -1.745329252   53.139684515   61.300481199   -7.704886386
    1.999195325   -1.745329252   63.252240929   43.210022883   -4.945916390
    2.189594880   -1.745329252   69.152764300   18.080403347   -2.326034332
    2.379994435   -1.745329252   70.091440072   -7.901538915   -0.026160097
    2.570393989   -1.745329252   66.438905282  -29.365628697    1.866022666
    2.760793544   -1.745329252   59.450514312  -42.498534155    3.333817159
    2.951193099   -1.745329252   50.913525653  -45.569038517    4.419655173

   -3.141592654   -1.396263402   41.171111260  -39.762045152    2.833078298
   -2.951193099   -1.396263402   34.779821856  -26.796675282    2.725057700
   -2.760793544   -1.396263402   31.145599599  -11.509621260    2.410295841
   -2.570393989   -1.396263402   30.267755056    1.545193410    1.879958660
   -2.379994435   -1.396263402   31.411640511    9.443990315    1.027020482
   -2.189594880   -1.396263402   33.506342350   11.672033806   -0.332688649
   -1.999195325   -1.396263402   35.598496034    9.826744633   -2.400056498
   -1.808795770   -1.396263402   37.157564762    6.517137309   -5.296544601
   -1.618396215   -1.396263402   38.141773616    4.101629865   -8.954559176
   -1.427996661   -1.396263402   38.860531542    3.826187136  -13.047343385
   -1.237597106   -1.396263402   39.737656487    5.669899461  -17.032387827
   -1.047197551   -1.396263402   41.098064935    8.674925713  -20.298358385
   -0.856797996   -1.396263402   43.036976517   11.442756539  -22.369779383
   -0.666398442   -1.396263402   45.354703958   12.336659623  -23.039722132
   -0.475998887   -1.396263402   47.536747949    9.787234250  -22.416522894
   -0.285599332   -1.396263402   48.797081021    2.524926766  -20.848528980
   -0.095199777   -1.396263402   48.192161199   -9.733002683  -18.795778092
    0.095199777   -1.396263402   44.887878413  -25.350988672  -16.711880425
    0.285599332   -1.396263402   38.593489698  -40.251285977  -14.921436364
    0.475998887   -1.396263402   29.992719211  -48.546604126  -13.578880383
    0.666398442   -1.396263402   20.899136887  -44.716948686  -12.649105596
    0.856797996   -1.396263402   13.893505213  -26.662821703  -11.958102125
    1.047197551   -1.396263402   11.458104270    2.276857478  -11.256778219
    1.237597106   -1.396263402   14.951066954   33.987809443  -10.311361957
    1.427996661   -1.396263402   23.977968263   58.922802945   -8.994413212
    1.618396215   -1.396263402   36.507669990   69.999324740   -7.313307613
    1.808795770   -1.396263402   49.613494457   65.042702695   -5.393371952
    1.999195325   -1.396263402   60.434765773   46.789976282   -3.419797030
    2.189594880   -1.396263402   66.953870697   20.915630209   -1.564526039
    2.379994435   -1.396263402   68.337830162   -6.083540417    0.039490434
    2.570393989   -1.396263402   64.934728041  -28.544542066    1.306156628
    2.760793544   -1.396263402   58.025172188  -42.441935448    2.185784355
    2.951193099   -1.396263402   49.451419180  -45.958345666    2.679475902

   -3.141592654   -1.047197551   38.938957453  -42.004799681    3.330642687
   -2.951193099   -1.047197551   32.122441868  -28.970779505    2.261279174
   -2.760793544   -1.047197551   28.104318686  -13.348963921    0.893577169
   -2.570393989   -1.047197551   26.908725368    0.008711525   -0.676609603
   -2.379994435   -1.047197551   27.760873523    7.820045612   -2.479626169
   -2.189594880   -1.047197551   29.487355974    9.310177531   -4.677353683
   -1.999195325   -1.047197551   31.008037234    6.105304267   -7.479396582
   -1.808795770   -1.047197551   31.707704865    1.228063360  -10.979707598
   -1.618396215   -1.047197551   31.569288479   -2.255269186  -14.991485832
   -1.427996661   -1.047197551   31.065385935   -2.421314493  -18.990418645
   -1.237597106   -1.047197551   30.881368882    1.018025904  -22.243010223
   -1.047197551   -1.047197551   31.609468137    6.834848382  -24.069123075
   -0.856797996   -1.047197551   33.512497637   12.913540373  -24.112531714
   -0.666398442   -1.047197551   36.401176048   16.726702729  -22.466936169
   -0.475998887   -1.047197551   39.615159660   16.009943061  -19.622364213
   -0.285599332   -1.047197551   42.124382613    9.183386167  -16.270166949
   -0.095199777   -1.047197551   42.723856860   -3.941632279  -13.060683324
    0.095199777   -1.047197551   40.366394173  -21.299733555  -10.425557069
    0.285599332   -1.047197551   34.648879079  -38.244539827   -8.471048541
    0.475998887   -1.047197551   26.253104344  -48.306364313   -7.043844718
    0.666398442   -1.047197551   17.091696815  -45.531469287   -5.865339019
    0.856797996   -1.047197551    9.904540529  -27.614496511   -4.711245776
    1.047197551   -1.047197551    7.344845610    2.026298783   -3.503644429
    1.237597106   -1.047197551   10.901087458   34.925832272   -2.294544973
    1.427996661   -1.047197551   20.226627682   61.071932969   -1.187833258
    1.618396215   -1.047197551   33.252145119   72.956604240   -0.231185911
    1.808795770   -1.047197551   46.948712138   68.172711900    0.609589605
    1.999195325   -1.047197551   58.333287106   49.484256606    1.416135967
    2.189594880   -1.047197551   65.288551444   22.747656338    2.245550976
    2.379994435   -1.047197551   66.922094715   -5.309743894    3.065041326
    2.570393989   -1.047197551   63.563174149  -28.845816757    3.741869083
    2.760793544   -1.047197551   56.503141895  -43.685445476    4.090540303
    2.951193099   -1.047197551   47.622659739  -47.885499875    3.967405788

   -3.141592654   -0.698131701   38.653661505  -45.193656537    3.173198630
   -2.951193099   -0.698131701   31.187602683  -32.528622061    0.965326287
   -2.760793544   -0.698131701   26.487515650  -16.904917803   -1.580742784
   -2.570393989   -0.698131701   24.625474449   -3.451044617   -4.223552606
   -2.379994435   -0.698131701   24.809944499    4.194985526   -6.871173717
   -2.189594880   -0.698131701   25.792219811    5.034224071   -9.628124741
   -1.999195325   -0.698131701   26.404743481    0.813766178  -12.692820522
   -1.808795770   -0.698131701   26.006736644   -4.926259841  -16.126691851
   -1.618396215   -0.698131701   24.677997113   -8.400807602  -19.647401286
   -1.427996661   -0.698131701   23.113348149   -7.161627149  -22.605484435
   -1.237597106   -0.698131701   22.273086826   -0.933281200  -24.210453482
   -1.047197551   -0.698131701   22.961831630    8.422424457  -23.892399221
   -0.856797996   -0.698131701   25.493685907   17.801364906  -21.590666144
   -0.666398442   -0.698131701   29.541548788   23.761096443  -17.806482368
   -0.475998887   -0.698131701   34.170696822   23.552846105  -13.399496439
   -0.285599332   -0.698131701   38.037903627   15.682822537   -9.258930344
   -0.095199777   -0.698131701   39.692179507    0.528435765   -5.979394573
    0.095199777   -0.698131701   37.974838230  -19.002108917   -3.701608524
    0.285599332   -0.698131701   32.532055049  -37.506491069   -2.120164732
    0.475998887   -0.698131701   24.209475212  -48.092760940   -0.720100118
    0.666398442   -0.698131701   15.118293816  -44.886736469    0.927280655
    0.856797996   -0.698131701    8.139782002  -26.060688943    2.918840740
    1.047197551   -0.698131701    5.959580596    4.381846145    4.986821448
    1.237597106   -0.698131701   10.003337689   37.574978534    6.691429182
    1.427996661   -0.698131701   19.818503630   63.483499343    7.678661153
    1.618396215   -0.698131701   33.255895967   74.844509984    7.888991938
    1.808795770   -0.698131701   47.260763227   69.541416170    7.548625504
    1.999195325   -0.698131701   58.868352132   50.482317849    7.023755633
    2.189594880   -0.698131701   65.985346425   23.448058632    6.609690715
    2.379994435   -0.698131701   67.715505885   -5.031267777    6.390642997
    2.570393989   -0.698131701   64.347674915  -29.270034659    6.212152690
    2.760793544   -0.698131701   57.117827266  -45.071980007    5.777091925
    2.951193099   -0.698131701   47.875438769  -50.290089601    4.807096630

   -3.141592654   -0.349065850   39.295230247  -49.672021421    2.851159614
   -2.951193099   -0.349065850   30.891660893  -37.800415673   -0.091707787
   -2.760793544   -0.349065850   25.154348292  -22.433462158   -3.275326432
   -2.570393989   -0.349065850   22.246486019   -8.872722186   -6.401099272
   -2.379994435   -0.349065850   21.411997905   -1.113857643   -9.328072332
   -2.189594880   -0.349065850   21.374161908   -0.419411010  -12.123036337
   -1.999195325   -0.349065850   20.920062804   -4.923726142  -14.935636777
   -1.808795770   -0.349065850   19.428772022  -10.545013277  -17.746559128
   -1.618396215   -0.349065850   17.122018574  -12.827452010  -20.183874217
   -1.427996661   -0.349065850   14.938813644   -8.999881578  -21.576067251
   -1.237597106   -0.349065850   14.083800599    0.863236519  -21.257568267
   -1.047197551   -0.349065850   15.476694981   13.944068480  -18.951611085
   -0.856797996   -0.349065850   19.340075309   26.005538114  -14.983137330
   -0.666398442   -0.349065850   25.064359161   32.828791820  -10.192868883
   -0.475998887   -0.349065850   31.347059586   31.555961576   -5.587918606
   -0.285599332   -0.349065850   36.523176589   21.279348190   -1.949209982
   -0.095199777   -0.349065850   38.980015279    3.389547564    0.467617906
    0.095199777   -0.349065850   37.599442281  -18.128993444    1.978786501
    0.285599332   -0.349065850   32.244060804  -37.202852386    3.294261173
    0.475998887   -0.349065850   24.042514441  -46.926495702    5.129016338
    0.666398442   -0.349065850   15.324704421  -42.097850687    7.817851473
    0.856797996   -0.349065850    9.022561037  -21.892479115   11.104407126
    1.047197551   -0.349065850    7.689349494    8.880442922   14.250259493
    1.237597106   -0.349065850   12.520698297   41.144827716   16.427214107
    1.427996661   -0.349065850   22.858141875   65.327251436   17.122494784
    1.618396215   -0.349065850   36.474502707   74.938877700   16.374608497
    1.808795770   -0.349065850   50.376006397   68.498528581   14.674772198
    1.999195325   -0.349065850   61.740720149   49.098751441   12.684544133
    2.189594880   -0.349065850   68.606161154   22.242212152   10.909620464
    2.379994435   -0.349065850   70.128124751   -6.052232775    9.522738107
    2.570393989   -0.349065850   66.551676183  -30.534079232    8.354925331
    2.760793544   -0.349065850   59.011401534  -47.155779139    7.049244978
    2.951193099   -0.349065850   49.261008022  -53.581307670    5.266556942

   -3.141592654    0.000000000   40.412128226  -54.732164606    2.214037566
   -2.951193099    0.000000000   30.975358972  -43.482232605   -0.578118017
   -2.760793544    0.000000000   24.141049639  -28.168398350   -3.450029764
   -2.570393989    0.000000000   20.172862228  -14.223450042   -6.187187732
   -2.379994435    0.000000000   18.366364885   -5.980074826   -8.699250689
   -2.189594880    0.000000000   17.436955967   -4.943458691  -11.037945285
   -1.999195325    0.000000000   16.149451750   -9.119642145  -13.263724242
   -1.808795770    0.000000000   13.923838893  -13.927161851  -15.235372698
   -1.618396215    0.000000000   11.127344488  -14.389820547  -16.515010815
   -1.427996661    0.000000000    8.907963466   -7.661844931  -16.512395945
   -1.237597106    0.000000000    8.628493988    5.570241523  -14.815243703
   -1.047197551    0.000000000   11.199492400   21.418464431  -11.498215620
   -0.856797996    0.000000000   16.628685731   34.651504197   -7.184879597
   -0.666398442    0.000000000   23.953949219   40.681533164   -2.819646848
   -0.475998887    0.000000000   31.526925760   37.062485182    0.750167018
   -0.285599332    0.000000000   37.477735865   23.921056800    3.115354387
   -0.095199777    0.000000000   40.211351774    3.852981659    4.470337917
    0.095199777    0.000000000   38.834795573  -18.241494557    5.497499861
    0.285599332    0.000000000   33.549660835  -36.078046094    7.049023142
    0.475998887    0.000000000   25.783972477  -43.366945124    9.721930989
    0.666398442    0.000000000   17.984865195  -36.140254430   13.525592804
    0.856797996    0.000000000   12.951609568  -14.846018857   17.808231261
    1.047197551    0.000000000   12.908966740   15.043545704   21.512459329
    1.237597106    0.000000000   18.688701610   44.724058732   23.664412187
    1.427996661    0.000000000   29.398358648   65.657575711   23.791917584
    1.618396215    0.000000000   42.801566669   72.543525973   22.091739445
    1.808795770    0.000000000   56.085601442   64.651896148   19.244902989
    1.999195325    0.000000000   66.686153913   45.108155949   16.067548211
    2.189594880    0.000000000   72.844665246   18.882226561   13.164578594
    2.379994435    0.000000000   73.795369313   -8.742567734   10.771262637
    2.570393989    0.000000000   69.732616165  -33.063482613    8.767634323
    2.760793544    0.000000000   61.670893850  -50.209008666    6.848302175
    2.951193099    0.000000000   51.249194329  -57.626630843    4.712434438

   -3.141592654    0.349065850   42.279745809  -58.718384081    2.205852453
   -2.951193099    0.349065850   32.034162992  -47.914517370    0.432351802
   -2.760793544    0.349065850   24.340102233  -32.692014278   -1.268104952
   -2.570393989    0.349065850   19.526414097  -18.540541513   -2.872029706
   -2.379994435    0.349065850   16.925998417   -9.992771376   -4.419173814
   -2.189594880    0.349065850   15.261062855   -8.644899427   -5.981729753
   -1.999195325    0.349065850   13.310908505  -12.310330123   -7.545538915
   -1.808795770    0.349065850   10.569783825  -16.016341411   -8.884431073
   -1.618396215    0.349065850    7.546103084  -14.544128566   -9.571471205
   -1.427996661    0.349065850    5.534215417   -5.270937205   -9.173430233
   -1.237597106    0.349065850    5.949959357   10.385742901   -7.523358352
   -1.047197551    0.349065850    9.595091817   27.656867792   -4.884476383
   -0.856797996    0.349065850   16.225968497   40.759471761   -1.869915633
   -0.666398442    0.349065850   24.585142392   45.245984910    0.836000853
   -0.475998887    0.349065850   32.820245226   39.422169643    2.821563957
   -0.285599332    0.349065850   39.035095008   24.484972093    4.125717877
   -0.095199777    0.349065850   41.805363580    3.945640147    5.231208456
    0.095199777    0.349065850   40.537865612  -16.909588496    6.848763766
    0.285599332    0.349065850   35.738148982  -32.155033715    9.585306027
    0.475998887    0.349065850   29.002159581  -36.536278962   13.622502267
    0.666398442    0.349065850   22.711257817  -27.410510990   18.531933403
    0.856797996    0.349065850   19.366488099   -6.240547363   23.353653844
    1.047197551    0.349065850   20.772161079   21.313403029   26.937768973
    1.237597106    0.349065850   27.397314370   47.190135846   28.420185012
    1.427996661    0.349065850   38.188829958   64.144867151   27.560256742
    1.618396215    0.349065850   50.998685231   68.069645692   24.786877906
    1.808795770    0.349065850   63.276175382   58.836298375   20.935474734
    1.999195325    0.349065850   72.763297257   39.432489517   16.881321042
    2.189594880    0.349065850   77.928286952   14.206140626   13.235053244
    2.379994435    0.349065850   78.097724134  -12.313549482   10.245674000
    2.570393989    0.349065850   73.428456288  -35.964121485    7.851484161
    2.760793544    0.349065850   64.826787420  -53.083392828    5.843567402
    2.951193099    0.349065850   53.817614635  -60.978160713    4.004263317

   -3.141592654    0.698131701   44.020471674  -60.691955870    0.859945158
   -2.951193099    0.698131701   33.394005993  -49.923282337    0.546724301
   -2.760793544    0.698131701   25.307868713  -34.794749606    0.392740536
   -2.570393989    0.698131701   20.080272889  -20.787220682    0.226728214
   -2.379994435    0.698131701   17.033451613  -12.428235112   -0.106034922
   -2.189594880    0.698131701   14.890861202  -11.189644762   -0.695595885
   -1.999195325    0.698131701   12.469935999  -14.625656957   -1.500764965
   -1.808795770    0.698131701    9.355506611  -17.508259565   -2.314488238
   -1.618396215    0.698131701    6.174383190  -14.623888950   -2.831528796
   -1.427996661    0.698131701    4.303363305   -3.723054284   -2.809896186
   -1.237597106    0.698131701    5.142090513   13.160348801   -2.217500473
   -1.047197551    0.698131701    9.363947946   30.768396460   -1.257695373
   -0.856797996    0.698131701   16.541362644   43.247842118   -0.228041356
   -0.666398442    0.698131701   25.270579940   46.622603000    0.679260863
   -0.475998887    0.698131701   33.676086101   39.939545832    1.543628413
   -0.285599332    0.698131701   39.979435143   25.094194534    2.707812357
   -0.095199777    0.698131701   42.975824449    5.930554402    4.647398171
    0.095199777    0.698131701   42.307872425  -12.457202622    7.757945831
    0.285599332    0.698131701   38.629492042  -24.843497270   12.121410595
    0.475998887    0.698131701   33.515650120  -27.013228620   17.369162841
    0.666398442    0.698131701   29.123919913  -17.334791168   22.682525176
    0.856797996    0.698131701   27.577504646    2.194569912   27.002719853
    1.047197551    0.698131701   30.272967366   26.166804694   29.381787882
    1.237597106    0.698131701   37.396203668   47.526378379   29.335215158
    1.427996661    0.698131701   47.840556543   60.335229615   27.009815457
    1.618396215    0.698131701   59.636394738   61.515753095   23.074698968
    1.808795770    0.698131701   70.547003591   51.320612642   18.416924832
    1.999195325    0.698131701   78.634261847   32.436190860   13.831961080
    2.189594880    0.698131701   82.586896729    8.544489538    9.830320299
    2.379994435    0.698131701   81.820313123  -16.511837928    6.631326236
    2.570393989    0.698131701   76.468552032  -39.003310170    4.240473274
    2.760793544    0.698131701   67.361502538  -55.426388370    2.568135664
    2.951193099    0.698131701   55.939377952  -63.017388611    1.486084944

   -3.141592654    1.047197551   42.878789800  -60.965389814   -3.774596897
   -2.951193099    1.047197551   32.276525639  -49.434104849   -2.898076781
   -2.760793544    1.047197551   24.323724067  -33.942243459   -1.786156514
   -2.570393989    1.047197551   19.263129933  -19.935506251   -0.743897673
   -2.379994435    1.047197551   16.354645532  -11.852823932    0.021314711
   -2.189594880    1.047197551   14.284010892  -11.008432412    0.420629390
   -1.999195325    1.047197551   11.864225003  -14.766877696    0.473791983
   -1.808795770    1.047197551    8.708519233  -17.759575734    0.276340525
   -1.618396215    1.047197551    5.485391421  -14.792786409   -0.054479184
   -1.427996661    1.047197551    3.594322650   -3.783952477   -0.434678659
   -1.237597106    1.047197551    4.420621998   13.040887195   -0.819728345
   -1.047197551    1.047197551    8.599541416   30.412586216   -1.157921528
   -0.856797996    1.047197551   15.688516678   42.711676810   -1.306337004
   -0.666398442    1.047197551   24.334015523   46.399821736   -1.005009774
   -0.475998887    1.047197551   32.793411084   40.888550874    0.089931989
   -0.285599332    1.047197551   39.466732288   28.172276739    2.288005186
   -0.095199777    1.047197551   43.307963298   11.794997010    5.733024836
    0.095199777    1.047197551   44.026146208   -3.834648278   10.305706450
    0.285599332    1.047197551   42.187877303  -14.358041991   15.553490134
    0.475998887    1.047197551   39.118978818  -16.352243196   20.732461832
    0.666398442    1.047197551   36.610781375   -8.557063982   24.939071436
    0.856797996    1.047197551   36.409239530    7.305539845   27.359091665
    1.047197551    1.047197551   39.648005104   26.709500237   27.528399201
    1.237597106    1.047197551   46.452369710   43.774733952   25.483177700
    1.427996661    1.047197551   55.864554301   53.502189673   21.731330705
    1.618396215    1.047197551   66.191898408   53.180976528   17.026008588
    1.808795770    1.047197551   75.486504361   42.866354779   12.095526815
    1.999195325    1.047197551   82.026766016   24.732158534    7.470947243
    2.189594880    1.047197551   84.618477224    1.988799940    3.454316829
    2.379994435    1.047197551   82.723797144  -21.797320421    0.207316171
    2.570393989    1.047197551   76.489967871  -42.972327423   -2.169564107
    2.760793544    1.047197551   66.753642108  -58.063835538   -3.601918386
    2.951193099    1.047197551   54.951267653  -64.377531494   -4.094845295

   -3.141592654    1.396263402   38.527798092  -59.538339804  -10.387378974
   -2.951193099    1.396263402   28.347277033  -46.529058078   -9.171285544
   -2.760793544    1.396263402   21.029667899  -30.304879945   -7.525368629
   -2.570393989    1.396263402   16.673277125  -16.282346357   -5.746878623
   -2.379994435    1.396263402   14.416156296   -8.733466511   -4.009645102
   -2.189594880    1.396263402   12.860215990   -8.759501093   -2.389416101
   -1.999195325    1.396263402   10.771653946  -13.555784349   -0.938887370
   -1.808795770    1.396263402    7.742985676  -17.640683288    0.249917135
   -1.618396215    1.396263402    4.439950484  -15.744424436    1.045514152
   -1.427996661    1.396263402    2.277246669   -5.655809655    1.342551855
   -1.237597106    1.396263402    2.689036753   10.628836921    1.172437986
   -1.047197551    1.396263402    6.411526845   28.161785006    0.771679651
   -0.856797996    1.396263402   13.162402227   41.579129080    0.575689637
   -0.666398442    1.396263402   21.780458655   47.398988803    1.088127274
   -0.475998887    1.396263402   30.695544305   44.757925654    2.721689765
   -0.285599332    1.396263402   38.398259660   35.077571946    5.653943912
   -0.095199777    1.396263402   43.804025025   21.171069364    9.749078005
    0.095199777    1.396263402   46.444515572    6.716295917   14.567339281
    0.285599332    1.396263402   46.587190814   -4.419173077   19.396558625
    0.475998887    1.396263402   45.202025377   -8.900981273   23.387468011
    0.666398442    1.396263402   43.756678597   -5.017431365   25.738994762
    0.856797996    1.396263402   43.806973283    6.425036215   25.944981420
    1.047197551    1.396263402   46.493675338   21.965195300   23.965255991
    1.237597106    1.396263402   52.131769622   36.532056515   20.224600103
    1.427996661    1.396263402   60.052316570   45.311630105   15.446386672
    1.618396215    1.396263402   68.826042911   45.179724629   10.362308252
    1.808795770    1.396263402   76.658478407   35.527929919    5.487169679
    1.999195325    1.396263402   81.865096886   18.031193145    1.066978347
    2.189594880    1.396263402   83.231439886   -4.183805354   -2.824450023
    2.379994435    1.396263402   80.220022020  -27.298368704   -6.120163398
    2.570393989    1.396263402   73.037557934  -47.329832811   -8.674020127
    2.760793544    1.396263402   62.626035516  -60.702207669  -10.288163038
    2.951193099    1.396263402   50.514550436  -64.939766841  -10.841306900

   -3.141592654    1.745329252   32.087843452  -58.152905903  -16.658660332
   -2.951193099    1.745329252   22.341408921  -43.447048942  -15.584259971
   -2.760793544    1.745329252   15.720006341  -26.192018416  -13.829021100
   -2.570393989    1.745329252   12.194272002  -11.765459986  -11.631780842
   -2.379994435    1.745329252   10.795477588   -4.303928234   -9.129623695
   -2.189594880    1.745329252   10.043615066   -4.804847879   -6.394573388
   -1.999195325    1.745329252    8.634192154  -10.443350589   -3.527531750
   -1.808795770    1.745329252    6.089742053  -15.725328556   -0.736506742
   -1.618396215    1.745329252    3.019204137  -15.239633797    1.683150402
   -1.427996661    1.745329252    0.827611226   -6.410189282    3.462817799
   -1.237597106    1.745329252    1.026172275    9.275955338    4.522637307
   -1.047197551    1.745329252    4.520809631   27.317484872    5.060703079
   -0.856797996    1.745329252   11.256557801   42.444140199    5.519918036
   -0.666398442    1.745329252   20.275964544   50.842308884    6.406896643
   -0.475998887    1.745329252   30.113648846   50.970212123    8.084626169
   -0.285599332    1.745329252   39.223239546   43.477414722   10.622180677
   -0.095199777    1.745329252   46.343766373   30.542427379   13.735053468
    0.095199777    1.745329252   50.734739543   15.448282994   16.852209747
    0.285599332    1.745329252   52.346987641    2.028368028   19.227436950
    0.475998887    1.745329252   51.864930110   -6.031701027   20.160150802
    0.666398442    1.745329252   50.574133748   -6.275324033   19.222307205
    0.856797996    1.745329252   50.014949734    1.435969822   16.452169611
    1.047197551    1.745329252   51.486963822   14.438810159   12.362000492
    1.237597106    1.745329252   55.573714918   28.009820235    7.733105637
    1.427996661    1.745329252   61.882547968   37.062043658    3.310406380
    1.618396215    1.745329252   69.165339005   37.801322325   -0.484637251
    1.808795770    1.745329252   75.674909869   28.958361975   -3.639171847
    1.999195325    1.745329252   79.677564131   11.890659430   -6.409618647
    2.189594880    1.745329252   79.893287714  -10.132593236   -9.072861901
    2.379994435    1.745329252   75.777846787  -32.868586746  -11.702677637
    2.570393989    1.745329252   67.615188684  -51.925883070  -14.102972382
    2.760793544    1.745329252   56.477891487  -63.610441575  -15.911658354
    2.951193099    1.745329252   44.011845258  -65.696447311  -16.805634658

   -3.141592654    2.094395102   25.064583718  -57.616387999  -18.764061056
   -2.951193099    2.094395102   15.572410975  -41.376213806  -17.826510056
   -2.760793544    2.094395102    9.461255715  -22.979019463  -16.019472900
   -2.570393989    2.094395102    6.630950116   -7.717826616  -13.520934254
   -2.379994435    2.094395102    6.068503271    0.409737778  -10.469903077
   -2.189594880    2.094395102    6.267279768    0.433003459   -6.971576564
   -1.999195325    2.094395102    5.884230607   -4.972911599   -3.159474938
   -1.808795770    2.094395102    4.365851800  -10.517042792    0.733118035
   -1.618396215    2.094395102    2.218160157  -10.842619133    4.374628339
   -1.427996661    2.094395102    0.759623759   -3.134997872    7.427351821
   -1.237597106    2.094395102    1.485170258   11.589600627    9.698109696
   -1.047197551    2.094395102    5.377056948   29.300203930   11.236614710
   -0.856797996    2.094395102   12.523511351   44.899847836   12.318364201
   -0.666398442    2.094395102   22.106168549   54.357507226   13.287126469
   -0.475998887    2.094395102   32.723638658   55.599658057   14.367703300
   -0.285599332    2.094395102   42.780651124   48.643873103   15.538396310
   -0.095199777    2.094395102   50.853167835   35.165443853   16.497781787
    0.095199777    2.094395102   55.967982152   18.206594723   16.761473580
    0.285599332    2.094395102   57.833763534    1.779283990   15.807370509
    0.475998887    2.094395102   56.969437372   -9.822719130   13.312722398
    0.666398442    2.094395102   54.642525724  -13.216445043    9.343606241
    0.856797996    2.094395102   52.556364326   -7.379057574    4.436218655
    1.047197551    2.094395102   52.307576093    5.470779696   -0.556050628
    1.237597106    2.094395102   54.797696398   20.407113981   -4.793195708
    1.427996661    2.094395102   59.854913601   31.558977507   -7.777555663
    1.618396215    2.094395102   66.278536796   34.173719006   -9.534194187
    1.808795770    2.094395102   72.207726864   26.319797775  -10.522911179
    1.999195325    2.094395102   75.719644488    9.233762709  -11.364580420
    2.189594880    2.094395102   75.374792687  -13.404554129  -12.535735272
    2.379994435    2.094395102   70.576902724  -36.688310339  -14.171738303
    2.570393989    2.094395102   61.681418731  -55.656130738  -16.044969412
    2.760793544    2.094395102   49.909328116  -66.404786541  -17.708180879
    2.951193099    2.094395102   37.053121837  -66.916793785  -18.709289894

   -3.141592654    2.443460953   18.637402925  -57.825346610  -12.540569375
   -2.951193099    2.443460953    9.248568551  -40.084847724  -11.232075365
   -2.760793544    2.443460953    3.530282053  -20.164762177   -9.293935011
   -2.570393989    2.443460953    1.378191284   -3.426434338   -6.874788624
   -2.379994435    2.443460953    1.766977527    6.083593989   -4.071679428
   -2.189594880    2.443460953    3.163102096    7.282337935   -0.896513172
   -1.999195325    2.443460953    4.165925847    2.639970108    2.673499606
   -1.808795770    2.443460953    4.120754257   -2.780289101    6.578198866
   -1.618396215    2.443460953    3.399551750   -3.720176098   10.587242655
   -1.427996661    2.443460953    3.190298861    2.785479960   14.313944276
   -1.237597106    2.443460953    4.908999500   16.091304522   17.346033412
   -1.047197551    2.443460953    9.536244311   32.578261407   19.407248049
   -0.856797996    2.443460953   17.222472419   47.356327735   20.444875258
   -0.666398442    2.443460953   27.221585211   56.295869160   20.581227401
   -0.475998887    2.443460953   38.159152622   56.976225013   19.976942798
   -0.285599332    2.443460953   48.392239260   48.999182066   18.699464899
   -0.095199777    2.443460953   56.377113672   33.754726522   16.652371801
    0.095199777    2.443460953   60.992220960   14.253672724   13.630793452
    0.285599332    2.443460953   61.826327732   -5.123499796    9.455539800
    0.475998887    2.443460953   59.385537345  -19.357030999    4.189838902
    0.666398442    2.443460953   55.081549540  -24.173003822   -1.719875534
    0.856797996    2.443460953   50.916155479  -17.918843443   -7.459676076
    1.047197551    2.443460953   48.849246195   -2.813431532  -12.102557551
    1.237597106    2.443460953   50.074060704   15.503388442  -14.977281166
    1.427996661    2.443460953   54.526780206   30.018382764  -15.936432806
    1.618396215    2.443460953   60.899170016   34.948676841  -15.400459898
    1.808795770    2.443460953   67.074361080   27.879424286  -14.128771812
    1.999195325    2.443460953   70.844274762   10.208905570  -12.892968679
    2.189594880    2.443460953   70.563718173  -13.758550572  -12.200107874
    2.379994435    2.443460953   65.565931513  -38.366697826  -12.175487924
    2.570393989    2.443460953   56.267087631  -58.080204377  -12.597140341
    2.760793544    2.443460953   44.027603074  -68.746801501  -13.052733202
    2.951193099    2.443460953   30.794101738  -68.428828142  -13.125530383

   -3.141592654    2.792526803   15.926770578  -56.544913475    0.650802303
   -2.951193099    2.792526803    6.851835049  -38.088809783    2.510553328
   -2.760793544    2.792526803    1.580746388  -17.486762617    4.414316590
   -2.570393989    2.792526803    0.000000000   -0.110116373    6.309693435
   -2.379994435    2.792526803    1.084488613   10.087129551    8.257705440
   -2.189594880    2.792526803    3.319888837   12.117119857   10.456401467
   -1.999195325    2.792526803    5.332915599    8.417329297   13.152811292
   -1.808795770    2.792526803    6.471234974    3.824348716   16.457082320
   -1.618396215    2.792526803    7.053007878    3.254695625   20.177759383
   -1.427996661    2.792526803    8.150417092    9.399670719   23.803921558
   -1.237597106    2.792526803   11.031482332   21.566332173   26.670572399
   -1.047197551    2.792526803   16.543675498   36.325573213   28.214471814
   -0.856797996    2.792526803   24.752651417   49.070525640   28.161612723
   -0.666398442    2.792526803   34.875302137   55.865499698   26.551706040
   -0.475998887    2.792526803   45.521480351   54.328393832   23.615850804
   -0.285599332    2.792526803   55.029025417   43.995036740   19.618971778
   -0.095199777    2.792526803   61.823474333   26.240699837   14.747775756
    0.095199777    2.792526803   64.768396219    4.260670903    9.119806106
    0.285599332    2.792526803   63.499750770  -17.080158225    2.881658753
    0.475998887    2.792526803   58.684699494  -32.088753539   -3.628191605
    0.666398442    2.792526803   52.019571548  -35.914278869   -9.802672601
    0.856797996    2.792526803   45.861293462  -26.815916617  -14.845820461
    1.047197551    2.792526803   42.478446768   -7.598397899  -18.041858512
    1.237597106    2.792526803   43.206424952   15.012593169  -19.060622985
    1.427996661    2.792526803   47.906216957   32.880712958  -18.100661558
    1.618396215    2.792526803   55.017084088   39.568616268  -15.797759814
    1.808795770    2.792526803   62.108121575   32.654686767  -12.927409895
    1.999195325    2.792526803   66.707754622   14.032811199  -10.126418091
    2.189594880    2.792526803   67.024796555  -11.316903018   -7.733201242
    2.379994435    2.792526803   62.368175318  -37.156260918   -5.798670411
    2.570393989    2.792526803   53.219830015  -57.609751713   -4.178825759
    2.760793544    2.792526803   41.046612129  -68.429042871   -2.665252678
    2.951193099    2.792526803   27.900091543  -67.773936002   -1.083137801
