#! FIELDS phi psi file.free der_phi der_psi
#! SET min_phi -pi
#! SET max_phi pi
#! SET nbins_phi  33
#! SET periodic_phi true
#! SET min_psi -pi
#! SET max_psi pi
#! SET nbins_psi  18
#! SET periodic_psi true
   -3.141592654   -3.141592654   19.615496807  -54.492421933   11.604517660
   -2.951193099   -3.141592654   10.576049393  -39.355700023   14.166984654
   -2.760793544   -3.141592654    4.960694167  -19.317189931   16.439549510
   -2.570393989   -3.141592654    3.182137316    0.027939040   18.330817256
   -2.379994435   -3.141592654    4.594884038   13.515281262   19.925212189
   -2.189594880   -3.141592654    7.793554582   18.691961121   21.476870702
   -1.999195325   -3.141592654   11.260333159   16.847112544   23.256241691
   -1.808795770   -3.141592654   14.033216425   12.254954575   25.320199092
   -1.618396215   -3.141592654   16.068397598    9.828971605   27.360935908
   -1.427996661   -3.141592654   18.112444254   12.591765438   28.761250568
   -1.237597106   -3.141592654   21.186786881   20.343522303   28.856913102
   -1.047197551   -3.141592654   25.994158417   30.148897321   27.258617113
   -0.856797996   -3.141592654   32.551092026   37.995481559   24.033755314
   -0.666398442   -3.141592654   40.147027544   40.606454068   19.656673975
   -0.475998887   -3.141592654   47.600052628   36.387042380   14.769097536
   -0.285599332   -3.141592654   53.602957698   25.560951170    9.902321090
   -0.095199777   -3.141592654   57.035149364    9.803258898    5.295835495
    0.095199777   -3.141592654   57.215652983   -7.992467864    0.914388226
    0.285599332   -3.141592654   54.122483300  -23.829019169   -3.374222683
    0.475998887   -3.141592654   48.565645065  -33.162035090   -7.544379936
    0.666398442   -3.141592654   42.162339438  -32.299215601  -11.267377837
    0.856797996   -3.141592654   36.986878116  -20.449246271  -13.973778819
    1.047197551   -3.141592654   34.880941547   -0.932571801  -15.127255278
    1.237597106   -3.141592654   36.714569443   19.698151447  -14.529226584
    1.427996661   -3.141592654   42.007696211   34.416150128  -12.444725956
    1.618396215   -3.141592654   49.144574549   38.615794806   -9.485740586
    1.808795770   -3.141592654   55.993868737   31.603887280   -6.304311460
    1.999195325   -3.141592654   60.620431186   15.849581211   -3.345398730
    2.189594880   -3.141592654   61.722738311   -4.725789672   -0.740315948
    2.379994435   -3.141592654   58.767918079  -26.128876224    1.617319254
    2.570393989   -3.141592654   51.950089394  -44.713380566    3.929957367
    2.760793544   -3.141592654   42.128793878  -57.168399153    6.355401823
    2.951193099   -3.141592654   30.742356069  -60.824472414    8.940679899

   -3.141592654   -2.792526803   25.050687265  -49.086032115   17.812117630
   -2.951193099   -2.792526803   16.961842909  -34.875876252   20.769536491
   -2.760793544   -2.792526803   12.080513447  -16.121867672   22.975950995
   -2.570393989   -2.792526803   10.786722735    1.969956699   24.333968644
   -2.379994435   -2.792526803   12.487386793   14.717625373   25.009392541
   -2.189594880   -2.792526803   15.907449466   19.951076185   25.398504309
   -1.999195325   -2.792526803   19.673911668   18.802694851   25.926862955
   -1.808795770   -2.792526803   22.893553164   14.928661401   26.776292490
   -1.618396215   -2.792526803   25.450518283   12.449645207   27.712862044
   -1.427996661   -2.792526803   27.886965456   13.865426429   28.147630424
   -1.237597106   -2.792526803   30.973375605   19.039757089   27.420076591
   -1.047197551   -2.792526803   35.231981993   25.670646044   25.138341688
   -0.856797996   -2.792526803   40.649982490   30.638246800   21.370712263
   -0.666398442   -2.792526803   46.645785925   31.368618668   16.599449583
   -0.475998887   -2.792526803   52.259253599   26.515087262   11.478156514
   -0.285599332   -2.792526803   56.403876279   16.050918591    6.554319175
   -0.095199777   -2.792526803   58.101306792    1.136424860    2.088352168
    0.095199777   -2.792526803   56.716222509  -15.783307151   -1.933397026
    0.285599332   -2.792526803   52.216013219  -30.812655235   -5.628885537
    0.475998887   -2.792526803   45.418087024  -39.143405783   -8.995103356
    0.666398442   -2.792526803   38.014433324  -36.690407746  -11.786426567
    0.856797996   -2.792526803   32.211705582  -22.520727998  -13.580486190
    1.047197551   -2.792526803   29.969084403   -0.258489520  -14.003971159
    1.237597106   -2.792526803   32.179399269   22.903648154  -12.966618678
    1.427996661   -2.792526803   38.261806460   39.336317488  -10.736997600
    1.618396215   -2.792526803   46.416187067   44.225247905   -7.821331808
    1.808795770   -2.792526803   54.333226767   37.115218823   -4.705830195
    1.999195325   -2.792526803   59.972577840   20.967378983   -1.672532437
    2.189594880   -2.792526803   62.021353479    0.144161207    1.258817778
    2.379994435   -2.792526803   59.997169015  -21.166799073    4.232008575
    2.570393989   -2.792526803   54.155939764  -39.394564301    7.407971927
    2.760793544   -2.792526803   45.385644270  -51.475731429   10.831845825
    2.951193099   -2.792526803   35.100365337  -55.029332759   14.387546519

   -3.141592654   -2.443460953   31.622939691  -43.127488002   18.187232535
   -2.951193099   -2.443460953   24.552152267  -30.252194982   20.833079168
   -2.760793544   -2.443460953   20.387609211  -13.257089441   22.594480529
   -2.570393989   -2.443460953   19.468205750    3.083223218   23.383936741
   -2.379994435   -2.443460953   21.252286791   14.605505495   23.368242608
   -2.189594880   -2.443460953   24.600134394   19.449428906   22.926847921
   -1.999195325   -2.443460953   28.293409369   18.614834947   22.462213469
   -1.808795770   -2.443460953   31.522376946   15.169919465   22.161361986
   -1.618396215   -2.443460953   34.121673287   12.496496304   21.861475402
   -1.427996661   -2.443460953   36.463428962   12.638898375   21.123003677
   -1.237597106   -2.443460953   39.114394224   15.584587172   19.476535637
   -1.047197551   -2.443460953   42.470657160   19.674363486   16.691554895
   -0.856797996   -2.443460953   46.539151958   22.615109882   12.903969652
   -0.666398442   -2.443460953   50.896757130   22.398663482    8.553952512
   -0.475998887   -2.443460953   54.805041434   17.762575302    4.175921974
   -0.285599332   -2.443460953   57.369460820    8.304202850    0.184376671
   -0.095199777   -2.443460953   57.709110711   -5.374717513   -3.253117634
    0.095199777   -2.443460953   55.188287742  -21.247689420   -6.191579722
    0.285599332   -2.443460953   49.725723907  -35.480172791   -8.760627420
    0.475998887   -2.443460953   42.112445869  -42.997844343  -10.991310763
    0.666398442   -2.443460953   34.079031511  -39.355432103  -12.723466127
    0.856797996   -2.443460953   27.923610668  -23.464039429  -13.658600280
    1.047197551   -2.443460953   25.693472796    0.849472646  -13.527574354
    1.237597106   -2.443460953   28.302391167   25.928194453  -12.261297605
    1.427996661   -2.443460953   35.100290898   43.706932913  -10.054616132
    1.618396215   -2.443460953   44.157769927   49.231248636   -7.282032491
    1.808795770   -2.443460953   53.044842359   42.236159732   -4.304859722
    1.999195325   -2.443460953   59.656639015   26.066022535   -1.332367467
    2.189594880   -2.443460953   62.687439524    5.402092547    1.627560471
    2.379994435   -2.443460953   61.702350597  -15.470554365    4.688172625
    2.570393989   -2.443460953   57.000257663  -33.130669316    7.958719713
    2.760793544   -2.443460953   49.467664795  -44.798142439   11.429351903
    2.951193099   -2.443460953   40.460494035  -48.388430874   14.937128914

   -3.141592654   -2.094395102   37.460912709  -37.933750125   13.190245846
   -2.951193099   -2.094395102   31.266319287  -26.351176143   14.880658450
   -2.760793544   -2.094395102   27.682795838  -11.108267594   15.846026651
   -2.570393989   -2.094395102   26.993827808    3.376420292   16.001110718
   -2.379994435   -2.094395102   28.682346704   13.402824021   15.425470459
   -2.189594880   -2.094395102   31.710638879   17.414762244   14.350087345
   -1.999195325   -2.094395102   34.987717238   16.352536845   13.042207358
   -1.808795770   -2.094395102   37.783494480   12.868130354   11.656403322
   -1.618396215   -2.094395102   39.918826418    9.838936471   10.156290709
   -1.427996661   -2.094395102   41.674379329    9.047040069    8.368658270
   -1.237597106   -2.094395102   43.515434939   10.641826840    6.131781116
   -1.047197551   -2.094395102   45.801347024   13.437050921    3.435470340
   -0.856797996   -2.094395102   48.600601780   15.657899313    0.460228651
   -0.666398442   -2.094395102   51.629760960   15.552426928   -2.489006559
   -0.475998887   -2.094395102   54.304764017   11.765487189   -5.123959104
   -0.285599332   -2.094395102   55.838687878    3.513192113   -7.286770987
   -0.095199777   -2.094395102   55.376894698   -9.039903677   -8.995435615
    0.095199777   -2.094395102   52.238952030  -24.126245809  -10.398514685
    0.285599332   -2.094395102   46.276568110  -37.883746590  -11.647311921
    0.475998887   -2.094395102   38.244119127  -44.968017479  -12.780239428
    0.666398442   -2.094395102   29.896221464  -40.612238577  -13.662679458
    0.856797996   -2.094395102   23.603550475  -23.569740715  -14.037780820
    1.047197551   -2.094395102   21.490786427    2.225684793  -13.649480776
    1.237597106   -2.094395102   24.505531830   28.787788335  -12.379262425
    1.427996661   -2.094395102   31.964619501   47.706992767  -10.319971590
    1.618396215   -2.094395102   41.852810099   53.871037451   -7.736592624
    1.808795770   -2.094395102   51.649608945   47.093538641   -4.933912645
    1.999195325   -2.094395102   59.192039924   30.973267218   -2.139372666
    2.189594880   -2.094395102   63.167245126   10.435970238    0.565249530
    2.379994435   -2.094395102   63.166957628  -10.134849407    3.207971020
    2.570393989   -2.094395102   59.518258512  -27.408815544    5.843312667
    2.760793544   -2.094395102   53.104462285  -38.816398854    8.465129394
    2.951193099   -2.094395102   45.234189807  -42.519723625   10.975984910

   -3.141592654   -1.745329252   40.290719513  -35.867714872    7.525002976
   -2.951193099   -1.745329252   34.419238448  -25.072248165    8.084985740
   -2.760793544   -1.745329252   30.988210790  -10.814893626    8.123954655
   -2.570393989   -1.745329252   30.252030955    2.583214788    7.620468668
   -2.379994435   -1.745329252   31.690101044   11.589143595    6.620936727
   -2.189594880   -1.745329252   34.290032655   14.763071695    5.228740351
   -1.999195325   -1.745329252   36.996088474   13.025568787    3.550902908
   -1.808795770   -1.745329252   39.098526449    8.909173801    1.647174946
   -1.618396215   -1.745329252   40.417770624    5.224981891   -0.467038507
   -1.427996661   -1.745329252   41.236639348    3.857467211   -2.759130795
   -1.237597106   -1.745329252   42.058820431    5.214917379   -5.117942324
   -1.047197551   -1.745329252   43.332963916    8.349089895   -7.349632441
   -0.856797996   -1.745329252   45.246309793   11.540374437   -9.244453340
   -0.666398442   -1.745329252   47.619133615   12.819282526  -10.656067346
   -0.475998887   -1.745329252   49.910790762   10.449696284  -11.567246989
   -0.285599332   -1.745329252   51.302260570    3.257469618  -12.088269998
   -0.095199777   -1.745329252   50.847142334   -8.818295071  -12.409710354
    0.095199777   -1.745329252   47.751935974  -23.976316362  -12.735637323
    0.285599332   -1.745329252   41.784390713  -38.108245695  -13.185872897
    0.475998887   -1.745329252   33.675334015  -45.500505139  -13.742388987
    0.666398442   -1.745329252   25.226568760  -41.049963797  -14.230044503
    0.856797996   -1.745329252   18.904848350  -23.342047662  -14.375627568
    1.047197551   -1.745329252   16.939935238    3.610428349  -13.908494254
    1.237597106   -1.745329252   20.346534937   31.509178786  -12.673933142
    1.427996661   -1.745329252   28.439055706   51.565247353  -10.713538751
    1.618396215   -1.745329252   39.134228469   58.391928389   -8.247035119
    1.808795770   -1.745329252   49.812531082   51.744924938   -5.572138535
    1.999195325   -1.745329252   58.222145646   35.381937455   -2.955974817
    2.189594880   -1.745329252   63.001074191   14.457404669   -0.550723443
    2.379994435   -1.745329252   63.730750299   -6.481194576    1.599014529
    2.570393989   -1.745329252   60.747760357  -24.069021288    3.501295290
    2.760793544   -1.745329252   54.941358036  -35.787640363    5.153377741
    2.951193099   -1.745329252   47.612773911  -39.888213642    6.519087546

   -3.141592654   -1.396263402   40.412060109  -36.957842078    5.084863988
   -2.951193099   -1.396263402   34.285561510  -26.643081590    4.895218387
   -2.760793544   -1.396263402   30.524085020  -12.691666872    4.180309204
   -2.570393989   -1.396263402   29.413367090    0.544260889    2.980857045
   -2.379994435   -1.396263402   30.453528552    9.445678925    1.353062299
   -2.189594880   -1.396263402   32.629342990   12.422641036   -0.656602888
   -1.999195325   -1.396263402   34.852958382   10.255217526   -3.026251914
   -1.808795770   -1.396263402   36.368441315    5.491012631   -5.731949917
   -1.618396215   -1.396263402   36.975127123    1.196846253   -8.679883875
   -1.427996661   -1.396263402   36.999806621   -0.348692660  -11.639375496
   -1.237597106   -1.396263402   37.061290440    1.568016280  -14.248730511
   -1.047197551   -1.396263402   37.753705334    5.988697040  -16.119262610
   -0.856797996   -1.396263402   39.375076528   10.863439006  -16.994587351
   -0.666398442   -1.396263402   41.774576064   13.717538263  -16.861266338
   -0.475998887   -1.396263402   44.347536837   12.394510453  -15.966402811
   -0.285599332   -1.396263402   46.150869163    5.517092770  -14.715761199
   -0.095199777   -1.396263402   46.100736229   -6.932490229  -13.520331738
    0.095199777   -1.396263402   43.291886433  -22.905990235  -12.670435328
    0.285599332   -1.396263402   37.438900326  -37.965113537  -12.243262085
    0.475998887   -1.396263402   29.285278418  -46.038928290  -12.118198764
    0.666398442   -1.396263402   20.709552071  -41.741002867  -12.038697444
    0.856797996   -1.396263402   14.295055448  -23.522083314  -11.725279449
    1.047197551   -1.396263402   12.393320217    4.522265231  -10.969612142
    1.237597106   -1.396263402   16.103215939   33.781645636   -9.697115295
    1.427996661   -1.396263402   24.751070355   55.057395386   -7.986211135
    1.618396215   -1.396263402   36.190906521   62.617400460   -6.011978120
    1.808795770   -1.396263402   47.693195560   56.064913390   -3.971403509
    1.999195325   -1.396263402   56.889622832   39.246638074   -2.015971023
    2.189594880   -1.396263402   62.332356790   17.523267007   -0.217466725
    2.379994435   -1.396263402   63.557866217   -4.350755946    1.402484783
    2.570393989   -1.396263402   60.890721947  -22.879461493    2.819737736
    2.760793544   -1.396263402   55.226435586  -35.471987432    3.969830788
    2.951193099   -1.396263402   47.883207729  -40.343861404    4.757675283

   -3.141592654   -1.047197551   39.693147053  -39.403723461    3.508935391
   -2.951193099   -1.047197551   33.045817903  -29.618073018    2.546127423
   -2.760793544   -1.047197551   28.697011655  -15.831911609    0.982333135
   -2.570393989   -1.047197551   26.994913572   -2.501468927   -1.063456660
   -2.379994435   -1.047197551   27.468124744    6.515633607   -3.470003029
   -2.189594880   -1.047197551   29.079923137    9.373754846   -6.168519186
   -1.999195325   -1.047197551   30.684772666    6.756330983   -9.140534662
   -1.808795770   -1.047197551   31.477165748    1.402209468  -12.334078730
   -1.618396215   -1.047197551   31.269258352   -3.176773988  -15.548906091
   -1.427996661   -1.047197551   30.492159249   -4.237330998  -18.385324586
   -1.237597106   -1.047197551   29.937008519   -0.860054670  -20.330647649
   -1.047197551   -1.047197551   30.368346487    5.755374485  -20.963742801
   -0.856797996   -1.047197551   32.171437019   12.972222046  -20.159190140
   -0.666398442   -1.047197551   35.156908221   17.621108270  -18.168371996
   -0.475998887   -1.047197551   38.565283202   17.069707523  -15.534771939
   -0.285599332   -1.047197551   41.242420874    9.846075049  -12.882655509
   -0.095199777   -1.047197551   41.913628221   -3.799186610  -10.688185855
    0.095199777   -1.047197551   39.556784575  -21.305781909   -9.144305031
    0.285599332   -1.047197551   33.873655607  -37.713549956   -8.127344962
    0.475998887   -1.047197551   25.683384600  -46.554996319   -7.329586777
    0.666398442   -1.047197551   16.995687537  -42.283166034   -6.436098554
    0.856797996   -1.047197551   10.531369454  -23.421019893   -5.293924700
    1.047197551   -1.047197551    8.746453376    5.676446101   -3.958204790
    1.237597106   -1.047197551   12.784387075   36.032287693   -2.615494563
    1.427996661   -1.047197551   21.946025976   58.124906223   -1.459514151
    1.618396215   -1.047197551   34.010836470   66.023974014   -0.567117914
    1.808795770   -1.047197551   46.153947502   59.311444972    0.117753746
    1.999195325   -1.047197551   55.923093526   41.967993904    0.731630179
    2.189594880   -1.047197551   61.817060835   19.518517511    1.402900286
    2.379994435   -1.047197551   63.345629112   -3.175464483    2.173318950
    2.570393989   -1.047197551   60.818749478  -22.596064309    2.962733357
    2.760793544   -1.047197551   55.118294855  -36.143310413    3.588416937
    2.951193099   -1.047197551   47.555757316  -41.972980628    3.831622710

   -3.141592654   -0.698131701   39.572654225  -41.935895207    1.891828123
   -2.951193099   -0.698131701   32.356406888  -33.012752071    0.174412247
   -2.760793544   -0.698131701   27.303000208  -19.776854786   -2.209366039
   -2.570393989   -0.698131701   24.821154490   -6.710453515   -5.032513295
   -2.379994435   -0.698131701   24.478663590    2.156085697   -8.071294314
   -2.189594880   -0.698131701   25.240965161    4.788213715  -11.207324473
   -1.999195325   -0.698131701   25.942915624    1.857776837  -14.413310145
   -1.808795770   -0.698131701   25.784124280   -3.624096300  -17.612337485
   -1.618396215   -0.698131701   24.654033502   -7.692886652  -20.524950920
   -1.427996661   -0.698131701   23.141996086   -7.263477700  -22.645464019
   -1.237597106   -0.698131701   22.228715628   -1.470031013  -23.410948180
   -1.047197551   -0.698131701   22.811316854    7.958670718  -22.482167393
   -0.856797996   -0.698131701   25.276854910   17.593984871  -19.953001744
   -0.666398442   -0.698131701   29.290726919   23.580182882  -16.358398056
   -0.475998887   -0.698131701   33.853515532   23.012323847  -12.473103440
   -0.285599332   -0.698131701   37.567345885   14.649115839   -9.007857349
   -0.095199777   -0.698131701   38.998440998   -0.657944985   -6.345592387
    0.095199777   -0.698131701   37.093400501  -19.617157094   -4.453458829
    0.285599332   -0.698131701   31.648977368  -36.751468245   -2.958136940
    0.475998887   -0.698131701   23.641839420  -45.464240397   -1.408158217
    0.666398442   -0.698131701   15.222540868  -40.511896562    0.458530755
    0.856797996   -0.698131701    9.167573558  -20.954777872    2.547598769
    1.047197551   -0.698131701    7.886644590    8.390639532    4.463467499
    1.237597106   -0.698131701   12.417403321   38.384143555    5.751402892
    1.427996661   -0.698131701   21.958295446   59.712741702    6.147079066
    1.618396215   -0.698131701   34.248215697   66.824124749    5.727123037
    1.808795770   -0.698131701   46.489649885   59.606934617    4.835233723
    1.999195325   -0.698131701   56.296917713   42.128790937    3.906328253
    2.189594880   -0.698131701   62.228125029   19.766431945    3.270879026
    2.379994435   -0.698131701   63.810974760   -2.884429568    3.043561122
    2.570393989   -0.698131701   61.322563817  -22.545346600    3.103253196
    2.760793544   -0.698131701   55.578040961  -36.718260178    3.156759962
    2.951193099   -0.698131701   47.820955856  -43.483894362    2.850258029

   -3.141592654   -0.349065850   39.696702327  -44.861662310    0.378633577
   -2.951193099   -0.349065850   31.801612934  -37.168968913   -1.634159118
   -2.760793544   -0.349065850   25.864735153  -24.816748198   -4.256066869
   -2.570393989   -0.349065850   22.375117832  -12.185725499   -7.243427698
   -2.379994435   -0.349065850   20.974882312   -3.447206134  -10.354166090
   -2.189594880   -0.349065850   20.667667538   -0.834388102  -13.451001747
   -1.999195325   -0.349065850   20.304486524   -3.669976671  -16.466556918
   -1.808795770   -0.349065850   19.132619218   -8.627902470  -19.244859067
   -1.618396215   -0.349065850   17.165260487  -11.310314484  -21.412283205
   -1.427996661   -0.349065850   15.180085788   -8.449963134  -22.422758013
   -1.237597106   -0.349065850   14.334142501    0.485279668  -21.797125505
   -1.047197551   -0.349065850   15.589089343   12.975320075  -19.415940319
   -0.856797996   -0.349065850   19.230242116   24.703667931  -15.656081596
   -0.666398442   -0.349065850   24.678500985   31.267631177  -11.277148124
   -0.475998887   -0.349065850   30.639936545   29.798993897   -7.111031923
   -0.285599332   -0.349065850   35.482726839   19.637055769   -3.729241975
   -0.095199777   -0.349065850   37.682383283    2.478834539   -1.228609906
    0.095199777   -0.349065850   36.251748822  -17.607401762    0.745800899
    0.285599332   -0.349065850   31.167544605  -34.802608443    2.787423179
    0.475998887   -0.349065850   23.597928796  -42.723878889    5.361362500
    0.666398442   -0.349065850   15.796782961  -36.810794261    8.499902480
    0.856797996   -0.349065850   10.496769794  -16.903006158   11.704797370
    1.047197551   -0.349065850    9.939360877   11.740625979   14.158293055
    1.237597106   -0.349065850   14.964967957   40.103046478   15.148477620
    1.427996661   -0.349065850   24.647388944   59.490415672   14.425735587
    1.618396215   -0.349065850   36.737679384   65.064780208   12.327225482
    1.808795770   -0.349065850   48.563615700   57.161137917    9.567615692
    1.999195325   -0.349065850   57.909893604   39.858109970    6.909016479
    2.189594880   -0.349065850   63.470048103   18.190675733    4.865679176
    2.379994435   -0.349065850   64.825830397   -3.728102976    3.588610774
    2.570393989   -0.349065850   62.218367275  -23.042222319    2.896631943
    2.760793544   -0.349065850   56.362858696  -37.495661896    2.406869723
    2.951193099   -0.349065850   48.381107721  -45.158329690    1.682702408

   -3.141592654    0.000000000   39.859225319  -47.542457473   -0.472681829
   -2.951193099    0.000000000   31.341890125  -40.976908873   -2.114354181
   -2.760793544    0.000000000   24.592918077  -29.458152196   -4.210498491
   -2.570393989    0.000000000   20.175581971  -17.214589037   -6.602711113
   -2.379994435    0.000000000   17.810250489   -8.511136865   -9.122483851
   -2.189594880    0.000000000   16.552567091   -5.724633567  -11.656953475
   -1.999195325    0.000000000   15.293472921   -8.126296332  -14.092350321
   -1.808795770    0.000000000   13.356059063  -12.086304866  -16.179158228
   -1.618396215    0.000000000   10.893275932  -12.896362763  -17.476658624
   -1.427996661    0.000000000    8.853643323   -7.327219784  -17.479014597
   -1.237597106    0.000000000    8.508177267    4.593214513  -15.882139498
   -1.047197551    0.000000000   10.789299328   19.470616962  -12.816485523
   -0.856797996    0.000000000   15.791246421   32.240075426   -8.862596815
   -0.666398442    0.000000000   22.649116203   38.297457923   -4.826071129
   -0.475998887    0.000000000   29.806834132   35.207203806   -1.384937247
   -0.285599332    0.000000000   35.498147014   23.177363693    1.186140570
   -0.095199777    0.000000000   38.241063958    4.809799432    3.116261215
    0.095199777    0.000000000   37.235011732  -15.259788523    4.990849181
    0.285599332    0.000000000   32.695647656  -31.277617347    7.441965636
    0.475998887    0.000000000   25.953527763  -37.569067743   10.770405392
    0.666398442    0.000000000   19.248822221  -30.652679457   14.699518169
    0.856797996    0.000000000   15.102452412  -11.260962841   18.399435697
    1.047197551    0.000000000   15.432445463   15.153693173   20.824778623
    1.237597106    0.000000000   20.802956558   40.216238915   21.217575652
    1.427996661    0.000000000   30.189734535   56.389512303   19.459860956
    1.618396215    0.000000000   41.466405875   59.865735593   16.114014619
    1.808795770    0.000000000   52.226043773   51.421897381   12.113249192
    1.999195325    0.000000000   60.537093474   34.900334775    8.361157667
    2.189594880    0.000000000   65.286918711   14.693561214    5.425041772
    2.379994435    0.000000000   66.119325769   -5.783819850    3.456006236
    2.570393989    0.000000000   63.218266763  -24.184470980    2.263684789
    2.760793544    0.000000000   57.170730903  -38.502515764    1.475180465
    2.951193099    0.000000000   48.949724109  -46.771996519    0.673944056

   -3.141592654    0.349065850   40.535741720  -48.753610564   -0.618107570
   -2.951193099    0.349065850   31.701514535  -43.080218950   -1.388102169
   -2.760793544    0.349065850   24.468740269  -32.396917183   -2.402582038
   -2.570393989    0.349065850   19.429028841  -20.770687460   -3.665603363
   -2.379994435    0.349065850   16.346079437  -12.454164103   -5.156008702
   -2.189594880    0.349065850   14.320260908   -9.798497126   -6.829764506
   -1.999195325    0.349065850   12.305412005  -11.892839038   -8.550927849
   -1.808795770    0.349065850    9.735490184  -14.821137496  -10.012995728
   -1.618396215    0.349065850    6.918446677  -13.748119914  -10.772310411
   -1.427996661    0.349065850    4.946696960   -5.713577895  -10.423336085
   -1.237597106    0.349065850    5.143473361    8.590124139   -8.829334192
   -1.047197551    0.349065850    8.351824289   25.021180205   -6.247029491
   -0.856797996    0.349065850   14.458645020   38.074290242   -3.240240664
   -0.666398442    0.349065850   22.360071920   43.275591857   -0.424267324
   -0.475998887    0.349065850   30.336442978   38.803642619    1.827622444
   -0.285599332    0.349065850   36.599467784   25.700417128    3.544037319
   -0.095199777    0.349065850   39.794846577    7.236281192    5.143658557
    0.095199777    0.349065850   39.336710018  -11.748303122    7.229668215
    0.285599332    0.349065850   35.636059040  -25.920244117   10.271796957
    0.475998887    0.349065850   30.084307839  -30.552727779   14.295672600
    0.666398442    0.349065850   24.780225408  -23.256818896   18.730920846
    0.856797996    0.349065850   21.926175099   -5.438390601   22.540487376
    1.047197551    0.349065850   23.068097025   17.618603564   24.625422205
    1.237597106    0.349065850   28.515052997   38.531338326   24.322236121
    1.427996661    0.349065850   37.218804092   51.101433900   21.699237406
    1.618396215    0.349065850   47.264531575   52.533209764   17.501276923
    1.808795770    0.349065850   56.581749885   43.897338910   12.776088045
    1.999195325    0.349065850   63.561565385   28.625027612    8.455793948
    2.189594880    0.349065850   67.296176353   10.358932002    5.081662564
    2.379994435    0.349065850   67.490045082   -8.213517903    2.777836277
    2.570393989    0.349065850   64.268435481  -25.231982978    1.367189745
    2.760793544    0.349065850   58.093020270  -38.927213863    0.541517961
    2.951193099    0.349065850   49.789586967  -47.320350092   -0.030162045

   -3.141592654    0.698131701   41.035670810  -48.712066075   -1.359765102
   -2.951193099    0.698131701   32.178496946  -43.382144578   -1.311681329
   -2.760793544    0.698131701   24.834360159  -33.283097506   -1.253548751
   -2.570393989    0.698131701   19.559518274  -22.362834344   -1.334362637
   -2.379994435    0.698131701   16.105142611  -14.746614926   -1.682575381
   -2.189594880    0.698131701   13.591225763  -12.574100857   -2.355993988
   -1.999195325    0.698131701   11.039996426  -14.639812870   -3.267756833
   -1.808795770    0.698131701    8.008722007  -16.784276417   -4.150739178
   -1.618396215    0.698131701    4.952376435  -14.198052461   -4.635634426
   -1.427996661    0.698131701    3.071283573   -4.305691076   -4.422700120
   -1.237597106    0.698131701    3.696652440   11.579619390   -3.447756358
   -1.047197551    0.698131701    7.564719158   28.797324301   -1.924024807
   -0.856797996    0.698131701   14.389073617   41.688767896   -0.218542551
   -0.666398442    0.698131701   22.910113211   46.114384858    1.353821739
   -0.475998887    0.698131701   31.348334589   40.872321883    2.716432033
   -0.285599332    0.698131701   37.978960941   27.640983816    4.078992656
   -0.095199777    0.698131701   41.610022221   10.050940685    5.853088832
    0.095199777    0.698131701   41.845350233   -7.163599235    8.454222469
    0.285599332    0.698131701   39.215861387  -19.280461297   12.044345315
    0.475998887    0.698131701   35.078188124  -22.544009814   16.340359475
    0.666398442    0.698131701   31.306230413  -15.509504603   20.582630555
    0.856797996    0.698131701   29.739790856   -0.003767263   23.744824279
    1.047197551    0.698131701   31.559066236   19.102553633   24.927758180
    1.237597106    0.698131701   36.862378829   35.576935187   23.747349067
    1.427996661    0.698131701   44.639167114   44.565571610   20.503262994
    1.618396215    0.698131701   53.235775756   44.175609423   16.022462365
    1.808795770    0.698131701   60.941541197   35.615261844   11.284695895
    1.999195325    0.698131701   66.465922819   21.782171061    7.070739762
    2.189594880    0.698131701   69.086604489    5.539080611    3.778077706
    2.379994435    0.698131701   68.553409368  -11.084138017    1.463066648
    2.570393989    0.698131701   64.937673705  -26.583807166   -0.018927828
    2.760793544    0.698131701   58.605252019  -39.315256758   -0.863191560
    2.951193099    0.698131701   50.276427051  -47.271349783   -1.257720006

   -3.141592654    1.047197551   39.922913953  -48.785153897   -4.847241647
   -2.951193099    1.047197551   31.098880515  -42.976568955   -4.534717017
   -2.760793544    1.047197551   23.856826704  -32.659202719   -3.872029847
   -2.570393989    1.047197551   18.698416642  -21.811077575   -3.067205373
   -2.379994435    1.047197551   15.320329111  -14.530197737   -2.338881679
   -2.189594880    1.047197551   12.805180105  -12.802137261   -1.852243657
   -1.999195325    1.047197551   10.177629199  -15.165645405   -1.653119366
   -1.808795770    1.047197551    7.046839621  -17.228535394   -1.646666246
   -1.618396215    1.047197551    3.948179662  -14.138028714   -1.651371614
   -1.427996661    1.047197551    2.147496284   -3.515106973   -1.498260282
   -1.237597106    1.047197551    2.988002659   12.995874928   -1.111297026
   -1.047197551    1.047197551    7.159655807   30.499320233   -0.512473306
   -0.856797996    1.047197551   14.307536406   43.342399258    0.246821335
   -0.666398442    1.047197551   23.132095051   47.673563972    1.166531308
   -0.475998887    1.047197551   31.882422260   42.676862897    2.347766110
   -0.285599332    1.047197551   38.930021182   30.330791812    3.974407941
   -0.095199777    1.047197551   43.210983763   14.284550506    6.237279953
    0.095199777    1.047197551   44.426335799   -1.102281201    9.225487157
    0.285599332    1.047197551   43.099020166  -11.799515139   12.785620512
    0.475998887    1.047197551   40.431397686  -14.845522259   16.459193967
    0.666398442    1.047197551   38.011455562   -9.312769948   19.536155895
    0.856797996    1.047197551   37.348887868    3.068268406   21.270646419
    1.047197551    1.047197551   39.378379924   18.184900129   21.173191390
    1.237597106    1.047197551   44.139923991   30.946363326   19.216031110
    1.427996661    1.047197551   50.774481309   37.463469832   15.854098931
    1.618396215    1.047197551   57.912712269   36.223442251   11.812138727
    1.808795770    1.047197551   64.137034093   28.187890848    7.786543996
    1.999195325    1.047197551   68.362562633   15.634736137    4.235650900
    2.189594880    1.047197551   69.951172944    0.837308118    1.324718007
    2.379994435    1.047197551   68.648063344  -14.510633421   -0.969861329
    2.570393989    1.047197551   64.482212243  -28.964995001   -2.722732266
    2.760793544    1.047197551   57.781660091  -40.819514424   -3.961495259
    2.951193099    1.047197551   49.240151599  -48.002260740   -4.673695288

   -3.141592654    1.396263402   36.432229628  -49.510953103   -9.815369512
   -2.951193099    1.396263402   27.612738825  -42.208652206   -9.802555519
   -2.760793544    1.396263402   20.640577766  -30.663956641   -9.042601000
   -2.570393989    1.396263402   15.938726106  -19.111595639   -7.685951628
   -2.379994435    1.396263402   13.091880352  -11.749096823   -5.955005944
   -2.189594880    1.396263402   11.071409228  -10.455349839   -4.098465306
   -1.999195325    1.396263402    8.825742572  -13.522706260   -2.338458995
   -1.808795770    1.396263402    5.938879386  -16.291185470   -0.837975960
   -1.618396215    1.396263402    2.964599446  -13.733245382    0.311422242
   -1.427996661    1.396263402    1.209338612   -3.409422232    1.091437144
   -1.237597106    1.396263402    2.060524594   13.030836999    1.561390224
   -1.047197551    1.396263402    6.252195825   30.710105282    1.862204289
   -0.856797996    1.396263402   13.480238727   44.022508088    2.204554946
   -0.666398442    1.396263402   22.506916502   49.170926402    2.822075131
   -0.475998887    1.396263402   31.647125913   45.318866919    3.919130269
   -0.285599332    1.396263402   39.324350465   34.309878336    5.625600288
   -0.095199777    1.396263402   44.487034329   19.530980132    7.958099258
    0.095199777    1.396263402   46.788019747    4.943285442   10.795218920
    0.285599332    1.396263402   46.620700008   -5.838071495   13.819666245
    0.475998887    1.396263402   44.989081792  -10.130369458   16.531616206
    0.666398442    1.396263402   43.259310626   -6.935261401   18.338669778
    0.856797996    1.396263402   42.773827872    2.518753955   18.753972817
    1.047197551    1.396263402   44.427403815   14.881416173   17.597233392
    1.237597106    1.396263402   48.364052376   25.775187536   15.073249775
    1.427996661    1.396263402   53.929844218   31.602748917   11.699686837
    1.618396215    1.396263402   59.966864718   30.634548040    8.074541995
    1.808795770    1.396263402   65.192577795   23.311448804    4.646207441
    1.999195325    1.396263402   68.554221636   11.392170532    1.607220252
    2.189594880    1.396263402   69.370069871   -3.090779224   -1.071819211
    2.379994435    1.396263402   67.328589622  -18.353977976   -3.497148176
    2.570393989    1.396263402   62.441535274  -32.651061351   -5.710759700
    2.760793544    1.396263402   55.081406043  -43.977778480   -7.623677814
    2.951193099    1.396263402   46.027001403  -50.133878989   -9.055326013

   -3.141592654    1.745329252   31.306468319  -51.368102208  -14.477695639
   -2.951193099    1.745329252   22.322546026  -42.044476092  -14.922883476
   -2.760793544    1.745329252   15.574790271  -28.514401036  -14.243539097
   -2.570393989    1.745329252   11.441044814  -15.390035805  -12.504190764
   -2.379994435    1.745329252    9.399528932   -7.139414214   -9.909240347
   -2.189594880    1.745329252    8.279339438   -5.737696198   -6.762552318
   -1.999195325    1.745329252    6.884690368   -9.407565953   -3.416282539
   -1.808795770    1.745329252    4.681721263  -13.285306373   -0.231129206
   -1.618396215    1.745329252    2.155480991  -12.039525438    2.472329175
   -1.427996661    1.745329252    0.608180504   -2.866598815    4.470978515
   -1.237597106    1.745329252    1.492101085   12.931312614    5.699066896
   -1.047197551    1.745329252    5.661716912   30.699266771    6.278137894
   -0.856797996    1.745329252   12.954799070   44.813390059    6.487919406
   -0.666398442    1.745329252   22.248729639   51.227576770    6.671721451
   -0.475998887    1.745329252   31.910714636   48.717370412    7.123195673
   -0.285599332    1.745329252   40.342744113   38.754927748    7.997376143
   -0.095199777    1.745329252   46.408182695   24.459753576    9.253677173
    0.095199777    1.745329252   49.635002262    9.605202856   10.665248193
    0.285599332    1.745329252   50.264809500   -2.263239847   11.843225532
    0.475998887    1.745329252   49.150585297   -8.379359044   12.355103131
    0.666398442    1.745329252   47.544029687   -7.421197918   11.876819115
    0.856797996    1.745329252   46.755863383   -0.100076497   10.352816188
    1.047197551    1.745329252   47.753407059   10.745526790    8.043394357
    1.237597106    1.745329252   50.829966777   21.030852065    5.411533142
    1.427996661    1.745329252   55.500507974   27.048610551    2.928714421
    1.618396215    1.745329252   60.723212974   26.655025012    0.862411598
    1.808795770    1.745329252   65.241417724   19.810169834   -0.809357809
    1.999195325    1.745329252   67.949721978    7.952340265   -2.328713087
    2.189594880    1.745329252   68.080186382   -6.906532297   -4.004357286
    2.379994435    1.745329252   65.258535392  -22.728778170   -6.036952049
    2.570393989    1.745329252   59.498678962  -37.371082288   -8.407231275
    2.760793544    1.745329252   51.250225443  -48.465690684  -10.867650040
    2.951193099    1.745329252   41.421401567  -53.639632239  -13.027620978

   -3.141592654    2.094395102   25.482787593  -54.049941116  -15.451491472
   -2.951193099    2.094395102   16.183471492  -42.617604115  -16.002020060
   -2.760793544    2.094395102    9.545725625  -26.795819856  -15.229125647
   -2.570393989    2.094395102    5.946515721  -11.551162102  -13.129544089
   -2.379994435    2.094395102    4.803029853   -1.643101833   -9.895417254
   -2.189594880    2.094395102    4.835826342    0.754080359   -5.866978606
   -1.999195325    2.094395102    4.710973104   -2.697340179   -1.472323640
   -1.808795770    2.094395102    3.743737585   -7.139370292    2.817334104
   -1.618396215    2.094395102    2.281499346   -7.095988043    6.545077217
   -1.427996661    2.094395102    1.532299357    0.546856903    9.345284234
   -1.237597106    2.094395102    2.924044143   14.893092854   11.034387689
   -1.047197551    2.094395102    7.362913875   31.656181578   11.670419261
   -0.856797996    2.094395102   14.792202239   45.384924996   11.531146546
   -0.666398442    2.094395102   24.204162160   51.958736705   11.002913718
   -0.475998887    2.094395102   34.045059982   49.874365472   10.432963573
   -0.285599332    2.094395102   42.733607717   40.232685896   10.004409962
   -0.095199777    2.094395102   49.078374336   25.818270784    9.670164271
    0.095199777    2.094395102   52.500575555   10.179655653    9.188985004
    0.285599332    2.094395102   53.112522074   -3.116692421    8.214746182
    0.475998887    2.094395102   51.670071208  -10.993311037    6.483931221
    0.666398442    2.094395102   49.410884214  -11.570759659    3.985432249
    0.856797996    2.094395102   47.744055178   -5.000229810    1.048868854
    1.047197551    2.094395102   47.820402590    6.148221727   -1.756561069
    1.237597106    2.094395102   50.123828129   17.620288850   -3.875303410
    1.427996661    2.094395102   54.288054821   25.139941979   -5.015850673
    1.618396215    2.094395102   59.266480987   25.892066450   -5.286851187
    1.808795770    2.094395102   63.685396593   19.380040438   -5.123957747
    1.999195325    2.094395102   66.269624313    6.944003612   -5.084986156
    2.189594880    2.094395102   66.097976488   -9.142051990   -5.632027258
    2.379994435    2.094395102   62.715945981  -26.357041809   -6.982223918
    2.570393989    2.094395102   56.157162106  -42.030662808   -9.051369607
    2.760793544    2.094395102   46.982226386  -53.382603620  -11.495372030
    2.951193099    2.094395102   36.267031578  -57.865164156  -13.807847153

   -3.141592654    2.443460953   20.202476753  -56.835053116   -9.975539957
   -2.951193099    2.443460953   10.565341492  -43.291628426   -9.799221498
   -2.760793544    2.443460953    4.039642029  -24.918135782   -8.565770172
   -2.570393989    2.443460953    1.046039938   -7.102632223   -6.298934480
   -2.379994435    2.443460953    0.966274315    4.985140955   -3.156327775
   -2.189594880    2.443460953    2.413355900    8.838567645    0.632465314
   -1.999195325    2.443460953    3.892711033    5.896987485    4.796166195
   -1.808795770    2.443460953    4.528547033    0.935367361    8.999639338
   -1.618396215    2.443460953    4.478996959   -0.467903905   12.827801888
   -1.427996661    2.443460953    4.802017079    5.111199171   15.825925043
   -1.237597106    2.443460953    6.850177952   17.237231669   17.618333892
   -1.047197551    2.443460953   11.546117732   32.095596640   18.049638140
   -0.856797996    2.443460953   18.926567036   44.540554272   17.252320995
   -0.666398442    2.443460953   28.109482032   50.485655056   15.588892925
   -0.475998887    2.443460953   37.647134507   48.196253512   13.491294870
   -0.285599332    2.443460953   46.004286195   38.390986912   11.273512539
   -0.095199777    2.443460953   51.958938024   23.482340982    9.002989687
    0.095199777    2.443460953   54.846200946    6.802526120    6.512952734
    0.285599332    2.443460953   54.679861483   -7.954806423    3.536255748
    0.475998887    2.443460953   52.177578841  -17.221883443   -0.046407481
    0.666398442    2.443460953   48.655303639  -18.417389437   -4.012178535
    0.856797996    2.443460953   45.726358548  -11.158281642   -7.765922186
    1.047197551    2.443460953   44.802787936    1.999052939  -10.559028816
    1.237597106    2.443460953   46.571554303   16.207453501  -11.842293592
    1.427996661    2.443460953   50.716743457   26.243195872  -11.530597979
    1.618396215    2.443460953   56.065770845   28.466898287  -10.051810889
    1.808795770    2.443460953   61.003982432   22.034304718   -8.133432797
    1.999195325    2.443460953   64.000537376    8.458984365   -6.505672486
    2.189594880    2.443460953   63.948112666   -9.470031419   -5.663192202
    2.379994435    2.443460953   60.315849000  -28.620299808   -5.769728241
    2.570393989    2.443460953   53.172997607  -45.791814610   -6.673058038
    2.760793544    2.443460953   43.202198502  -57.821077839   -7.998619824
    2.951193099    2.443460953   31.656566838  -61.971334586   -9.258903584

   -3.141592654    2.792526803   18.093778833  -56.966937026   -0.318082525
   -2.951193099    2.792526803    8.549757716  -42.156089457    0.978116753
   -2.760793544    2.792526803    2.375831942  -22.363338154    2.787110574
   -2.570393989    2.792526803    0.000000000   -3.195437199    5.052844446
   -2.379994435    2.792526803    0.777990016   10.046914060    7.706144659
   -2.189594880    2.792526803    3.277642234   14.781065783   10.713723176
   -1.999195325    2.792526803    5.944155529   12.348465571   14.038868146
   -1.808795770    2.792526803    7.815547122    7.355082710   17.523799958
   -1.618396215    2.792526803    8.929209978    5.199396123   20.797148280
   -1.427996661    2.792526803   10.197673828    9.253811038   23.305837958
   -1.237597106    2.792526803   12.840233937   19.273903913   24.497802710
   -1.047197551    2.792526803   17.706114672   31.857852695   24.061908893
   -0.856797996    2.792526803   24.845542379   42.326104134   22.068444088
   -0.666398442    2.792526803   33.464482104   46.878556538   18.926223579
   -0.475998887    2.792526803   42.229459972   43.759974594   15.182345002
   -0.285599332    2.792526803   49.687544951   33.390964341   11.275088486
   -0.095199777    2.792526803   54.629556043   17.803752499    7.369691096
    0.095199777    2.792526803   56.345558074    0.129301177    3.371308480
    0.285599332    2.792526803   54.801465566  -15.731199354   -0.905236136
    0.475998887    2.792526803   50.746124567  -25.617482717   -5.461554615
    0.666398442    2.792526803   45.654680828  -26.253881859   -9.935255137
    0.856797996    2.792526803   41.405895215  -16.924331602  -13.629349239
    1.047197551    2.792526803   39.680267897   -0.514935277  -15.800099688
    1.237597106    2.792526803   41.309002003   17.217035445  -16.031788708
    1.427996661    2.792526803   45.925921828   29.989591852  -14.458741090
    1.618396215    2.792526803   52.134954431   33.494284265  -11.715137767
    1.808795770    2.792526803   58.029711437   26.833725527   -8.627440214
    1.999195325    2.792526803   61.828894100   11.970291419   -5.895524541
    2.189594880    2.792526803   62.283750282   -7.672016459   -3.893468954
    2.379994435    2.792526803   58.837499725  -28.402371461   -2.662203152
    2.570393989    2.792526803   51.622898391  -46.661622381   -2.001439519
    2.760793544    2.792526803   41.435747969  -59.105413651   -1.599707814
    2.951193099    2.792526803   29.662119606  -62.974643904   -1.128178255
