#! FIELDS phi psi file.free der_phi der_psi
#! SET min_phi -pi
#! SET max_phi pi
#! SET nbins_phi  33
#! SET periodic_phi true
#! SET min_psi -pi
#! SET max_psi pi
#! SET nbins_psi  18
#! SET periodic_psi true
   -3.141592654   -3.141592654   19.355908127  -55.625439725   13.612933394
   -2.951193099   -3.141592654   10.294066245  -38.626780291   16.121702632
   -2.760793544   -3.141592654    4.902119030  -17.939469282   18.225362586
   -2.570393989   -3.141592654    3.347651015    0.812251468   19.865511810
   -2.379994435   -3.141592654    4.794762123   13.038626690   21.184854400
   -2.189594880   -3.141592654    7.788537200   17.096521721   22.513543511
   -1.999195325   -3.141592654   10.904663627   14.923595252   24.205171279
   -1.808795770   -3.141592654   13.359137061   10.986973929   26.381834699
   -1.618396215   -3.141592654   15.278789609    9.959311219   28.757164657
   -1.427996661   -3.141592654   17.509086338   14.424844012   30.672959175
   -1.237597106   -3.141592654   21.090955263   23.776402563   31.362298886
   -1.047197551   -3.141592654   26.682431426   34.873302356   30.298077926
   -0.856797996   -3.141592654   34.228297556   43.556597515   27.415550895
   -0.666398442   -3.141592654   42.917638852   46.408731545   23.109371838
   -0.475998887   -3.141592654   51.438343660   41.648719596   18.012343024
   -0.285599332   -3.141592654   58.323655045   29.418276315   12.714680059
   -0.095199777   -3.141592654   62.298281880   11.543204433    7.547240494
    0.095199777   -3.141592654   62.580829405   -8.683382357    2.566608697
    0.285599332   -3.141592654   59.140543531  -26.709365529   -2.288795181
    0.475998887   -3.141592654   52.885071177  -37.482740934   -6.944704500
    0.666398442   -3.141592654   45.608301443  -36.970356216  -11.039316653
    0.856797996   -3.141592654   39.603779891  -24.306876042  -13.983608078
    1.047197551   -3.141592654   36.920683941   -3.013634711  -15.238693451
    1.237597106   -3.141592654   38.573435744   19.894098012  -14.622980541
    1.427996661   -3.141592654   44.112835826   36.696262527  -12.431131194
    1.618396215   -3.141592654   51.812238003   42.019452483   -9.305324905
    1.808795770   -3.141592654   59.299434126   34.622019771   -5.916441534
    1.999195325   -3.141592654   64.339955474   16.959536879   -2.715944741
    2.189594880   -3.141592654   65.393532371   -6.414321617    0.163292350
    2.379994435   -3.141592654   61.856330248  -30.429783368    2.818723601
    2.570393989   -3.141592654   54.062657342  -50.393283513    5.428170977
    2.760793544   -3.141592654   43.166786989  -62.491349287    8.113020536
    2.951193099   -3.141592654   30.923521912  -64.330219743   10.878977408

   -3.141592654   -2.792526803   25.732375792  -50.638139018   20.709877926
   -2.951193099   -2.792526803   17.515982172  -34.811427264   23.381589816
   -2.760793544   -2.792526803   12.719844921  -15.506432862   25.233957026
   -2.570393989   -2.792526803   11.507724623    2.045873725   26.263824278
   -2.379994435   -2.792526803   13.123918424   13.721370002   26.715559129
   -2.189594880   -2.792526803   16.267315557   18.138913820   27.035860095
   -1.999195325   -2.792526803   19.677172781   17.042607681   27.672750666
   -1.808795770   -2.792526803   22.647836035   14.223157629   28.797636090
   -1.618396215   -2.792526803   25.229343236   13.470121917   30.130490170
   -1.427996661   -2.792526803   28.039414222   16.741046758   30.999726914
   -1.237597106   -2.792526803   31.826353318   23.415747972   30.633096055
   -1.047197551   -2.792526803   37.017403297   30.969265561   28.526026619
   -0.856797996   -2.792526803   43.481949352   36.209086627   24.662615487
   -0.666398442   -2.792526803   50.513231287   36.555185710   19.505999700
   -0.475998887   -2.792526803   57.024075384   30.632822145   13.760711212
   -0.285599332   -2.792526803   61.799422272   18.450367572    8.082379651
   -0.095199777   -2.792526803   63.752406755    1.364008019    2.856776018
    0.095199777   -2.792526803   62.195036880  -17.810070505   -1.821749190
    0.285599332   -2.792526803   57.123548712  -34.692435433   -6.003169971
    0.475998887   -2.792526803   49.475623547  -44.047940789   -9.659497968
    0.666398442   -2.792526803   41.127938622  -41.523854554  -12.553973024
    0.856797996   -2.792526803   34.501442362  -26.173315410  -14.297376042
    1.047197551   -2.792526803   31.748064884   -1.864095804  -14.559035205
    1.237597106   -2.792526803   33.884665785   23.734804107  -13.287921086
    1.427996661   -2.792526803   40.341999375   42.323844565  -10.775033038
    1.618396215   -2.792526803   49.196796640   48.370144014   -7.527741184
    1.808795770   -2.792526803   57.896209468   40.914055309   -4.018543096
    1.999195325   -2.792526803   64.103240357   22.912580085   -0.520076651
    2.189594880   -2.792526803   66.266126711   -0.678267398    2.933039196
    2.379994435   -2.792526803   63.821181008  -24.656516851    6.433211591
    2.570393989   -2.792526803   57.142961230  -44.450150107   10.060450230
    2.760793544   -2.792526803   47.388855620  -56.488770869   13.777595075
    2.951193099   -2.792526803   36.270245934  -58.603265944   17.414891221

   -3.141592654   -2.443460953   33.254992842  -45.214737842   20.550633309
   -2.951193099   -2.443460953   25.937371331  -30.873816078   22.877034506
   -2.760793544   -2.443460953   21.729067976  -13.278908460   24.329195945
   -2.570393989   -2.443460953   20.787990583    2.733745230   24.915501193
   -2.379994435   -2.443460953   22.434815457   13.489025674   24.857902801
   -2.189594880   -2.443460953   25.514226815   17.842435122   24.541994438
   -1.999195325   -2.443460953   28.917551725   17.337254980   24.336555497
   -1.808795770   -2.443460953   32.007785470   15.118185176   24.365552709
   -1.618396215   -2.443460953   34.759847768   14.181901918   24.386743777
   -1.427996661   -2.443460953   37.587050162   15.990877814   23.875282519
   -1.237597106   -2.443460953   40.994903081   20.050283219   22.279501799
   -1.047197551   -2.443460953   45.251543029   24.531258086   19.311087046
   -0.856797996   -2.443460953   50.228745766   27.189128978   15.086182242
   -0.666398442   -2.443460953   55.387398722   26.149762303   10.084405386
   -0.475998887   -2.443460953   59.896095084   20.243122256    4.929536589
   -0.285599332   -2.443460953   62.782822101    9.147913256    0.156065351
   -0.095199777   -2.443460953   63.109682048   -6.375819374   -3.956039293
    0.095199777   -2.443460953   60.226241718  -24.031073609   -7.385077513
    0.285599332   -2.443460953   54.096149947  -39.619874530  -10.232845269
    0.475998887   -2.443460953   45.625116008  -47.741054268  -12.546895545
    0.666398442   -2.443460953   36.708078768  -43.739559059  -14.210146393
    0.856797996   -2.443460953   29.830713564  -26.516554381  -14.977696697
    1.047197551   -2.443460953   27.209774034   -0.107116272  -14.622345986
    1.237597106   -2.443460953   29.868951802   27.413123211  -13.094063450
    1.427996661   -2.443460953   37.167220679   47.366055070  -10.580369118
    1.618396215   -2.443460953   47.058303718   54.113244324   -7.432718339
    1.808795770   -2.443460953   56.877930961   46.879082380   -3.992136526
    1.999195325   -2.443460953   64.228646997   28.959410110   -0.473780634
    2.189594880   -2.443460953   67.558701544    5.556568423    3.071556622
    2.379994435   -2.443460953   66.331183527  -18.092860917    6.678072384
    2.570393989   -2.443460953   60.933943097  -37.589379186   10.361306131
    2.760793544   -2.443460953   52.495357316  -49.606097049   14.037696404
    2.951193099   -2.443460953   42.653951066  -52.172605949   17.519250463

   -3.141592654   -2.094395102   39.654465736  -40.508016622   14.364224763
   -2.951193099   -2.094395102   33.119183689  -27.439243069   15.815908088
   -2.760793544   -2.094395102   29.419889309  -11.396276450   16.619597197
   -2.570393989   -2.094395102   28.686342836    3.061870711   16.756284498
   -2.379994435   -2.094395102   30.273811903   12.623216577   16.319417262
   -2.189594880   -2.094395102   33.120059106   16.358297040   15.500468495
   -1.999195325   -2.094395102   36.220696868   15.688884535   14.491416931
   -1.808795770   -2.094395102   38.986790008   13.319447885   13.357101059
   -1.618396215   -2.094395102   41.346424022   11.749495829   11.980397461
   -1.427996661   -2.094395102   43.592813840   12.214054664   10.130614885
   -1.237597106   -2.094395102   46.110259343   14.446296922    7.616315495
   -1.047197551   -2.094395102   49.126037774   17.175534309    4.433086003
   -0.856797996   -2.094395102   52.586776329   18.783862011    0.799190744
   -0.666398442   -2.094395102   56.126218878   17.736640274   -2.904541915
   -0.475998887   -2.094395102   59.111751805   12.808751096   -6.291006190
   -0.285599332   -2.094395102   60.724027428    3.260732925   -9.097990611
   -0.095199777   -2.094395102   60.083472887  -10.677775370  -11.261230892
    0.095199777   -2.094395102   56.506616429  -27.082668271  -12.889093841
    0.285599332   -2.094395102   49.881198761  -41.824213878  -14.142602012
    0.475998887   -2.094395102   41.052852989  -49.283780633  -15.113893710
    0.666398442   -2.094395102   31.912317335  -44.490001354  -15.743681467
    0.856797996   -2.094395102   24.992837757  -26.140249391  -15.847761948
    1.047197551   -2.094395102   22.575595115    1.696578998  -15.209137758
    1.237597106   -2.094395102   25.719598901   30.689365168  -13.704467709
    1.427996661   -2.094395102   33.764261068   51.860920764  -11.387078497
    1.618396215   -2.094395102   44.594657687   59.409710574   -8.475493450
    1.808795770   -2.094395102   55.467155326   52.578552107   -5.250762803
    1.999195325   -2.094395102   63.922529323   34.834180633   -1.960896112
    2.189594880   -2.094395102   68.382499611   11.541959539    1.251493912
    2.379994435   -2.094395102   68.305782186  -11.995768179    4.328814729
    2.570393989   -2.094395102   64.076696424  -31.442751774    7.246400484
    2.760793544   -2.094395102   56.800413208  -43.594458565    9.955012539
    2.951193099   -2.094395102   48.067794874  -46.610743838   12.367770150

   -3.141592654   -1.745329252   42.621042136  -38.698494242    7.690960990
   -2.951193099   -1.745329252   36.366175845  -26.330244501    8.153124543
   -2.760793544   -1.745329252   32.804914299  -11.071698931    8.185940685
   -2.570393989   -1.745329252   32.053107011    2.539796806    7.798165783
   -2.379994435   -1.745329252   33.461413730   11.270220196    7.017147915
   -2.189594880   -1.745329252   35.975023916   14.224670366    5.882555437
   -1.999195325   -1.745329252   38.594731253   12.759552886    4.414382226
   -1.808795770   -1.745329252   40.717738170    9.466289612    2.588285783
   -1.618396215   -1.745329252   42.243512548    6.831646309    0.364201295
   -1.427996661   -1.745329252   43.452865094    6.276481607   -2.240160450
   -1.237597106   -1.745329252   44.770590528    7.887314618   -5.091108737
   -1.047197551   -1.745329252   46.532948791   10.709320980   -7.941829002
   -0.856797996   -1.745329252   48.837357799   13.240358345  -10.513815188
   -0.666398442   -1.745329252   51.461410683   13.742492308  -12.577983534
   -0.475998887   -1.745329252   53.854396408   10.582245552  -14.034635128
   -0.285599332   -1.745329252   55.193774716    2.556527685  -14.924362043
   -0.095199777   -1.745329252   54.520437325  -10.428366333  -15.398773808
    0.095199777   -1.745329252   51.031055126  -26.511844053  -15.666229653
    0.285599332   -1.745329252   44.505758038  -41.394671476  -15.894257599
    0.475998887   -1.745329252   35.731836847  -49.123490338  -16.145384247
    0.666398442   -1.745329252   26.611562861  -44.371652205  -16.331159009
    0.856797996   -1.745329252   19.747881776  -25.582845873  -16.244781251
    1.047197551   -1.745329252   17.521069336    3.213994044  -15.633367734
    1.237597106   -1.745329252   21.073274494   33.477641588  -14.307985072
    1.427996661   -1.745329252   29.771481306   55.889352206  -12.242935695
    1.618396215   -1.745329252   41.461532774   64.325379462   -9.593259664
    1.808795770   -1.745329252   53.314213773   57.860699814   -6.626017968
    1.999195325   -1.745329252   62.772463905   40.013052378   -3.630575077
    2.189594880   -1.745329252   68.183350935   16.308304203   -0.822845249
    2.379994435   -1.745329252   68.963407625   -7.779305016    1.669450191
    2.570393989   -1.745329252   65.481661604  -27.818190494    3.787566107
    2.760793544   -1.745329252   58.839666745  -40.562221437    5.503270976
    2.951193099   -1.745329252   50.628615766  -44.174252039    6.806500045

   -3.141592654   -1.396263402   42.460718984  -39.734287221    4.960425756
   -2.951193099   -1.396263402   35.975658449  -27.690587573    4.721790311
   -2.760793544   -1.396263402   32.139810808  -12.576948175    4.035842085
   -2.570393989   -1.396263402   31.095811940    0.980328208    2.965957800
   -2.379994435   -1.396263402   32.200081069    9.611843022    1.538784879
   -2.189594880   -1.396263402   34.371644878   12.236326568   -0.273223521
   -1.999195325   -1.396263402   36.551864506   10.066184806   -2.540979649
   -1.808795770   -1.396263402   38.067574690    5.746554905   -5.317144173
   -1.618396215   -1.396263402   38.784509045    2.097565454   -8.539669469
   -1.427996661   -1.396263402   39.031485197    1.027734430  -11.956400647
   -1.237597106   -1.396263402   39.368988410    3.006861220  -15.144099977
   -1.047197551   -1.396263402   40.311260746    7.109456920  -17.633091652
   -0.856797996   -1.396263402   42.102379405   11.508190531  -19.089126562
   -0.666398442   -1.396263402   44.582387047   13.923862063  -19.429091468
   -0.475998887   -1.396263402   47.160653413   12.244942778  -18.846789501
   -0.285599332   -1.396263402   48.901624414    4.986899036  -17.717298048
   -0.095199777   -1.396263402   48.704231985   -7.986557030  -16.451341130
    0.095199777   -1.396263402   45.632980137  -24.642063978  -15.375766357
    0.285599332   -1.396263402   39.382574764  -40.400494036  -14.634424322
    0.475998887   -1.396263402   30.715338205  -48.950912774  -14.191389852
    0.666398442   -1.396263402   21.578499908  -44.629091652  -13.866568387
    0.856797996   -1.396263402   14.674945410  -25.636264419  -13.426212206
    1.047197551   -1.396263402   12.512254466    4.030787289  -12.656373847
    1.237597106   -1.396263402   16.340790050   35.589981276  -11.427530405
    1.427996661   -1.396263402   25.570651561   59.313417998   -9.736365861
    1.618396215   -1.396263402   38.009172346   68.664856120   -7.684738914
    1.808795770   -1.396263402   50.724942284   62.464779719   -5.434227713
    1.999195325   -1.396263402   61.033618373   44.241333948   -3.154638526
    2.189594880   -1.396263402   67.175460040   19.694388908   -0.978920348
    2.379994435   -1.396263402   68.500900057   -5.459343561    0.988233870
    2.570393989   -1.396263402   65.356668075  -26.588068801    2.652303822
    2.760793544   -1.396263402   58.854445234  -40.297670754    3.914941765
    2.951193099   -1.396263402   50.617845109  -44.674978353    4.697802205

   -3.141592654   -1.047197551   41.252918505  -42.162450465    3.732383470
   -2.951193099   -1.047197551   34.261886311  -30.514992160    2.665856486
   -2.760793544   -1.047197551   29.883826828  -15.395926009    1.072429476
   -2.570393989   -1.047197551   28.322902135   -1.621656004   -0.899253697
   -2.379994435   -1.047197551   28.947107678    7.123651050   -3.156528207
   -2.189594880   -1.047197551   30.625713483    9.462610511   -5.708652542
   -1.999195325   -1.047197551   32.212022445    6.533994629   -8.634173889
   -1.808795770   -1.047197551   32.963024735    1.252762839  -11.955287945
   -1.618396215   -1.047197551   32.755774770   -3.005305151  -15.491139014
   -1.427996661   -1.047197551   32.041948695   -3.773274845  -18.800365388
   -1.237597106   -1.047197551   31.585899229   -0.336783862  -21.287202255
   -1.047197551   -1.047197551   32.105624280    6.117055611  -22.437092533
   -0.856797996   -1.047197551   33.957749817   13.119870627  -22.051617579
   -0.666398442   -1.047197551   36.957830052   17.634763304  -20.340809596
   -0.475998887   -1.047197551   40.363299348   17.019740902  -17.838153560
   -0.285599332   -1.047197551   43.020659721    9.650999543  -15.184458128
   -0.095199777   -1.047197551   43.623592667   -4.377767572  -12.886758012
    0.095199777   -1.047197551   41.098904545  -22.544687344  -11.177099804
    0.285599332   -1.047197551   35.104899848  -39.757431864   -9.967155302
    0.475998887   -1.047197551   26.456638877  -49.287120316   -8.978857091
    0.666398442   -1.047197551   17.216870407  -45.259503604   -7.916318096
    0.856797996   -1.047197551   10.222615483  -25.866266430   -6.636604945
    1.047197551   -1.047197551    8.099081641    4.723542527   -5.192780347
    1.237597106   -1.047197551   12.168577303   37.416571815   -3.756794361
    1.427996661   -1.047197551   21.848458999   62.157709403   -2.497936176
    1.618396215   -1.047197551   34.897112256   72.145877366   -1.465739710
    1.808795770   -1.047197551   48.296551114   66.074117527   -0.584038615
    1.999195325   -1.047197551   59.266850563   47.509214711    0.284145283
    2.189594880   -1.047197551   65.969132113   22.261568849    1.241496478
    2.379994435   -1.047197551   67.697231886   -3.829596717    2.279005438
    2.570393989   -1.047197551   64.761828484  -26.045841712    3.259733661
    2.760793544   -1.047197551   58.254571450  -40.890776730    3.960423282
    2.951193099   -1.047197551   49.802961215  -46.316925822    4.163749056

   -3.141592654   -0.698131701   41.077340253  -44.986221678    2.088097528
   -2.951193099   -0.698131701   33.467403063  -34.122553295    0.158255667
   -2.760793544   -0.698131701   28.359460671  -19.386843266   -2.352099323
   -2.570393989   -0.698131701   26.026035249   -5.720541878   -5.169685799
   -2.379994435   -0.698131701   25.862353450    2.921582219   -8.093095615
   -2.189594880   -0.698131701   26.713516743    4.924077117  -11.083977344
   -1.999195325   -0.698131701   27.384834551    1.446288950  -14.216278447
   -1.808795770   -0.698131701   27.122673369   -4.229892903  -17.486153309
   -1.618396215   -0.698131701   25.886721359   -8.161132349  -20.625044774
   -1.427996661   -0.698131701   24.311210687   -7.460757607  -23.072729047
   -1.237597106   -0.698131701   23.382371823   -1.463815237  -24.174885955
   -1.047197551   -0.698131701   23.977516507    8.050648072  -23.506342664
   -0.856797996   -0.698131701   26.465956873   17.730079495  -21.117385715
   -0.666398442   -0.698131701   30.511708389   23.770336442  -17.554177224
   -0.475998887   -0.698131701   35.114086341   23.209634589  -13.641085580
   -0.285599332   -0.698131701   38.852227925   14.652179856  -10.152794976
   -0.095199777   -0.698131701   40.240674123   -1.176438518   -7.516033317
    0.095199777   -0.698131701   38.163370744  -20.960570058   -5.705412275
    0.285599332   -0.698131701   32.375019723  -39.026758495   -4.312993331
    0.475998887   -0.698131701   23.860435055  -48.467097740   -2.831563028
    0.666398442   -0.698131701   14.841750499  -43.699424295   -0.948847210
    0.856797996   -0.698131701    8.228839778  -23.475639905    1.258496712
    1.047197551   -0.698131701    6.611048585    7.532048463    3.373930883
    1.237597106   -0.698131701   11.207230571   40.025811836    4.897868962
    1.427996661   -0.698131701   21.328571543   64.135809528    5.523548520
    1.618396215   -0.698131701   34.686626693   73.435060595    5.309688563
    1.808795770   -0.698131701   48.284303919   66.922985118    4.609846786
    1.999195325   -0.698131701   59.400946911   48.244106556    3.880414984
    2.189594880   -0.698131701   66.246610702   23.036785474    3.457450829
    2.379994435   -0.698131701   68.118169254   -3.143243915    3.428234448
    2.570393989   -0.698131701   65.277634186  -25.809685917    3.618664544
    2.760793544   -0.698131701   58.739131517  -41.514373372    3.683209483
    2.951193099   -0.698131701   50.064898475  -48.058107949    3.255892239

   -3.141592654   -0.349065850   41.258834141  -48.492873805    0.724377607
   -2.951193099   -0.349065850   32.863182361  -38.792702066   -1.621687818
   -2.760793544   -0.349065850   26.791500093  -24.740019080   -4.485948227
   -2.570393989   -0.349065850   23.413085984  -11.279122961   -7.563057772
   -2.379994435   -0.349065850   22.191911030   -2.616534377  -10.621137559
   -2.189594880   -0.349065850   21.988997864   -0.626329762  -13.596078313
   -1.999195325   -0.349065850   21.599719884   -4.120332167  -16.517482772
   -1.808795770   -0.349065850   20.302933145   -9.417249834  -19.298156756
   -1.618396215   -0.349065850   18.185528114  -12.040067985  -21.571197379
   -1.427996661   -0.349065850   16.089460144   -8.860503731  -22.735785186
   -1.237597106   -0.349065850   15.201273448    0.440102851  -22.231231518
   -1.047197551   -0.349065850   16.477876890   13.212733274  -19.876839232
   -0.856797996   -0.349065850   20.183622445   25.110480168  -16.045146269
   -0.666398442   -0.349065850   25.715729682   31.704420315  -11.555250745
   -0.475998887   -0.349065850   31.747961838   30.050332133   -7.329568501
   -0.285599332   -0.349065850   36.597618659   19.393454287   -4.020614327
   -0.095199777   -0.349065850   38.678349509    1.416862091   -1.749480865
    0.095199777   -0.349065850   36.953392631  -19.657348355   -0.114096195
    0.285599332   -0.349065850   31.392263713  -37.728612699    1.587054951
    0.475998887   -0.349065850   23.214831277  -46.097590707    3.943802073
    0.666398442   -0.349065850   14.782407030  -39.951092069    7.080207243
    0.856797996   -0.349065850    8.974446273  -18.960233629   10.517881706
    1.047197551   -0.349065850    8.198435507   11.629027101   13.380597825
    1.237597106   -0.349065850   13.443097694   42.578054224   14.847903458
    1.427996661   -0.349065850   23.858546550   64.661469083   14.560059232
    1.618396215   -0.349065850   37.144067308   72.257625184   12.787491269
    1.808795770   -0.349065850   50.421848652   64.908430140   10.238232615
    1.999195325   -0.349065850   61.149819223   46.311025171    7.713414489
    2.189594880   -0.349065850   67.682690700   21.735193921    5.768693904
    2.379994435   -0.349065850   69.370955174   -3.812042609    4.564279125
    2.570393989   -0.349065850   66.428858741  -26.314580900    3.886707132
    2.760793544   -0.349065850   59.755065312  -42.544427190    3.302183817
    2.951193099   -0.349065850   50.785584236  -50.209331682    2.351691883

   -3.141592654    0.000000000   41.559565482  -51.885466059   -0.203436739
   -2.951193099    0.000000000   32.410227115  -43.237951500   -2.221011385
   -2.760793544    0.000000000   25.425151337  -29.787305921   -4.613869412
   -2.570393989    0.000000000   21.069109611  -16.427113110   -7.166146391
   -2.379994435    0.000000000   18.882756146   -7.581454182   -9.709381709
   -2.189594880    0.000000000   17.757888338   -5.341665668  -12.181710609
   -1.999195325    0.000000000   16.502389122   -8.456072808  -14.538808483
   -1.808795770    0.000000000   14.453081189  -12.858048655  -16.578867309
   -1.618396215    0.000000000   11.837212137  -13.658863079  -17.864163008
   -1.427996661    0.000000000    9.684280860   -7.709924410  -17.851660737
   -1.237597106    0.000000000    9.315201011    4.726483577  -16.189569905
   -1.047197551    0.000000000   11.666932756   20.034937956  -12.986462024
   -0.856797996    0.000000000   16.801225518   33.001306179   -8.850634736
   -0.666398442    0.000000000   23.797868408   38.922214398   -4.664859491
   -0.475998887    0.000000000   31.031175104   35.294416341   -1.196955226
   -0.285599332    0.000000000   36.657356429   22.341840792    1.217213716
   -0.095199777    0.000000000   39.133492322    2.814847065    2.816223734
    0.095199777    0.000000000   37.641386032  -18.339821037    4.271860076
    0.285599332    0.000000000   32.445062598  -35.010432273    6.355747330
    0.475998887    0.000000000   24.985935792  -41.245898298    9.508961118
    0.666398442    0.000000000   17.652209500  -33.461490447   13.542176953
    0.856797996    0.000000000   13.117371986  -12.424813974   17.625269742
    1.047197551    0.000000000   13.433869293   16.251233442   20.623676085
    1.237597106    0.000000000   19.258531897   43.900315922   21.635698593
    1.427996661    0.000000000   29.586836498   62.510363347   20.400953643
    1.618396215    0.000000000   42.204879427   67.639665043   17.393218751
    1.808795770    0.000000000   54.494671566   59.431019648   13.534640538
    1.999195325    0.000000000   64.217094919   41.426263359    9.783538420
    2.189594880    0.000000000   69.945040500   18.233732763    6.778150257
    2.379994435    0.000000000   71.104001094   -5.930961021    4.713160595
    2.570393989    0.000000000   67.845870892  -27.646983805    3.392903723
    2.760793544    0.000000000   60.925231904  -43.947105227    2.406515522
    2.951193099    0.000000000   51.620279091  -52.430006529    1.311912008

   -3.141592654    0.349065850   42.444975324  -53.920704303   -0.211752364
   -2.951193099    0.349065850   32.820598472  -46.145510735   -1.259498689
   -2.760793544    0.349065850   25.214465543  -33.337531339   -2.501832721
   -2.570393989    0.349065850   20.146322487  -20.306697769   -3.905283086
   -2.379994435    0.349065850   17.207707743  -11.574267592   -5.445660121
   -2.189594880    0.349065850   15.324350292   -9.282106781   -7.108342812
   -1.999195325    0.349065850   13.347536643  -12.008365127   -8.798780925
   -1.808795770    0.349065850   10.708870805  -15.358686663  -10.238854083
   -1.618396215    0.349065850    7.784432366  -14.261026575  -10.987500240
   -1.427996661    0.349065850    5.750104395   -5.808503139  -10.620429283
   -1.237597106    0.349065850    5.982128536    9.051427701   -8.978724984
   -1.047197551    0.349065850    9.323294614   25.897197619   -6.313018703
   -0.856797996    0.349065850   15.611122076   39.010014304   -3.207018582
   -0.666398442    0.349065850   23.660390647   43.799791011   -0.321216068
   -0.475998887    0.349065850   31.659324004   38.426323213    1.924213827
   -0.285599332    0.349065850   37.735398388   24.066343614    3.532246299
   -0.095199777    0.349065850   40.492597700    4.277590105    4.942324516
    0.095199777    0.349065850   39.370207465  -15.687356567    6.825803928
    0.285599332    0.349065850   34.881705623  -30.126807466    9.748966426
    0.475998887    0.349065850   28.575532029  -34.130182509   13.825972840
    0.666398442    0.349065850   22.719412596  -25.368106274   18.529995121
    0.856797996    0.349065850   19.655941728   -5.457679728   22.801462340
    1.047197551    0.349065850   21.023766846   20.034883651   25.453547515
    1.237597106    0.349065850   27.168787946   43.414342517   25.697030644
    1.427996661    0.349065850   37.012805250   58.087914655   23.480889620
    1.618396215    0.349065850   48.526519646   60.773085987   19.479656700
    1.808795770    0.349065850   59.429702330   52.050324461   14.740893971
    1.999195325    0.349065850   67.829051053   35.117395166   10.259209273
    2.189594880    0.349065850   72.528691988   13.807997781    6.658951387
    2.379994435    0.349065850   73.028999218   -8.487157892    4.127879921
    2.570393989    0.349065850   69.417867540  -28.928078071    2.507371732
    2.760793544    0.349065850   62.306835718  -44.808883982    1.468269068
    2.951193099    0.349065850   52.813519027  -53.650472962    0.652830578

   -3.141592654    0.698131701   43.222657371  -54.414604597   -0.899805820
   -2.951193099    0.698131701   33.473478940  -46.966739503   -0.895602583
   -2.760793544    0.698131701   25.665161795  -34.642866121   -0.878361722
   -2.570393989    0.698131701   20.296594697  -22.157729005   -0.998336745
   -2.379994435    0.698131701   16.953339238  -13.958032151   -1.380954541
   -2.189594880    0.698131701   14.577526695  -12.019613738   -2.082845020
   -1.999195325    0.698131701   12.079276589  -14.645609058   -3.021940365
   -1.808795770    0.698131701    9.002696216  -17.192703382   -3.941419538
   -1.618396215    0.698131701    5.862325021  -14.598904857   -4.485213910
   -1.427996661    0.698131701    3.936346806   -4.329740652   -4.363276609
   -1.237597106    0.698131701    4.605252786   12.055080453   -3.509600920
   -1.047197551    0.698131701    8.602446496   29.620491197   -2.120488738
   -0.856797996    0.698131701   15.590628741   42.494938080   -0.533143140
   -0.666398442    0.698131701   24.227381842   46.431736959    0.964851441
   -0.475998887    0.698131701   32.642492157   40.225915648    2.314953438
   -0.285599332    0.698131701   39.032663053   25.724943692    3.733295038
   -0.095199777    0.698131701   42.177468105    6.886712628    5.636483614
    0.095199777    0.698131701   41.725652524  -11.117793480    8.449513761
    0.285599332    0.698131701   38.332090632  -23.207589583   12.345874215
    0.475998887    0.698131701   33.525969786  -25.495996319   17.045342179
    0.666398442    0.698131701   29.352361304  -16.680033857   21.767878107
    0.856797996    0.698131701   27.776455970    1.109033244   25.439648266
    1.047197551    0.698131701   30.040163341   22.646175221   27.089254903
    1.237597106    0.698131701   36.238591886   41.369141504   26.251717265
    1.427996661    0.698131701   45.294291020   52.080189814   23.160457360
    1.618396215    0.698131701   55.418030585   52.509318939   18.613681478
    1.808795770    0.698131701   64.691110073   43.500540980   13.612053311
    1.999195325    0.698131701   71.561425957   27.796856139    9.004501231
    2.189594880    0.698131701   75.049255668    8.459768113    5.278385114
    2.379994435    0.698131701   74.725271981  -11.843020027    2.573827289
    2.570393989    0.698131701   70.632918439  -30.715967201    0.797732041
    2.760793544    0.698131701   63.282608383  -45.634887299   -0.235732782
    2.951193099    0.698131701   53.676116035  -54.090169783   -0.737237722

   -3.141592654    1.047197551   42.067273186  -54.362976948   -4.869930290
   -2.951193099    1.047197551   32.381414589  -46.382170856   -4.290933313
   -2.760793544    1.047197551   24.708058453  -33.859375269   -3.419566458
   -2.570393989    1.047197551   19.481630794  -21.495572446   -2.510447270
   -2.379994435    1.047197551   16.231296326  -13.672088168   -1.782061450
   -2.189594880    1.047197551   13.865059320  -12.200542333   -1.368001493
   -1.999195325    1.047197551   11.297208570  -15.151244243   -1.279537771
   -1.808795770    1.047197551    8.119289204  -17.686763046   -1.405131773
   -1.618396215    1.047197551    4.915303563  -14.724032532   -1.569467429
   -1.427996661    1.047197551    3.017701006   -3.904340862   -1.617110137
   -1.237597106    1.047197551    3.816333090   12.947274822   -1.466327564
   -1.047197551    1.047197551    8.009732028   30.740695539   -1.098160575
   -0.856797996    1.047197551   15.216627385   43.654552679   -0.487139730
   -0.666398442    1.047197551   24.082404903   47.722014747    0.446421205
   -0.475998887    1.047197551   32.787077750   42.071069668    1.855926450
   -0.285599332    1.047197551   39.633493130   28.785338977    3.927656032
   -0.095199777    1.047197551   43.528195583   11.792279005    6.806220556
    0.095199777    1.047197551   44.208258393   -4.146824715   10.501775042
    0.285599332    1.047197551   42.305805610  -14.668212368   14.768693612
    0.475998887    1.047197551   39.176567547  -16.704272029   19.061694499
    0.666398442    1.047197551   36.556574851   -9.478926272   22.600657305
    0.856797996    1.047197551   36.057731900    4.979292052   24.597669643
    1.047197551    1.047197551   38.656510666   22.230100316   24.548423942
    1.237597106    1.047197551   44.376118611   36.891996763   22.433569983
    1.427996661    1.047197551   52.284762744   44.774920371   18.731916516
    1.618396215    1.047197551   60.880063223   44.031802494   14.202057672
    1.808795770    1.047197551   68.546969170   35.304558447    9.583817572
    1.999195325    1.047197551   73.957783405   20.751268660    5.393796483
    2.189594880    1.047197551   76.241097047    2.867118853    1.870792309
    2.379994435    1.047197551   74.988831034  -16.023130904   -0.924898653
    2.570393989    1.047197551   70.223925187  -33.618722949   -2.994385198
    2.760793544    1.047197551   62.431335884  -47.395712955   -4.328210120
    2.951193099    1.047197551   52.586271866  -54.846206344   -4.933094267

   -3.141592654    1.396263402   38.210536159  -54.297320176  -10.586824628
   -2.951193099    1.396263402   28.684039426  -44.816859810  -10.058932737
   -2.760793544    1.396263402   21.416241989  -31.260003506   -8.881172688
   -2.570393989    1.396263402   16.734875200  -18.475168039   -7.293922068
   -2.379994435    1.396263402   14.050644157  -10.835421417   -5.526544405
   -2.189594880    1.396263402   12.169805155   -9.994352754   -3.770385575
   -1.999195325    1.396263402    9.943109404  -13.789904204   -2.173990181
   -1.808795770    1.396263402    6.943110292  -17.164702438   -0.849045204
   -1.618396215    1.396263402    3.770108893  -14.890308864    0.127911346
   -1.427996661    1.396263402    1.794606557   -4.517951639    0.735174352
   -1.237597106    1.396263402    2.459996781   12.210090292    1.044318705
   -1.047197551    1.396263402    6.536611718   30.326287046    1.241305984
   -0.856797996    1.396263402   13.737976696   44.100094578    1.615027910
   -0.666398442    1.396263402   22.814787878   49.572070489    2.473628828
   -0.475998887    1.396263402   32.038778863   45.717751093    4.058832086
   -0.285599332    1.396263402   39.761507592   34.321794235    6.478820473
   -0.095199777    1.396263402   44.869307079   18.915202356    9.669795012
    0.095199777    1.396263402   46.998493761    3.787118610   13.390719810
    0.285599332    1.396263402   46.592000054   -7.112923823   17.190177337
    0.475998887    1.396263402   44.754300704  -10.931328895   20.450788603
    0.666398442    1.396263402   42.963911132   -6.702633505   22.503187107
    0.856797996    1.396263402   42.655213188    4.182658774   22.843752941
    1.047197551    1.396263402   44.779234644   18.164821100   21.331536524
    1.237597106    1.396263402   49.495160369   30.635837348   18.246817087
    1.427996661    1.396263402   56.112660634   37.685629471   14.187294467
    1.618396215    1.396263402   63.369188846   37.187167381    9.812314409
    1.808795770    1.396263402   69.800316603   29.196656922    5.607365328
    1.999195325    1.396263402   74.117535932   15.333973012    1.796720642
    2.189594880    1.396263402   75.415083993   -2.106168665   -1.598676486
    2.379994435    1.396263402   73.247695006  -20.651879312   -4.602415483
    2.570393989    1.396263402   67.648650287  -37.682128880   -7.160254426
    2.760793544    1.396263402   59.170483412  -50.444221318   -9.114352835
    2.951193099    1.396263402   48.876522762  -56.434823344  -10.288890354

   -3.141592654    1.745329252   32.414428211  -54.928772421  -15.972181827
   -2.951193099    1.745329252   22.961014715  -43.443965546  -15.836723047
   -2.760793544    1.745329252   16.119452912  -28.240822799  -14.692438443
   -2.570393989    1.745329252   12.125566164  -14.379171138  -12.715493184
   -2.379994435    1.745329252   10.272273734   -6.311045280  -10.121037304
   -2.189594880    1.745329252    9.243844509   -5.663592366   -7.137158032
   -1.999195325    1.745329252    7.780499224  -10.181635907   -4.007752999
   -1.808795770    1.745329252    5.367354415  -14.657265549   -1.004891396
   -1.618396215    1.745329252    2.553945913  -13.624244678    1.593598363
   -1.427996661    1.745329252    0.714860246   -4.294235510    3.572298091
   -1.237597106    1.745329252    1.367589563   11.960981452    4.871476381
   -1.047197551    1.745329252    5.418553585   30.448086283    5.636848659
   -0.856797996    1.745329252   12.747235958   45.432853704    6.195025583
   -0.666398442    1.745329252   22.240774650   52.665013283    6.926794190
   -0.475998887    1.745329252   32.230636750   50.632393588    8.124577497
   -0.285599332    1.745329252   41.032228149   40.620693895    9.886720274
   -0.095199777    1.745329252   47.408707346   25.785674009   12.063730901
    0.095199777    1.745329252   50.817282261   10.167655059   14.292052310
    0.285599332    1.745329252   51.489919334   -2.338197497   16.046423183
    0.475998887    1.745329252   50.331512192   -8.703656192   16.793853452
    0.666398442    1.745329252   48.680695637   -7.487481434   16.171029581
    0.856797996    1.745329252   47.945988295    0.598454376   14.160434779
    1.047197551    1.745329252   49.184050887   12.621902001   11.122291816
    1.237597106    1.745329252   52.750402110   24.294047936    7.646905084
    1.427996661    1.745329252   58.166255915   31.530951352    4.314511618
    1.618396215    1.745329252   64.310375347   31.679856569    1.452054769
    1.808795770    1.745329252   69.749920348   24.235129786   -0.954975833
    1.999195325    1.745329252   73.141203291   10.495257096   -3.162591488
    2.189594880    1.745329252   73.497991183   -7.181910998   -5.471653974
    2.379994435    1.745329252   70.337216439  -25.968620428   -8.024335014
    2.570393989    1.745329252   63.733725448  -42.806721582  -10.705136423
    2.760793544    1.745329252   54.352801836  -54.667885614  -13.179852093
    2.951193099    1.745329252   43.395373239  -59.065454435  -15.043068785

   -3.141592654    2.094395102   25.932431129  -56.506543748  -17.343068514
   -2.951193099    2.094395102   16.373246362  -42.976124834  -17.305024474
   -2.760793544    2.094395102    9.809200854  -25.842904154  -16.054858559
   -2.570393989    2.094395102    6.432543352  -10.357856555  -13.717811796
   -2.379994435    2.094395102    5.468224123   -1.068399290  -10.508700858
   -2.189594880    2.094395102    5.517936479    0.333202015   -6.687706609
   -1.999195325    2.094395102    5.225236111   -3.984049463   -2.548329410
   -1.808795770    2.094395102    3.962641079   -8.874020428    1.568679005
   -1.618396215    2.094395102    2.166098285   -8.807813043    5.289568762
   -1.427996661    2.094395102    1.126373521   -0.738886776    8.275696305
   -1.237597106    2.094395102    2.341776664   14.356618454   10.334646923
   -1.047197551    2.094395102    6.775514255   32.169177393   11.499006839
   -0.856797996    2.094395102   14.419696195   47.125618889   12.022578058
   -0.666398442    2.094395102   24.277446641   54.851741844   12.260835087
   -0.475998887    2.094395102   34.747388412   53.473658567   12.512521136
   -0.285599332    2.094395102   44.133405724   43.820363589   12.887951445
   -0.095199777    2.094395102   51.101461153   28.659595974   13.243157623
    0.095199777    2.094395102   54.954207452   11.800722259   13.233832717
    0.285599332    2.094395102   55.751006928   -2.782966623   12.425580945
    0.475998887    2.094395102   54.272906934  -11.640668180   10.512567309
    0.666398442    2.094395102   51.842130966  -12.628448939    7.504785965
    0.856797996    2.094395102   49.990700768   -5.769749387    3.820407930
    1.047197551    2.094395102   50.003322559    6.341985443    0.156649414
    1.237597106    2.094395102   52.476055078   19.232194258   -2.805072684
    1.427996661    2.094395102   57.087459836   28.155723393   -4.692342517
    1.618396215    2.094395102   62.728734344   29.662936568   -5.597715939
    1.808795770    2.094395102   67.846081250   22.705341233   -5.993990455
    1.999195325    2.094395102   70.913144638    8.479787613   -6.488750590
    2.189594880    2.094395102   70.785433237  -10.311109881   -7.557234760
    2.379994435    2.094395102   66.914179978  -30.248702816   -9.364205168
    2.570393989    2.094395102   59.425121122  -47.691805590  -11.722745291
    2.760793544    2.094395102   49.125894962  -59.261719115  -14.186593752
    2.951193099    2.094395102   37.393929236  -62.461963911  -16.215340742

   -3.141592654    2.443460953   20.020606392  -58.381117098  -11.297626724
   -2.951193099    2.443460953   10.295898171  -42.801019159  -10.688202786
   -2.760793544    2.443460953    3.978047823  -23.442158486   -9.114125372
   -2.570393989    2.443460953    1.264221095   -5.838110048   -6.701274357
   -2.379994435    2.443460953    1.337708435    5.240968415   -3.624932113
   -2.189594880    2.443460953    2.719976402    7.919664860   -0.043204190
   -1.999195325    2.443460953    3.940740632    4.197373134    3.901879363
   -1.808795770    2.443460953    4.228752957   -0.910507450    8.009269736
   -1.618396215    2.443460953    3.862481349   -1.877246948   11.955382680
   -1.427996661    2.443460953    3.993379037    4.549156167   15.311282225
   -1.237597106    2.443460953    6.038547730   17.779297400   17.668477806
   -1.047197551    2.443460953   10.960904852   33.943020327   18.799076578
   -0.856797996    2.443460953   18.825427316   47.754005220   18.751361793
   -0.666398442    2.443460953   28.737437685   54.859030210   17.807286033
   -0.475998887    2.443460953   39.175185602   53.138684669   16.328377895
   -0.285599332    2.443460953   48.460195541   43.029390708   14.570847435
   -0.095199777    2.443460953   55.198491897   26.935094620   12.552562650
    0.095199777    2.443460953   58.581411001    8.480875661   10.071012425
    0.285599332    2.443460953   58.553983227   -8.160955783    6.844016206
    0.475998887    2.443460953   55.860269536  -18.949610580    2.774334961
    0.666398442    2.443460953   51.921491428  -20.932587906   -1.852089765
    0.856797996    2.443460953   48.512476107  -13.532291729   -6.341978867
    1.047197551    2.443460953   47.224504001    0.674301684   -9.842432661
    1.237597106    2.443460953   48.895692477   16.552051448  -11.724547403
    1.427996661    2.443460953   53.275824230   28.295150710  -11.872105562
    1.618396215    2.443460953   59.128764592   31.516169940  -10.734381188
    1.808795770    2.443460953   64.641477101   24.760160444   -9.094381860
    1.999195325    2.443460953   68.009851961    9.419601343   -7.738357940
    2.189594880    2.443460953   67.892740360  -11.193093829   -7.180752432
    2.379994435    2.443460953   63.675259534  -32.938596128   -7.550209481
    2.570393989    2.443460953   55.546015311  -51.585163628   -8.617896391
    2.760793544    2.443460953   44.464206249  -63.415626941   -9.929658565
    2.951193099    2.443460953   31.995910190  -65.880855691  -10.966814742

   -3.141592654    2.792526803   17.523104213  -58.071401503   -0.014673927
   -2.951193099    2.792526803    7.976379143  -41.245092712    1.487477336
   -2.760793544    2.792526803    2.075429400  -20.648180541    3.381517719
   -2.570393989    2.792526803    0.000000000   -1.958662521    5.573956603
   -2.379994435    2.792526803    0.902365818   10.043014872    8.017382848
   -2.189594880    2.792526803    3.277341381   13.526473669   10.759176204
   -1.999195325    2.792526803    5.631559006   10.458342764   13.882358472
   -1.808795770    2.792526803    7.149645595    5.669895408   17.346526919
   -1.618396215    2.792526803    8.020902438    4.417643603   20.853153541
   -1.427996661    2.792526803    9.261367351    9.775292043   23.849983722
   -1.237597106    2.792526803   12.141156821   21.224804674   25.713375654
   -1.047197551    2.792526803   17.516875719   35.235762521   26.010833154
   -0.856797996    2.792526803   25.425580487   46.968977877   24.681138330
   -0.666398442    2.792526803   35.020428617   52.386670276   22.029037454
   -0.475998887    2.792526803   44.861942750   49.404151875   18.544280032
   -0.285599332    2.792526803   53.333666458   38.220391637   14.657421863
   -0.095199777    2.792526803   59.045059465   20.917754269   10.556205220
    0.095199777    2.792526803   61.144385184    0.978149891    6.184065327
    0.285599332    2.792526803   59.542547180  -17.150233328    1.399642368
    0.475998887    2.792526803   55.041945942  -28.767210408   -3.744890106
    0.666398442    2.792526803   49.260420472  -30.184508517   -8.823136772
    0.856797996    2.792526803   44.278899836  -20.507575452  -13.069663478
    1.047197551    2.792526803   41.989086938   -2.715378976  -15.686124518
    1.237597106    2.792526803   43.387991203   17.043478292  -16.230394821
    1.427996661    2.792526803   48.169907691   31.806971450  -14.842740442
    1.618396215    2.792526803   54.854514313   36.458473023  -12.188136111
    1.808795770    2.792526803   61.310391059   29.485803335   -9.131877762
    1.999195325    2.792526803   65.460736604   12.781171332   -6.404932878
    2.189594880    2.792526803   65.813970398   -9.624041554   -4.391301602
    2.379994435    2.792526803   61.736685419  -32.953275323   -3.118594238
    2.570393989    2.792526803   53.500081557  -52.574407251   -2.361258937
    2.760793544    2.792526803   42.197730826  -64.614037557   -1.788542710
    2.951193099    2.792526803   29.539420290  -66.578304527   -1.080995322
