#! FIELDS phi psi file.free der_phi der_psi
#! SET min_phi -pi
#! SET max_phi pi
#! SET nbins_phi  33
#! SET periodic_phi true
#! SET min_psi -pi
#! SET max_psi pi
#! SET nbins_psi  18
#! SET periodic_psi true
   -3.141592654   -3.141592654   18.346001132  -54.512986949   15.996412382
   -2.951193099   -3.141592654    9.630646137  -36.344112840   18.435645607
   -2.760793544   -3.141592654    4.674597396  -15.893921333   20.200016724
   -2.570393989   -3.141592654    3.400009434    1.568229989   21.329059414
   -2.379994435   -3.141592654    4.844155779   12.268841767   22.085054965
   -2.189594880   -3.141592654    7.586373097   15.348441747   22.924944468
   -1.999195325   -3.141592654   10.352081453   13.141348740   24.326331402
   -1.808795770   -3.141592654   12.535905939   10.035769056   26.520453883
   -1.618396215   -3.141592654   14.394037521   10.283905724   29.284500995
   -1.427996661   -3.141592654   16.811453296   16.004646072   31.950894496
   -1.237597106   -3.141592654   20.792794298   26.294484212   33.654107517
   -1.047197551   -3.141592654   26.926414650   37.976523128   33.683812049
   -0.856797996   -3.141592654   35.100569860   47.006385595   31.736753025
   -0.666398442   -3.141592654   44.470220662   50.068573352   27.965442448
   -0.475998887   -3.141592654   53.692122508   45.285925469   22.822724055
   -0.285599332   -3.141592654   61.231144128   32.522440751   16.853872362
   -0.095199777   -3.141592654   65.687514522   13.342589614   10.520394296
    0.095199777   -3.141592654   66.128135808   -8.949514106    4.155043462
    0.285599332   -3.141592654   62.410077792  -29.387668869   -1.976132544
    0.475998887   -3.141592654   55.437481623  -42.236155601   -7.548595999
    0.666398442   -3.141592654   47.135985948  -42.785382794  -12.117669053
    0.856797996   -3.141592654   40.036841749  -29.758104230  -15.190841936
    1.047197551   -3.141592654   36.465072318   -6.706538218  -16.425837144
    1.237597106   -3.141592654   37.662280706   18.875480345  -15.822507294
    1.427996661   -3.141592654   43.276710490   38.411950643  -13.745491071
    1.618396215   -3.141592654   51.497794310   45.541098323  -10.771083192
    1.808795770   -3.141592654   59.699684078   38.274511746   -7.424142754
    1.999195325   -3.141592654   65.307483201   18.997029020   -4.017401278
    2.189594880   -3.141592654   66.506136332   -7.003770391   -0.632116659
    2.379994435   -3.141592654   62.616442805  -33.395872620    2.769524358
    2.570393989   -3.141592654   54.137501727  -54.335267335    6.225194647
    2.760793544   -3.141592654   42.544961783  -65.606885197    9.686414390
    2.951193099   -3.141592654   29.896293005  -65.372299966   13.010828433

   -3.141592654   -2.792526803   25.713921234  -49.998621948   23.841673900
   -2.951193099   -2.792526803   17.706847752  -33.462227155   26.189841163
   -2.760793544   -2.792526803   13.142743675  -14.627752898   27.530243948
   -2.570393989   -2.792526803   11.984940070    1.635406852   27.997519645
   -2.379994435   -2.792526803   13.392774894   11.989819109   27.959192004
   -2.189594880   -2.792526803   16.135192296   15.807571314   27.956696294
   -1.999195325   -2.792526803   19.132012120   15.210082814   28.507615971
   -1.808795770   -2.792526803   21.882145808   13.861978210   29.829303193
   -1.618396215   -2.792526803   24.577084618   15.033736400   31.643794647
   -1.427996661   -2.792526803   27.861510097   20.061100164   33.217451690
   -1.237597106   -2.792526803   32.402308161   27.850309176   33.643113687
   -1.047197551   -2.792526803   38.481128241   35.704734440   32.224630847
   -0.856797996   -2.792526803   45.818025058   40.516040897   28.739559961
   -0.666398442   -2.792526803   53.587325548   39.919647098   23.488532286
   -0.475998887   -2.792526803   60.622152444   32.713485500   17.112030894
   -0.285599332   -2.792526803   65.651677224   18.988262328   10.344956785
   -0.095199777   -2.792526803   67.545556431    0.164981676    3.797897526
    0.095199777   -2.792526803   65.591952782  -20.780292294   -2.124993776
    0.285599332   -2.792526803   59.806533621  -39.171938919   -7.182205777
    0.475998887   -2.792526803   51.209076543  -49.433841723  -11.186933966
    0.666398442   -2.792526803   41.818462651  -46.956118013  -13.934112412
    0.856797996   -2.792526803   34.232099734  -30.680398872  -15.234216671
    1.047197551   -2.792526803   30.781689318   -4.563832307  -15.019880770
    1.237597106   -2.792526803   32.627725960   23.426663754  -13.443208341
    1.427996661   -2.792526803   39.263337125   44.436764105  -10.848962597
    1.618396215   -2.792526803   48.701588221   52.194821339   -7.641482864
    1.808795770   -2.792526803   58.188067628   45.074532090   -4.109015122
    1.999195325   -2.792526803   65.094534704   25.849094420   -0.360650210
    2.189594880   -2.792526803   67.610531894   -0.006236040    3.624072188
    2.379994435   -2.792526803   65.071492379  -26.221447501    7.861073546
    2.570393989   -2.792526803   57.963245306  -47.169505442   12.263521644
    2.760793544   -2.792526803   47.705136824  -58.845695641   16.603661902
    2.951193099   -2.792526803   36.267850280  -59.507425734   20.568033537

   -3.141592654   -2.443460953   34.138897578  -45.273583620   22.565578412
   -2.951193099   -2.443460953   26.864138142  -30.528806541   24.531814487
   -2.760793544   -2.443460953   22.689218876  -13.436849684   25.571770931
   -2.570393989   -2.443460953   21.620977032    1.485955518   25.815322449
   -2.379994435   -2.443460953   22.931394459   11.265481477   25.560131325
   -2.189594880   -2.443460953   25.555247553   15.435077518   25.217994106
   -1.999195325   -2.443460953   28.572584686   15.866064377   25.153811609
   -1.808795770   -2.443460953   31.550497840   15.522080272   25.472968823
   -1.618396215   -2.443460953   34.591789920   16.799795205   25.892944131
   -1.427996661   -2.443460953   38.104583849   20.431428037   25.814850943
   -1.237597106   -2.443460953   42.460942367   25.353640765   24.574081987
   -1.047197551   -2.443460953   47.719547880   29.545786361   21.746891918
   -0.856797996   -2.443460953   53.544889290   30.936760455   17.329414300
   -0.666398442   -2.443460953   59.248637908   28.056924531   11.744447014
   -0.475998887   -2.443460953   63.931853028   20.163227138    5.655884313
   -0.285599332   -2.443460953   66.627135608    7.254427220   -0.248354324
   -0.095199777   -2.443460953   66.450722765   -9.712634414   -5.445300813
    0.095199777   -2.443460953   62.834522599  -28.325500029   -9.651732043
    0.285599332   -2.443460953   55.841129531  -44.325429849  -12.781205915
    0.475998887   -2.443460953   46.480127447  -52.316359875  -14.848389676
    0.666398442   -2.443460953   36.744653390  -47.709372160  -15.875796273
    0.856797996   -2.443460953   29.204811828  -29.452548527  -15.875449638
    1.047197551   -2.443460953   26.157122939   -1.598738768  -14.880974633
    1.237597106   -2.443460953   28.701491766   27.736862849  -12.998687363
    1.427996661   -2.443460953   36.249179372   49.638045854  -10.411601917
    1.618396215   -2.443460953   46.733714777   57.947227220   -7.329648561
    1.808795770   -2.443460953   57.356744095   51.255395022   -3.904290638
    1.999195325   -2.443460953   65.485429575   32.521155417   -0.206708859
    2.189594880   -2.443460953   69.325809736    7.224917899    3.743180904
    2.379994435   -2.443460953   68.211375193  -18.533252816    7.893512872
    2.570393989   -2.443460953   62.584239504  -39.389924066   12.105883715
    2.760793544   -2.443460953   53.774007837  -51.529298638   16.139986493
    2.951193099   -2.443460953   43.639390505  -53.247183921   19.712127988

   -3.141592654   -2.094395102   40.786836755  -41.057181662   14.201250780
   -2.951193099   -2.094395102   34.193324329  -27.629490270   15.488930397
   -2.760793544   -2.094395102   30.436469569  -11.945891146   16.205859392
   -2.570393989   -2.094395102   29.524561674    1.678696904   16.383298639
   -2.379994435   -2.094395102   30.776223285   10.535255962   16.109384133
   -2.189594880   -2.094395102   33.214690786   14.304213704   15.526073915
   -1.999195325   -2.094395102   36.010709791   14.705485978   14.763262152
   -1.808795770   -2.094395102   38.762190696   14.243138778   13.832894383
   -1.618396215   -2.094395102   41.503033613   14.788348669   12.575861777
   -1.427996661   -2.094395102   44.492368129   16.805874357   10.723680735
   -1.237597106   -2.094395102   47.946196186   19.442962184    8.044861761
   -1.047197551   -2.094395102   51.850189559   21.287200686    4.501164591
   -0.856797996   -2.094395102   55.928287132   21.023733172    0.303673351
   -0.666398442   -2.094395102   59.680085774   17.699254094   -4.124528265
   -0.475998887   -2.094395102   62.454516416   10.690309598   -8.299410481
   -0.285599332   -2.094395102   63.513206677   -0.321341485  -11.814018069
   -0.095199777   -2.094395102   62.115341510  -14.934559192  -14.441641590
    0.095199777   -2.094395102   57.725497046  -31.277854700  -16.162171880
    0.285599332   -2.094395102   50.353301287  -45.434984177  -17.094852416
    0.475998887   -2.094395102   40.915627638  -52.078040224  -17.412735184
    0.666398442   -2.094395102   31.322291903  -46.490040681  -17.243068892
    0.856797996   -2.094395102   24.092131101  -27.423742412  -16.629409090
    1.047197551   -2.094395102   21.504246973    1.211244190  -15.531717086
    1.237597106   -2.094395102   24.657283319   31.325802531  -13.885178029
    1.427996661   -2.094395102   32.960295024   53.967298724  -11.671009624
    1.618396215   -2.094395102   44.334509352   62.945598482   -8.954245881
    1.808795770   -2.094395102   55.966646835   56.834164398   -5.863741397
    1.999195325   -2.094395102   65.207027580   38.596206377   -2.559879125
    2.189594880   -2.094395102   70.243765894   13.680556444    0.810185384
    2.379994435   -2.094395102   70.381267131  -11.885503309    4.111537259
    2.570393989   -2.094395102   66.016679142  -32.840927623    7.219172551
    2.760793544   -2.094395102   58.417435751  -45.427338980   10.004780160
    2.951193099   -2.094395102   49.375312354  -47.938995007   12.358585290

   -3.141592654   -1.745329252   43.223765586  -39.211335504    5.967198786
   -2.951193099   -1.745329252   36.933294987  -26.306197260    6.469415712
   -2.760793544   -1.745329252   33.375290619  -11.197107962    6.710337460
   -2.570393989   -1.745329252   32.542714932    1.742653312    6.673372471
   -2.379994435   -1.745329252   33.733485465    9.813294142    6.304255506
   -2.189594880   -1.745329252   35.952449025   12.704126788    5.534016543
   -1.999195325   -1.745329252   38.349200826   12.081941105    4.287319346
   -1.808795770   -1.745329252   40.486092532   10.368893940    2.481851273
   -1.618396215   -1.745329252   42.352613425    9.456750261    0.061387711
   -1.427996661   -1.745329252   44.185774527   10.028166145   -2.936056415
   -1.237597106   -1.745329252   46.239982809   11.632716657   -6.333984134
   -1.047197551   -1.745329252   48.620453356   13.258443316   -9.824400515
   -0.856797996   -1.745329252   51.230507681   13.810549222  -13.050794511
   -0.666398442   -1.745329252   53.761221122   12.214964607  -15.689430928
   -0.475998887   -1.745329252   55.701537642    7.465303796  -17.541528265
   -0.285599332   -1.745329252   56.365026121   -1.278671260  -18.560269519
   -0.095199777   -1.745329252   54.967658024  -14.078437018  -18.844678558
    0.095199777   -1.745329252   50.857923033  -29.319693591  -18.610454477
    0.285599332   -1.745329252   43.903502130  -43.117743423  -18.106434928
    0.475998887   -1.745329252   34.894403445  -49.951734224  -17.545797284
    0.666398442   -1.745329252   25.667303174  -44.770975898  -17.020848546
    0.856797996   -1.745329252   18.735896291  -25.949346561  -16.476768741
    1.047197551   -1.745329252   16.439141676    2.877901134  -15.727051012
    1.237597106   -1.745329252   19.966967852   33.657832951  -14.541856122
    1.427996661   -1.745329252   28.803660367   57.249642624  -12.773121431
    1.618396215   -1.745329252   40.894192604   67.144158414  -10.433175297
    1.808795770   -1.745329252   53.390089375   61.628719007   -7.689890202
    1.999195325   -1.745329252   63.566636169   43.554168481   -4.806649033
    2.189594880   -1.745329252   69.531955974   18.409433118   -2.039170477
    2.379994435   -1.745329252   70.527103009   -7.644225587    0.416360730
    2.570393989   -1.745329252   66.913015604  -29.219908919    2.450317713
    2.760793544   -1.745329252   59.942303990  -42.448608869    4.026273970
    2.951193099   -1.745329252   51.410011488  -45.557157066    5.175873785

   -3.141592654   -1.396263402   42.002991179  -39.888956564    3.499512401
   -2.951193099   -1.396263402   35.579934746  -27.002555194    3.320408900
   -2.760793544   -1.396263402   31.897784405  -11.805982782    2.895843284
   -2.570393989   -1.396263402   30.954002236    1.155187407    2.236288277
   -2.379994435   -1.396263402   32.017644623    9.004361058    1.256149492
   -2.189594880   -1.396263402   34.029375501   11.254392558   -0.207619039
   -1.999195325   -1.396263402   36.047824958    9.475330943   -2.338845630
   -1.808795770   -1.396263402   37.544909486    6.213362642   -5.250582599
   -1.618396215   -1.396263402   38.470519547    3.779149218   -8.877623471
   -1.427996661   -1.396263402   39.121009803    3.432656960  -12.905066689
   -1.237597106   -1.396263402   39.915274151    5.200503538  -16.808571169
   -1.047197551   -1.396263402   41.182498467    8.179436653  -19.995903038
   -0.856797996   -1.396263402   43.029508937   10.983841666  -22.007702355
   -0.666398442   -1.396263402   45.266611132   11.956060422  -22.649380015
   -0.475998887   -1.396263402   47.384137487    9.495611506  -22.038795149
   -0.285599332   -1.396263402   48.596537045    2.314178547  -20.530949990
   -0.095199777   -1.396263402   47.958379515   -9.868936466  -18.585855872
    0.095199777   -1.396263402   44.635077210  -25.412878512  -16.645806523
    0.285599332   -1.396263402   38.336423939  -40.230335066  -15.012425881
    0.475998887   -1.396263402   29.748871013  -48.422203411  -13.812344528
    0.666398442   -1.396263402   20.690265396  -44.467766219  -12.988651951
    0.856797996   -1.396263402   13.744487962  -26.281956572  -12.357993059
    1.047197551   -1.396263402   11.392108055    2.763569290  -11.674791859
    1.237597106   -1.396263402   14.983502155   34.527859939  -10.713716643
    1.427996661   -1.396263402   24.114714506   59.474307783   -9.352396316
    1.618396215   -1.396263402   36.749831600   70.561772200   -7.595924129
    1.808795770   -1.396263402   49.965700555   65.643600091   -5.562827653
    1.999195325   -1.396263402   60.905922013   47.437548270   -3.435986335
    2.189594880   -1.396263402   67.548975945   21.557329831   -1.397483879
    2.379994435   -1.396263402   69.046536695   -5.546866360    0.395836649
    2.570393989   -1.396263402   65.728073307  -28.200215637    1.827014584
    2.760793544   -1.396263402   58.863510967  -42.307570187    2.820073210
    2.951193099   -1.396263402   50.298832368  -45.984831078    3.362281471

   -3.141592654   -1.047197551   39.988808924  -42.281899125    3.664434768
   -2.951193099   -1.047197551   33.105716879  -29.386000886    2.539976514
   -2.760793544   -1.047197551   28.997081569  -13.876783879    1.079900965
   -2.570393989   -1.047197551   27.692398874   -0.597062023   -0.596424228
   -2.379994435   -1.047197551   28.427653247    7.216157615   -2.494473546
   -2.189594880   -1.047197551   30.047129145    8.807840287   -4.756783460
   -1.999195325   -1.047197551   31.486740344    5.761923205   -7.583140147
   -1.808795770   -1.047197551   32.134477795    1.019375531  -11.068121939
   -1.618396215   -1.047197551   31.961920649   -2.421165394  -15.034363929
   -1.427996661   -1.047197551   31.422200331   -2.637784637  -18.971816941
   -1.237597106   -1.047197551   31.187276804    0.700166202  -22.163140267
   -1.047197551   -1.047197551   31.845395002    6.426426044  -23.941954339
   -0.856797996   -1.047197551   33.664979107   12.454172752  -23.961409091
   -0.666398442   -1.047197551   36.463973244   16.251942760  -22.320221274
   -0.475998887   -1.047197551   39.587036321   15.537492089  -19.511199812
   -0.285599332   -1.047197551   42.007056458    8.724155620  -16.226364478
   -0.095199777   -1.047197551   42.522001337   -4.361475448  -13.111549060
    0.095199777   -1.047197551   40.091625573  -21.635669693  -10.585842446
    0.285599332   -1.047197551   34.322475162  -38.439832574   -8.735798978
    0.475998887   -1.047197551   25.907112946  -48.307480681   -7.388945890
    0.666398442   -1.047197551   16.766085988  -45.311910670   -6.257388600
    0.856797996   -1.047197551    9.640610787  -27.190237765   -5.120361781
    1.047197551   -1.047197551    7.176507344    2.597016198   -3.912355990
    1.237597106   -1.047197551   10.849202608   35.570195288   -2.696235060
    1.427996661   -1.047197551   20.300995501   61.752359284   -1.577488282
    1.618396215   -1.047197551   33.460528092   73.694720082   -0.594971154
    1.808795770   -1.047197551   47.306576484   69.013684330    0.299000186
    1.999195325   -1.047197551   58.861530487   50.428087721    1.194727081
    2.189594880   -1.047197551   65.999510861   23.701758183    2.146599846
    2.379994435   -1.047197551   67.803115575   -4.502605190    3.106477453
    2.570393989   -1.047197551   64.572161520  -28.323907800    3.917845550
    2.760793544   -1.047197551   57.579804456  -43.492532382    4.370821911
    2.951193099   -1.047197551   48.708286919  -47.969598804    4.303094086

   -3.141592654   -0.698131701   39.787433120  -45.499522637    3.125875119
   -2.951193099   -0.698131701   32.241311360  -33.051673233    0.919401618
   -2.760793544   -0.698131701   27.425623816  -17.580081559   -1.659324919
   -2.570393989   -0.698131701   25.426752535   -4.192712580   -4.345208537
   -2.379994435   -0.698131701   25.473162438    3.509601532   -7.021358916
   -2.189594880   -0.698131701   26.339898443    4.524468956   -9.776977866
   -1.999195325   -0.698131701   26.876591328    0.529857542  -12.809521704
   -1.808795770   -0.698131701   26.442328980   -5.035502145  -16.191346758
   -1.618396215   -0.698131701   25.099472011   -8.461399004  -19.656521345
   -1.427996661   -0.698131701   23.517030701   -7.298719906  -22.570817963
   -1.237597106   -0.698131701   22.636753011   -1.218440947  -24.154509963
   -1.047197551   -0.698131701   23.256615849    7.992931168  -23.841235537
   -0.856797996   -0.698131701   25.696143490   17.271520034  -21.567747691
   -0.666398442   -0.698131701   29.636906086   23.175742170  -17.829021846
   -0.475998887   -0.698131701   34.151037671   22.939396514  -13.478848382
   -0.285599332   -0.698131701   37.900231500   15.064373158   -9.402237571
   -0.095199777   -0.698131701   39.439438689   -0.049139182   -6.189045617
    0.095199777   -0.698131701   37.621520294  -19.465739315   -3.972411512
    0.285599332   -0.698131701   32.107847664  -37.772739579   -2.436558802
    0.475998887   -0.698131701   23.758459595  -48.099747499   -1.059223043
    0.666398442   -0.698131701   14.691496326  -44.626110226    0.586036120
    0.856797996   -0.698131701    7.784057210  -25.585694821    2.583556854
    1.047197551   -0.698131701    5.707156646    4.978840471    4.648282269
    1.237597106   -0.698131701    9.868903160   38.210070386    6.328915967
    1.427996661   -0.698131701   19.806424753   64.137243468    7.272566346
    1.618396215   -0.698131701   33.373909674   75.574470203    7.433544288
    1.808795770   -0.698131701   47.531216557   70.425924785    7.057950934
    1.999195325   -0.698131701   59.323757896   51.536452588    6.529172373
    2.189594880   -0.698131701   66.650313986   24.570784157    6.151385885
    2.379994435   -0.698131701   68.586150419   -4.024882583    6.006765334
    2.570393989   -0.698131701   65.384218013  -28.556119269    5.928124459
    2.760793544   -0.698131701   58.254706844  -44.734645529    5.597747462
    2.951193099   -0.698131701   49.041583071  -50.309761366    4.713218972

   -3.141592654   -0.349065850   40.382375637  -49.878948256    2.514177246
   -2.951193099   -0.349065850   31.910945051  -38.291851694   -0.345440795
   -2.760793544   -0.349065850   26.059610798  -23.116416282   -3.488340187
   -2.570393989   -0.349065850   23.013333371   -9.615801353   -6.595096082
   -2.379994435   -0.349065850   22.044302798   -1.757085331   -9.498546663
   -2.189594880   -0.349065850   21.904066721   -0.834977600  -12.250287290
   -1.999195325   -0.349065850   21.395468649   -5.083582746  -15.003092682
   -1.808795770   -0.349065850   19.891303669  -10.540021815  -17.754861549
   -1.618396215   -0.349065850   17.588073440  -12.822680004  -20.154405653
   -1.427996661   -0.349065850   15.392803620   -9.145071427  -21.543742494
   -1.237597106   -0.349065850   14.488955478    0.494864258  -21.259511195
   -1.047197551   -0.349065850   15.791375299   13.375700805  -19.015205948
   -0.856797996   -0.349065850   19.533161756   25.313439822  -15.119353917
   -0.666398442   -0.349065850   25.119852356   32.090283629  -10.395623831
   -0.475998887   -0.349065850   31.261200306   30.821505176   -5.839396494
   -0.285599332   -0.349065850   36.300306153   20.583250749   -2.226908093
   -0.095199777   -0.349065850   38.631730448    2.780813969    0.185946562
    0.095199777   -0.349065850   37.149076323  -18.577497926    1.712816742
    0.285599332   -0.349065850   31.729642819  -37.413834137    3.060612801
    0.475998887   -0.349065850   23.514297188  -46.856060061    4.938019228
    0.666398442   -0.349065850   14.835195769  -41.768145333    7.667065094
    0.856797996   -0.349065850    8.613668103  -21.391610327   10.972914617
    1.047197551   -0.349065850    7.382509759    9.436378445   14.098457919
    1.237597106   -0.349065850   12.317430513   41.671699426   16.205788986
    1.427996661   -0.349065850   22.751995368   65.829731980   16.786424277
    1.618396215   -0.349065850   36.468541144   75.512459440   15.896915230
    1.808795770   -0.349065850   50.495309669   69.259412773   14.054340781
    1.999195325   -0.349065850   62.026955757   50.091132546   11.947592142
    2.189594880   -0.349065850   69.097480422   23.381396813   10.106848041
    2.379994435   -0.349065850   70.835975182   -4.950071390    8.721378128
    2.570393989   -0.349065850   67.450062667  -29.662152213    7.624456778
    2.760793544   -0.349065850   60.043296374  -46.635566836    6.442742201
    2.951193099   -0.349065850   50.355532377  -53.441437482    4.803826604

   -3.141592654    0.000000000   41.325570866  -54.659000516    1.722869135
   -2.951193099    0.000000000   31.867422844  -43.767362334   -0.925121454
   -2.760793544    0.000000000   24.951771129  -28.708977601   -3.697996772
   -2.570393989    0.000000000   20.869374270  -14.847187871   -6.366426988
   -2.379994435    0.000000000   18.952019973   -6.490181164   -8.816080508
   -2.189594880    0.000000000   17.947648827   -5.206610141  -11.084095530
   -1.999195325    0.000000000   16.634404276   -9.137152966  -13.235036095
   -1.808795770    0.000000000   14.418425250  -13.836415987  -15.146645800
   -1.618396215    0.000000000   11.633253097  -14.393760719  -16.402890616
   -1.427996661    0.000000000    9.390076381   -7.921846721  -16.425618993
   -1.237597106    0.000000000    9.031407449    5.003289365  -14.799348592
   -1.047197551    0.000000000   11.469816786   20.615712949  -11.580395436
   -0.856797996    0.000000000   16.733961430   33.747582249   -7.366329697
   -0.666398442    0.000000000   23.887597067   39.804209516   -3.076729003
   -0.475998887    0.000000000   31.302256961   36.290663764    0.456621154
   -0.285599332    0.000000000   37.118871242   23.289628461    2.827983364
   -0.095199777    0.000000000   39.747415709    3.387687197    4.224848360
    0.095199777    0.000000000   38.300738235  -18.504258367    5.316429725
    0.285599332    0.000000000   32.987662542  -36.101906050    6.940263004
    0.475998887    0.000000000   25.240605446  -43.148950791    9.678471555
    0.666398442    0.000000000   17.501496522  -35.739748854   13.524602053
    0.856797996    0.000000000   12.552712897  -14.378978260   17.810745037
    1.047197551    0.000000000   12.594711963   15.450499607   21.466306928
    1.237597106    0.000000000   18.439443976   44.998248376   23.512821474
    1.427996661    0.000000000   29.190608005   65.835049771   23.484943699
    1.618396215    0.000000000   42.628610674   72.762597708   21.597290434
    1.808795770    0.000000000   55.971423674   65.076504126   18.555568485
    1.999195325    0.000000000   66.680607253   45.832889902   15.204478941
    2.189594880    0.000000000   73.003681117   19.871174140   12.179525782
    2.379994435    0.000000000   74.156534095   -7.637851720    9.742959879
    2.570393989    0.000000000   70.300015496  -32.032523648    7.788145340
    2.760793544    0.000000000   62.414052830  -49.414260265    5.999679947
    2.951193099    0.000000000   52.112402739  -57.171930900    4.042042704

   -3.141592654    0.349065850   42.987129982  -58.268299922    1.639468869
   -2.951193099    0.349065850   32.785085784  -47.898892572    0.021254663
   -2.760793544    0.349065850   25.059077016  -33.010975721   -1.563679434
   -2.570393989    0.349065850   20.168161735  -18.991529698   -3.079622022
   -2.379994435    0.349065850   17.487796386  -10.347740893   -4.546116728
   -2.189594880    0.349065850   15.776545158   -8.764228677   -6.024132050
   -1.999195325    0.349065850   13.825395412  -12.217767870   -7.505736691
   -1.808795770    0.349065850   11.108937469  -15.884052664   -8.783566666
   -1.618396215    0.349065850    8.095933497  -14.598856007   -9.449679985
   -1.427996661    0.349065850    6.041918305   -5.670669360   -9.077758791
   -1.237597106    0.349065850    6.346058283    9.625358883   -7.491659166
   -1.047197551    0.349065850    9.820944076   26.662005821   -4.932720926
   -0.856797996    0.349065850   16.254786883   39.720597553   -1.989368093
   -0.666398442    0.349065850   24.425327037   44.329101184    0.672483347
   -0.475998887    0.349065850   32.504697257   38.715656531    2.647991846
   -0.285599332    0.349065850   38.606333764   24.002998506    3.972773705
   -0.095199777    0.349065850   41.304754950    3.671777059    5.120168822
    0.095199777    0.349065850   40.003681216  -16.987707360    6.789698149
    0.285599332    0.349065850   35.207019718  -32.043637434    9.577734726
    0.475998887    0.349065850   28.508129923  -36.262860571   13.655306126
    0.666398442    0.349065850   22.278656056  -27.051962833   18.581662615
    0.856797996    0.349065850   19.000485900   -5.919658666   23.383261651
    1.047197551    0.349065850   20.453232286   21.473290992   26.898781441
    1.237597106    0.349065850   27.087812987   47.130658310   28.260026199
    1.427996661    0.349065850   37.851032204   63.927995535   27.232335751
    1.618396215    0.349065850   50.617608412   67.869617181   24.260824372
    1.808795770    0.349065850   62.875339938   58.863093921   20.204272958
    1.999195325    0.349065850   72.401771811   39.836990387   15.966178938
    2.189594880    0.349065850   77.682481749   15.011990665   12.188368319
    2.379994435    0.349065850   78.036111733  -11.209179290    9.147586978
    2.570393989    0.349065850   73.591458469  -34.742695716    6.795946708
    2.760793544    0.349065850   65.216885212  -51.951090153    4.915053203
    2.951193099    0.349065850   54.399531582  -60.122645823    3.253715567

   -3.141592654    0.698131701   44.541173930  -59.920346887    0.366508704
   -2.951193099    0.698131701   34.014199800  -49.645266831    0.138122391
   -2.760793544    0.698131701   25.939849392  -34.914077343    0.046931381
   -2.570393989    0.698131701   20.668814247  -21.078464948   -0.067281442
   -2.379994435    0.698131701   17.570548485  -12.641577837   -0.345636966
   -2.189594880    0.698131701   15.407138289  -11.185421162   -0.873153132
   -1.999195325    0.698131701   13.005444949  -14.449177745   -1.615720585
   -1.808795770    0.698131701    9.925741777  -17.358346122   -2.379524161
   -1.618396215    0.698131701    6.751428517  -14.736706054   -2.869196863
   -1.427996661    0.698131701    4.821348112   -4.238028351   -2.841865201
   -1.237597106    0.698131701    5.524375467   12.269487546   -2.254030768
   -1.047197551    0.698131701    9.553444813   29.674208614   -1.293844438
   -0.856797996    0.698131701   16.520468897   42.171700312   -0.248742148
   -0.666398442    0.698131701   25.060489041   45.735740864    0.689108177
   -0.475998887    0.698131701   33.321218255   39.313928411    1.590272033
   -0.285599332    0.698131701   39.529457751   24.716717274    2.786585253
   -0.095199777    0.698131701   42.474037136    5.758826364    4.746356184
    0.095199777    0.698131701   41.790149024  -12.454571905    7.863422680
    0.285599332    0.698131701   38.127118129  -24.684956077   12.221891958
    0.475998887    0.698131701   33.055308662  -26.736204074   17.455167146
    0.666398442    0.698131701   28.720693133  -17.026607151   22.743362047
    0.856797996    0.698131701   27.225343892    2.401134045   27.022972409
    1.047197551    0.698131701   29.939490692   26.142194834   29.339904544
    1.237597106    0.698131701   37.030445262   47.213951585   29.205424415
    1.427996661    0.698131701   47.392708324   59.809187475   26.766734698
    1.618396215    0.698131701   59.082775449   60.973528379   22.699404046
    1.808795770    0.698131701   69.908098258   51.008256828   17.902643723
    1.999195325    0.698131701   77.974245907   32.554658607   13.189180455
    2.189594880    0.698131701   81.997688874    9.174019882    9.090804862
    2.379994435    0.698131701   81.395984022  -15.428821424    5.846541884
    2.570393989    0.698131701   76.280807139  -37.636928770    3.471680813
    2.760793544    0.698131701   67.441820673  -54.018115342    1.869691705
    2.951193099    0.698131701   56.271015587  -61.825990588    0.889162728

   -3.141592654    1.047197551   43.279568076  -60.037686843   -4.211404815
   -2.951193099    1.047197551   32.804561762  -49.023199096   -3.377825493
   -2.760793544    1.047197551   24.886083023  -33.956805731   -2.292018684
   -2.570393989    1.047197551   19.799953067  -20.141422869   -1.245716122
   -2.379994435    1.047197551   16.855237139  -11.990845653   -0.442461850
   -2.189594880    1.047197551   14.777390765  -10.937557683    0.020656167
   -1.999195325    1.047197551   12.388305174  -14.537804223    0.147986268
   -1.808795770    1.047197551    9.275653604  -17.574621571    0.021936062
   -1.618396215    1.047197551    6.064912930  -14.879822103   -0.244718436
   -1.427996661    1.047197551    4.120461181   -4.261419162   -0.563440136
   -1.237597106    1.047197551    4.821210867   12.221872124   -0.881713958
   -1.047197551    1.047197551    8.825115756   29.432700010   -1.145249954
   -0.856797996    1.047197551   15.728382889   41.776051352   -1.218885328
   -0.666398442    1.047197551   24.211219311   45.644272608   -0.858623187
   -0.475998887    1.047197551   32.546952004   40.348330815    0.263129953
   -0.285599332    1.047197551   39.135202563   27.813364989    2.449034644
   -0.095199777    1.047197551   42.921891557   11.578164507    5.849261876
    0.095199777    1.047197551   43.611091535   -3.919428205   10.360433602
    0.285599332    1.047197551   41.769631198  -14.302289149   15.548236407
    0.475998887    1.047197551   38.723439288  -16.172719618   20.682384018
    0.666398442    1.047197551   36.255010178   -8.333324711   24.864710489
    0.856797996    1.047197551   36.089328980    7.434889744   27.278430007
    1.047197551    1.047197551   39.331572179   26.599155038   27.451335860
    1.237597106    1.047197551   46.085105498   43.350200438   25.409236594
    1.427996661    1.047197551   55.390341341   52.826333941   21.651103506
    1.618396215    1.047197551   65.579707170   52.452424561   16.925391522
    1.808795770    1.047197551   74.751272765   42.348145984   11.960535065
    1.999195325    1.047197551   81.231779653   24.656970993    7.291738396
    2.189594880    1.047197551   83.861613607    2.475139032    3.227758401
    2.379994435    1.047197551   82.112005035  -20.775216743   -0.063920602
    2.570393989    1.047197551   76.112137768  -41.572910973   -2.480811191
    2.760793544    1.047197551   66.658082383  -56.543992115   -3.951417451
    2.951193099    1.047197551   55.132930703  -63.032440385   -4.485812299

   -3.141592654    1.396263402   38.983805347  -58.947789803  -10.996398324
   -2.951193099    1.396263402   28.866788431  -46.439923206   -9.841110384
   -2.760793544    1.396263402   21.528529031  -30.566937720   -8.208568318
   -2.570393989    1.396263402   17.109265597  -16.630273635   -6.398685364
   -2.379994435    1.396263402   14.798977427   -8.910072797   -4.598564413
   -2.189594880    1.396263402   13.236550305   -8.647351147   -2.902866612
   -1.999195325    1.396263402   11.192012919  -13.231309052   -1.379841002
   -1.808795770    1.396263402    8.228451175  -17.319779214   -0.125884011
   -1.618396215    1.396263402    4.967533910  -15.654140066    0.734518837
   -1.427996661    1.396263402    2.789545450   -5.909608682    1.107830958
   -1.237597106    1.396263402    3.122149011   10.069966378    1.032283872
   -1.047197551    1.396263402    6.720063970   27.443959550    0.738076030
   -0.856797996    1.396263402   13.331000234   40.852351416    0.640598077
   -0.666398442    1.396263402   21.816650558   46.744330959    1.218220713
   -0.475998887    1.396263402   30.614501355   44.182522463    2.865439394
   -0.285599332    1.396263402   38.213235662   34.560896762    5.759028851
   -0.095199777    1.396263402   43.526583550   20.724459913    9.780586971
    0.095199777    1.396263402   46.092814292    6.396881614   14.517862152
    0.285599332    1.396263402   46.192090099   -4.542845391   19.285472859
    0.475998887    1.396263402   44.803915024   -8.808866492   23.251857357
    0.666398442    1.396263402   43.391291527   -4.781442179   25.621481010
    0.856797996    1.396263402   43.488037107    6.648813364   25.882356620
    1.047197551    1.396263402   46.201520756   21.999088157   23.979978658
    1.237597106    1.396263402   51.818290322   36.268343948   20.319982162
    1.427996661    1.396263402   59.662138841   44.790915742   15.606329384
    1.618396215    1.396263402   68.326125700   44.593305287   10.555139772
    1.808795770    1.396263402   76.061394204   35.140046307    5.671418322
    1.999195325    1.396263402   81.231807524   18.071793900    1.197907094
    2.189594880    1.396263402   82.655694476   -3.613607044   -2.787931303
    2.379994435    1.396263402   79.799844867  -26.255891073   -6.209477320
    2.570393989    1.396263402   72.846472709  -46.006773450   -8.906421149
    2.760793544    1.396263402   62.691975369  -59.371697956  -10.665058054
    2.951193099    1.396263402   50.811831387  -63.881822486  -11.348600979

   -3.141592654    1.745329252   32.427548159  -57.844195606  -16.979299729
   -2.951193099    1.745329252   22.700830581  -43.532118534  -16.037537030
   -2.760793544    1.745329252   16.036926964  -26.510127704  -14.353222299
   -2.570393989    1.745329252   12.447487419  -12.070962344  -12.169839883
   -2.379994435    1.745329252   11.009974111   -4.377977873   -9.642975924
   -2.189594880    1.745329252   10.273909981   -4.566081818   -6.867079818
   -1.999195325    1.745329252    8.933355201   -9.984491674   -3.957701444
   -1.808795770    1.745329252    6.480560772  -15.256736381   -1.123388533
   -1.618396215    1.745329252    3.482789266  -14.972383219    1.351005778
   -1.427996661    1.745329252    1.313137176   -6.450418261    3.207618898
   -1.237597106    1.745329252    1.475476926    8.949668162    4.367566959
   -1.047197551    1.745329252    4.888345528   26.807731282    5.013525888
   -0.856797996    1.745329252   11.517121572   41.846543257    5.560726365
   -0.666398442    1.745329252   20.417772210   50.196703136    6.488259565
   -0.475998887    1.745329252   30.127681724   50.277063379    8.145894037
   -0.285599332    1.745329252   39.101216921   42.750143390   10.612121392
   -0.095199777    1.745329252   46.085287749   29.855343110   13.631251205
    0.095199777    1.745329252   50.358900224   14.927237160   16.668291307
    0.285599332    1.745329252   51.897478855    1.794956772   19.006976979
    0.475998887    1.745329252   51.402540678   -5.932126101   19.962390373
    0.666398442    1.745329252   50.156970808   -5.918521497   19.106595112
    0.856797996    1.745329252   49.676000051    1.866648463   16.465320688
    1.047197551    1.745329252   51.219191535   14.724905345   12.530424275
    1.237597106    1.745329252   55.333523724   28.000995265    8.059483037
    1.427996661    1.745329252   61.611468366   36.763039794    3.775435298
    1.618396215    1.745329252   68.821286080   37.376125192    0.082732550
    1.808795770    1.745329252   75.256871855   28.649668409   -3.017546317
    1.999195325    1.745329252   79.229149457   11.910528542   -5.789330502
    2.189594880    1.745329252   79.488000877   -9.694409165   -8.513560098
    2.379994435    1.745329252   75.492496704  -32.066282100  -11.263125465
    2.570393989    1.745329252   67.504595691  -50.927727877  -13.833088604
    2.760793544    1.745329252   56.557759882  -62.645937304  -15.843181936
    2.951193099    1.745329252   44.253861650  -64.989695355  -16.943969528

   -3.141592654    2.094395102   25.336117610  -57.639806478  -18.893952985
   -2.951193099    2.094395102   15.811873125  -41.669342877  -18.091780166
   -2.760793544    2.094395102    9.631156186  -23.375272717  -16.354613932
   -2.570393989    2.094395102    6.732555693   -7.999579107  -13.870799464
   -2.379994435    2.094395102    6.141986729    0.415867034  -10.801440685
   -2.189594880    2.094395102    6.373902318    0.768591977   -7.273746065
   -1.999195325    2.094395102    6.078114024   -4.417864189   -3.433161760
   -1.808795770    2.094395102    4.669841821   -9.947202462    0.488014379
   -1.618396215    2.094395102    2.615860818  -10.454185116    4.166560095
   -1.427996661    2.094395102    1.204867385   -3.027916663    7.270323819
   -1.237597106    2.094395102    1.923449675   11.418195942    9.602307103
   -1.047197551    2.094395102    5.760641034   28.911663582   11.196559802
   -0.856797996    2.094395102   12.816285814   44.343516296   12.307424338
   -0.666398442    2.094395102   22.278124161   53.646877100   13.263141273
   -0.475998887    2.094395102   32.745950509   54.747061295   14.288764214
   -0.285599332    2.094395102   42.631311912   47.712809504   15.381668425
   -0.095199777    2.094395102   50.529899923   34.300279617   16.271527971
    0.095199777    2.094395102   55.501089488   17.596294792   16.504463085
    0.285599332    2.094395102   57.287788802    1.581249181   15.576788737
    0.475998887    2.094395102   56.429658686   -9.560474054   13.167524036
    0.666398442    2.094395102   54.189229428  -12.595146086    9.331086415
    0.856797996    2.094395102   52.238110754   -6.623428921    4.584765754
    1.047197551    2.094395102   52.124498417    6.096754697   -0.237445273
    1.237597106    2.094395102   54.705114172   20.713683954   -4.312284646
    1.427996661    2.094395102   59.786725749   31.521893316   -7.154698793
    1.618396215    2.094395102   66.180441534   33.936343729   -8.799609950
    1.808795770    2.094395102   72.062917651   26.106789331   -9.716790082
    1.999195325    2.094395102   75.552393823    9.237633310  -10.538355505
    2.189594880    2.094395102   75.235659532  -13.110479940  -11.752247772
    2.379994435    2.094395102   70.517799939  -36.159557264  -13.499665677
    2.570393989    2.094395102   61.734377706  -55.036544811  -15.546607941
    2.760793544    2.094395102   50.074672834  -65.871469587  -17.424313853
    2.951193099    2.094395102   37.298959820  -66.624573070  -18.647063347

   -3.141592654    2.443460953   18.882172446  -58.147377881  -12.481334174
   -2.951193099    2.443460953    9.415944358  -40.553678755  -11.293785221
   -2.760793544    2.443460953    3.606015594  -20.621484210   -9.417594023
   -2.570393989    2.443460953    1.382202348   -3.690875722   -7.014249707
   -2.379994435    2.443460953    1.749832772    6.139055119   -4.202442760
   -2.189594880    2.443460953    3.188802410    7.667480390   -1.012993844
   -1.999195325    2.443460953    4.287486631    3.236909420    2.567593516
   -1.808795770    2.443460953    4.360297066   -2.166147779    6.479153934
   -1.618396215    2.443460953    3.742457879   -3.273191419   10.494857282
   -1.427996661    2.443460953    3.593373206    2.965448979   14.227753930
   -1.237597106    2.443460953    5.318949835   15.988002871   17.260169157
   -1.047197551    2.443460953    9.901641405   32.222714143   19.306660896
   -0.856797996    2.443460953   17.497950233   46.773014465   20.308167728
   -0.666398442    2.443460953   27.365032938   55.496161203   20.389794556
   -0.475998887    2.443460953   38.132074854   56.000205891   19.727220560
   -0.285599332    2.443460953   48.170600328   47.959971472   18.411106483
   -0.095199777    2.443460953   55.966615616   32.848309669   16.366956165
    0.095199777    2.443460953   60.439423234   13.701536433   13.400621562
    0.285599332    2.443460953   61.215469723   -5.161188713    9.327399345
    0.475998887    2.443460953   58.819558260  -18.854038400    4.192465242
    0.666398442    2.443460953   54.652891224  -23.264413727   -1.578533590
    0.856797996    2.443460953   50.679053693  -16.861357489   -7.186623812
    1.047197551    2.443460953   48.804227393   -1.894836638  -11.709154373
    1.237597106    2.443460953   50.173087280   16.077741941  -14.472055206
    1.427996661    2.443460953   54.697742532   30.210889914  -15.323813727
    1.618396215    2.443460953   61.078968604   34.885248842  -14.686369483
    1.808795770    2.443460953   67.233399998   27.760574368  -13.329941179
    1.999195325    2.443460953   70.988993003   10.198843274  -12.044432224
    2.189594880    2.443460953   70.721817698  -13.608179623  -11.357679537
    2.379994435    2.443460953   65.764060451  -38.112321442  -11.408662487
    2.570393989    2.443460953   56.514653098  -57.836543734  -11.973409056
    2.760793544    2.443460953   44.310775076  -68.632693235  -12.618649431
    2.951193099    2.443460953   31.079549162  -68.526734941  -12.892284020

   -3.141592654    2.792526803   16.229699263  -57.082969753    0.492818625
   -2.951193099    2.792526803    7.043332142  -38.697820881    2.288606941
   -2.760793544    2.792526803    1.660921622  -18.013218219    4.194310211
   -2.570393989    2.792526803    0.000000000   -0.398169577    6.136285664
   -2.379994435    2.792526803    1.060896573   10.137186068    8.145898357
   -2.189594880    2.792526803    3.338248502   12.496665007   10.396532670
   -1.999195325    2.792526803    5.445470953    9.002454268   13.122191019
   -1.808795770    2.792526803    6.698800205    4.419611626   16.430435816
   -1.618396215    2.792526803    7.379296869    3.670436005   20.131825157
   -1.427996661    2.792526803    8.528832159    9.524452234   23.716408240
   -1.237597106    2.792526803   11.402870891   21.370477574   26.519788011
   -1.047197551    2.792526803   16.848933489   35.836741998   27.982258210
   -0.856797996    2.792526803   24.939888388   48.329561021   27.841066898
   -0.666398442    2.792526803   34.901066355   54.921817691   26.155707481
   -0.475998887    2.792526803   45.354524996   53.271326069   23.181580930
   -0.285599332    2.792526803   54.661544461   42.979455174   19.202741270
   -0.095199777    2.792526803   61.283053875   25.477597364   14.410320346
    0.095199777    2.792526803   64.122985148    3.950648738    8.907305979
    0.285599332    2.792526803   62.848060334  -16.825984567    2.810427902
    0.475998887    2.792526803   58.133706193  -31.299786697   -3.574648887
    0.666398442    2.792526803   51.656405066  -34.765518798   -9.661688986
    0.856797996    2.792526803   45.729994407  -25.574031651  -14.655635207
    1.047197551    2.792526803   42.570186729   -6.535000514  -17.822391963
    1.237597106    2.792526803   43.468164173   15.719067718  -18.806749100
    1.427996661    2.792526803   48.265381377   33.210358089  -17.789722382
    1.618396215    2.792526803   55.411622893   39.643804101  -15.407621573
    1.808795770    2.792526803   62.506643422   32.651410360  -12.455387951
    1.999195325    2.792526803   67.108938102   14.078743161   -9.599490717
    2.189594880    2.792526803   67.441730098  -11.202254202   -7.206879228
    2.379994435    2.792526803   62.808410567  -37.041702006   -5.343618531
    2.570393989    2.792526803   53.673952989  -57.594666602   -3.860004480
    2.760793544    2.792526803   41.487503675  -68.590707885   -2.520885447
    2.951193099    2.792526803   28.290496365  -68.140964666   -1.111039416
