#! FIELDS phi psi file.free der_phi der_psi
#! SET min_phi -pi
#! SET max_phi pi
#! SET nbins_phi  33
#! SET periodic_phi true
#! SET min_psi -pi
#! SET max_psi pi
#! SET nbins_psi  18
#! SET periodic_psi true
   -3.141592654   -3.141592654   17.446190253  -52.991346581   17.547599381
   -2.951193099   -3.141592654    9.070516819  -34.412388099   19.888497600
   -2.760793544   -3.141592654    4.472661668  -14.178474884   21.415066146
   -2.570393989   -3.141592654    3.462746737    2.548448062   22.266117652
   -2.379994435   -3.141592654    5.003003784   12.270689637   22.794107550
   -2.189594880   -3.141592654    7.657115329   14.453463549   23.512674557
   -1.999195325   -3.141592654   10.194171400   11.695132667   24.924378176
   -1.808795770   -3.141592654   12.090988313    8.541239252   27.267486528
   -1.618396215   -3.141592654   13.700953324    9.234806273   30.313511979
   -1.427996661   -3.141592654   15.992344700   15.761858527   33.374137647
   -1.237597106   -3.141592654   20.021272941   27.035011740   35.534124485
   -1.047197551   -3.141592654   26.391652688   39.694602587   36.002883022
   -0.856797996   -3.141592654   34.974790235   49.531179729   34.375032592
   -0.666398442   -3.141592654   44.876917595   53.057849379   30.699246710
   -0.475998887   -3.141592654   54.673083938   48.217948730   25.355120859
   -0.285599332   -3.141592654   62.715777559   34.759773334   18.880003817
   -0.095199777   -3.141592654   67.483845466   14.283700782   11.815838326
    0.095199777   -3.141592654   67.950527708   -9.653788663    4.658572455
    0.285599332   -3.141592654   63.944198415  -31.674014934   -2.122460898
    0.475998887   -3.141592654   56.422620233  -45.620569587   -8.032088167
    0.666398442   -3.141592654   47.432899465  -46.501254647  -12.556859101
    0.856797996   -3.141592654   39.661695937  -32.983720333  -15.270396203
    1.047197551   -3.141592654   35.577687954   -8.789038174  -16.008008810
    1.237597106   -3.141592654   36.515405344   18.230957394  -14.983787024
    1.427996661   -3.141592654   42.135355289   39.034767496  -12.721291959
    1.618396215   -3.141592654   50.551880189   46.832460062   -9.833299880
    1.808795770   -3.141592654   59.000911719   39.436840385   -6.749148386
    1.999195325   -3.141592654   64.764361180   19.384817151   -3.607751998
    2.189594880   -3.141592654   65.944284234   -7.578846730   -0.326334373
    2.379994435   -3.141592654   61.877569123  -34.590750504    3.207940678
    2.570393989   -3.141592654   53.165627248  -55.472273353    6.988765305
    2.760793544   -3.141592654   41.417287142  -66.030106116   10.836215559
    2.951193099   -3.141592654   28.786593971  -64.756966123   14.456471358

   -3.141592654   -2.792526803   25.198892914  -48.891993546   25.808112300
   -2.951193099   -2.792526803   17.433245864  -32.118748628   27.825081533
   -2.760793544   -2.792526803   13.112907805  -13.495267000   28.759013000
   -2.570393989   -2.792526803   12.121789234    2.191510167   28.871529321
   -2.379994435   -2.792526803   13.567426394   11.812688076   28.623235561
   -2.189594880   -2.792526803   16.213732795   15.008238117   28.596184615
   -1.999195325   -2.792526803   19.026687668   14.138240301   29.305576396
   -1.808795770   -2.792526803   21.587125853   13.011413917   30.941798996
   -1.618396215   -2.792526803   24.179529605   14.861935478   33.179683624
   -1.427996661   -2.792526803   27.519708209   20.828285842   35.218923903
   -1.237597106   -2.792526803   32.299490766   29.556629316   36.060979798
   -1.047197551   -2.792526803   38.776428143   38.112726338   34.906796406
   -0.856797996   -2.792526803   46.608639397   43.223723718   31.442640619
   -0.666398442   -2.792526803   54.884000938   42.432382988   25.915657619
   -0.475998887   -2.792526803   62.337734619   34.503263957   18.974193438
   -0.285599332   -2.792526803   67.602677236   19.595304130   11.434482629
   -0.095199777   -2.792526803   69.477832518   -0.666088159    4.055934547
    0.095199777   -2.792526803   67.233316679  -22.969223075   -2.570703668
    0.285599332   -2.792526803   60.935437043  -42.278575038   -8.030400332
    0.475998887   -2.792526803   51.712939874  -52.787967202  -12.038697958
    0.666398442   -2.792526803   41.716551050  -49.872950583  -14.410710362
    0.856797996   -2.792526803   33.659313226  -32.659990356  -15.097177505
    1.047197551   -2.792526803   29.941869647   -5.388472876  -14.241521279
    1.237597106   -2.792526803   31.737833010   23.677231823  -12.194690014
    1.427996661   -2.792526803   38.498973654   45.419585926   -9.408184801
    1.618396215   -2.792526803   48.154372873   53.387832290   -6.261820309
    1.808795770   -2.792526803   57.845041124   45.935733654   -2.908604417
    1.999195325   -2.792526803   64.853715705   26.019932264    0.715469935
    2.189594880   -2.792526803   67.332584554   -0.544418068    4.754402678
    2.379994435   -2.792526803   64.647895245  -27.144368052    9.238549162
    2.570393989   -2.792526803   57.368089719  -47.971758786   13.984490689
    2.760793544   -2.792526803   47.006575310  -59.088873920   18.611841936
    2.951193099   -2.792526803   35.594611761  -59.008669889   22.674650111

   -3.141592654   -2.443460953   34.064183952  -44.765437350   23.572281119
   -2.951193099   -2.443460953   26.902064921  -29.901054559   25.209453378
   -2.760793544   -2.443460953   22.841267575  -12.914260353   25.931968596
   -2.570393989   -2.443460953   21.847737524    1.708508055   25.972729564
   -2.379994435   -2.443460953   23.165096413   11.102381770   25.686859892
   -2.189594880   -2.443460953   25.728030513   14.982659018   25.490859338
   -1.999195325   -2.443460953   28.654377984   15.409874882   25.716298062
   -1.808795770   -2.443460953   31.578033310   15.459901493   26.415964330
   -1.618396215   -2.443460953   34.673364547   17.461296055   27.238352790
   -1.427996661   -2.443460953   38.391437486   21.905347380   27.502750648
   -1.237597106   -2.443460953   43.093656959   27.444226107   26.454751224
   -1.047197551   -2.443460953   48.778541975   31.843511424   23.595077636
   -0.856797996   -2.443460953   55.023091578   32.950862272   18.885071207
   -0.666398442   -2.443460953   61.047861463   29.337850190   12.770571883
   -0.475998887   -2.443460953   65.878348488   20.373571021    5.998621494
   -0.285599332   -2.443460953   68.498855449    6.240562093   -0.613831963
   -0.095199777   -2.443460953   68.019530633  -11.848805961   -6.395461873
    0.095199777   -2.443460953   63.919559146  -31.191127980  -10.930255439
    0.285599332   -2.443460953   56.359734933  -47.311212718  -14.051079412
    0.475998887   -2.443460953   46.471161288  -54.793538739  -15.777573070
    0.666398442   -2.443460953   36.350005898  -49.248732759  -16.229132489
    0.856797996   -2.443460953   28.618739921  -29.943119535  -15.583530174
    1.047197551   -2.443460953   25.566393429   -1.211865934  -14.052658713
    1.237597106   -2.443460953   28.243330084   28.672458969  -11.869108396
    1.427996661   -2.443460953   35.992721211   50.752826201   -9.243819019
    1.618396215   -2.443460953   46.680159935   58.903943441   -6.311564796
    1.808795770   -2.443460953   57.450498757   51.805759425   -3.084519605
    1.999195325   -2.443460953   65.636468762   32.563096337    0.502686384
    2.189594880   -2.443460953   69.442001344    6.838697185    4.501057332
    2.379994435   -2.443460953   68.231876478  -19.115049280    8.834465171
    2.570393989   -2.443460953   62.499513139  -39.879598784   13.262563387
    2.760793544   -2.443460953   53.624660678  -51.709716169   17.421695364
    2.951193099   -2.443460953   43.493669584  -53.043867687   20.944900696

   -3.141592654   -2.094395102   40.770788132  -41.047427235   13.926012168
   -2.951193099   -2.094395102   34.193689815  -27.481233941   14.995133415
   -2.760793544   -2.094395102   30.475547150  -11.710391525   15.564437261
   -2.570393989   -2.094395102   29.610734796    1.908689890   15.722298764
   -2.379994435   -2.094395102   30.899988518   10.681426619   15.570936050
   -2.189594880   -2.094395102   33.360512185   14.398108368   15.226083300
   -1.999195325   -2.094395102   36.184040902   14.928800813   14.766586164
   -1.808795770   -2.094395102   39.013187244   14.863646883   14.143950674
   -1.618396215   -2.094395102   41.926378838   15.983739949   13.131464177
   -1.427996661   -2.094395102   45.195308405   18.500327747   11.392001045
   -1.237597106   -2.094395102   48.995833313   21.305132403    8.636520328
   -1.047197551   -2.094395102   53.234981931   22.858898813    4.803949274
   -0.856797996   -2.094395102   57.551859850   21.892716026    0.136465171
   -0.666398442   -2.094395102   61.382436663   17.621902403   -4.856867030
   -0.475998887   -2.094395102   64.047600113    9.613033558   -9.570425564
   -0.285599332   -2.094395102   64.815966227   -2.268092414  -13.472134734
   -0.095199777   -2.094395102   62.989007660  -17.437229739  -16.240117150
    0.095199777   -2.094395102   58.107222872  -33.860436519  -17.814452520
    0.285599332   -2.094395102   50.279988019  -47.559537422  -18.341028503
    0.475998887   -2.094395102   40.517810995  -53.328182861  -18.085306346
    0.666398442   -2.094395102   30.783502085  -46.739202079  -17.308163477
    0.856797996   -2.094395102   23.589096278  -26.862610850  -16.193058266
    1.047197551   -2.094395102   21.156326951    2.203564325  -14.801966744
    1.237597106   -2.094395102   24.509311768   32.372031575  -13.103398776
    1.427996661   -2.094395102   32.996053672   54.814461760  -11.036016836
    1.618396215   -2.094395102   44.503666559   63.480528210   -8.567665140
    1.808795770   -2.094395102   56.207330529   57.043144963   -5.715250200
    1.999195325   -2.094395102   65.460443816   38.523452691   -2.556121929
    2.189594880   -2.094395102   70.463586113   13.409501929    0.786649164
    2.379994435   -2.094395102   70.540108157  -12.248971276    4.139249398
    2.570393989   -2.094395102   66.107293742  -33.192049002    7.299074749
    2.760793544   -2.094395102   58.450100492  -45.692809636   10.063830151
    2.951193099   -2.094395102   49.370499168  -48.075813030   12.290930957

   -3.141592654   -1.745329252   42.891337686  -39.409114322    4.888275063
   -2.951193099   -1.745329252   36.584154746  -26.283676788    5.345326282
   -2.760793544   -1.745329252   33.054397862  -10.937223264    5.634182233
   -2.570393989   -1.745329252   32.290099078    2.171660982    5.740557793
   -2.379994435   -1.745329252   33.571244524   10.307740699    5.582311740
   -2.189594880   -1.745329252   35.888058807   13.231959924    5.044106592
   -1.999195325   -1.745329252   38.396070348   12.733905819    3.999319868
   -1.808795770   -1.745329252   40.682561522   11.295143598    2.319091691
   -1.618396215   -1.745329252   42.757379114   10.701935452   -0.093410264
   -1.427996661   -1.745329252   44.845672055   11.400159364   -3.228922478
   -1.237597106   -1.745329252   47.145446182   12.756472099   -6.915205454
   -1.047197551   -1.745329252   49.686099167   13.755455762  -10.809496786
   -0.856797996   -1.745329252   52.314261051   13.480460118  -14.477129457
   -0.666398442   -1.745329252   54.707001940   11.110017215  -17.487082396
   -0.475998887   -1.745329252   56.382216137    5.819595790  -19.533814890
   -0.285599332   -1.745329252   56.706424461   -3.153384505  -20.497550044
   -0.095199777   -1.745329252   54.957448981  -15.850802971  -20.463303719
    0.095199777   -1.745329252   50.546690148  -30.663658548  -19.700247176
    0.285599332   -1.745329252   43.400619297  -43.767097631  -18.565619968
    0.475998887   -1.745329252   34.345327932  -49.804562466  -17.409588997
    0.666398442   -1.745329252   25.213305274  -43.975676876  -16.448524815
    0.856797996   -1.745329252   18.468946465  -24.857983427  -15.704507553
    1.047197551   -1.745329252   16.376853278    3.870805419  -14.998937087
    1.237597106   -1.745329252   20.062751789   34.292664043  -14.045697667
    1.427996661   -1.745329252   28.981071473   57.471111983  -12.602310864
    1.618396215   -1.745329252   41.082286147   67.044922082  -10.584881816
    1.808795770   -1.745329252   53.541094270   61.346198536   -8.093761119
    1.999195325   -1.745329252   63.656025617   43.191981131   -5.368477198
    2.189594880   -1.745329252   69.549876022   18.017363452   -2.683157857
    2.379994435   -1.745329252   70.470186594   -8.050978268   -0.277524847
    2.570393989   -1.745329252   66.779255718  -29.632867471    1.694316713
    2.760793544   -1.745329252   59.732088559  -42.849998404    3.173695532
    2.951193099   -1.745329252   51.129285178  -45.897116591    4.202989587

   -3.141592654   -1.396263402   41.100560545  -39.889771042    2.714169472
   -2.951193099   -1.396263402   34.709722108  -26.663241242    2.555700653
   -2.760793544   -1.396263402   31.126163555  -11.130449411    2.249008202
   -2.570393989   -1.396263402   30.335281698    2.046220919    1.770280238
   -2.379994435   -1.396263402   31.576211797    9.936946983    0.981250602
   -2.189594880   -1.396263402   33.760985335   12.120376516   -0.334253363
   -1.999195325   -1.396263402   35.939445855   10.287868866   -2.401374827
   -1.808795770   -1.396263402   37.593625819    7.045810688   -5.358180020
   -1.618396215   -1.396263402   38.680614446    4.617709814   -9.149320677
   -1.427996661   -1.396263402   39.478399463    4.083954429  -13.452531989
   -1.237597106   -1.396263402   40.357689652    5.382245483  -17.711000322
   -1.047197551   -1.396263402   41.599639019    7.710103401  -21.270849839
   -0.856797996   -1.396263402   43.299089228    9.924322850  -23.587008104
   -0.666398442   -1.396263402   45.302152886   10.605486100  -24.372143911
   -0.475998887   -1.396263402   47.166628791    8.234045915  -23.671288221
   -0.285599332   -1.396263402   48.173027790    1.438863753  -21.813617837
   -0.095199777   -1.396263402   47.418940743  -10.207345131  -19.297824111
    0.095199777   -1.396263402   44.085483411  -25.192268923  -16.668409679
    0.285599332   -1.396263402   37.877832741  -39.532543376  -14.367419697
    0.475998887   -1.396263402   29.455533847  -47.440149939  -12.659608975
    0.666398442   -1.396263402   20.588129577  -43.508824657  -11.578541756
    0.856797996   -1.396263402   13.797135272  -25.673456073  -10.957968277
    1.047197551   -1.396263402   11.510002854    2.817011450  -10.496389795
    1.237597106   -1.396263402   15.059160385   34.046298063   -9.868068813
    1.427996661   -1.396263402   24.064516668   58.669569706   -8.846109380
    1.618396215   -1.396263402   36.538344627   69.697266818   -7.362787552
    1.808795770   -1.396263402   49.600965852   64.901540329   -5.512498507
    1.999195325   -1.396263402   60.417192368   46.863411507   -3.498077751
    2.189594880   -1.396263402   66.963850448   21.097705418   -1.546576187
    2.379994435   -1.396263402   68.380129096   -5.965341931    0.141731103
    2.570393989   -1.396263402   64.984193311  -28.609625180    1.430577750
    2.760793544   -1.396263402   58.045594232  -42.680195229    2.258636301
    2.951193099   -1.396263402   49.421090534  -46.231891446    2.655093783

   -3.141592654   -1.047197551   38.744576263  -42.196857218    3.753483769
   -2.951193099   -1.047197551   31.923896115  -28.822594130    2.623226254
   -2.760793544   -1.047197551   27.964827227  -12.904464319    1.247702337
   -2.570393989   -1.047197551   26.869264925    0.571521970   -0.298961789
   -2.379994435   -1.047197551   27.825560520    8.317352573   -2.082438618
   -2.189594880   -1.047197551   29.634185561    9.664949369   -4.296159070
   -1.999195325   -1.047197551   31.211809020    6.348514756   -7.167974919
   -1.808795770   -1.047197551   31.952014171    1.401465126  -10.796694041
   -1.618396215   -1.047197551   31.836295607   -2.220159361  -14.989109245
   -1.427996661   -1.047197551   31.311899999   -2.714441252  -19.204120978
   -1.237597106   -1.047197551   31.026621016    0.216888400  -22.676345075
   -1.047197551   -1.047197551   31.553383467    5.537887370  -24.679431436
   -0.856797996   -1.047197551   33.182483368   11.385454659  -24.803657980
   -0.666398442   -1.047197551   35.792917438   15.394991654  -23.095096872
   -0.475998887   -1.047197551   38.804595799   15.257673728  -20.021200712
   -0.285599332   -1.047197551   41.242084582    9.182902365  -16.291781742
   -0.095199777   -1.047197551   41.910404108   -3.250991539  -12.620835912
    0.095199777   -1.047197551   39.733882416  -20.139164928   -9.538341795
    0.285599332   -1.047197551   34.260852479  -36.900360476   -7.256711536
    0.475998887   -1.047197551   26.116310270  -47.070504172   -5.703925139
    0.666398442   -1.047197551   17.158363996  -44.677678470   -4.630083227
    0.856797996   -1.047197551   10.082600015  -27.323862267   -3.774826001
    1.047197551   -1.047197551    7.522508509    1.742375134   -2.968720563
    1.237597106   -1.047197551   10.984355425   34.260051239   -2.144575721
    1.427996661   -1.047197551   20.173678711   60.355693103   -1.297727595
    1.618396215   -1.047197551   33.085552335   72.508417780   -0.413601477
    1.808795770   -1.047197551   46.737827322   68.148637045    0.538622377
    1.999195325   -1.047197551   58.154785168   49.808639948    1.576926067
    2.189594880   -1.047197551   65.186278426   23.168120928    2.661159220
    2.379994435   -1.047197551   66.887460829   -5.069411364    3.667867318
    2.570393989   -1.047197551   63.545096333  -28.930311293    4.414750852
    2.760793544   -1.047197551   56.442101118  -44.036130112    4.721954194
    2.951193099   -1.047197551   47.487062451  -48.281609339    4.494806294

   -3.141592654   -0.698131701   38.478557781  -45.546369285    3.688556337
   -2.951193099   -0.698131701   30.990478586  -32.409029013    1.381720844
   -2.760793544   -0.698131701   26.353874916  -16.397718337   -1.195735136
   -2.570393989   -0.698131701   24.606092186   -2.817453517   -3.835399761
   -2.379994435   -0.698131701   24.902275092    4.688181586   -6.488691668
   -2.189594880   -0.698131701   25.954460451    5.259612241   -9.293796060
   -1.999195325   -0.698131701   26.586537505    0.797064547  -12.462234669
   -1.808795770   -0.698131701   26.169805815   -5.104170874  -16.046506511
   -1.618396215   -0.698131701   24.793792020   -8.735250247  -19.735925002
   -1.427996661   -0.698131701   23.144109726   -7.746082450  -22.840264228
   -1.237597106   -0.698131701   22.162204070   -1.851794039  -24.522943003
   -1.047197551   -0.698131701   22.649858655    7.253597876  -24.177400452
   -0.856797996   -0.698131701   24.958275084   16.675393205  -21.728196062
   -0.666398442   -0.698131701   28.828631409   23.075737567  -17.687537823
   -0.475998887   -0.698131701   33.395074596   23.600954160  -12.951036045
   -0.285599332   -0.698131701   37.346712846   16.496318841   -8.462515765
   -0.095199777   -0.698131701   39.212825380    1.878665179   -4.880240610
    0.095199777   -0.698131701   37.774727568  -17.491388992   -2.408337591
    0.285599332   -0.698131701   32.605179579  -36.219439699   -0.791223662
    0.475998887   -0.698131701   24.483032643  -47.325022215    0.465178154
    0.666398442   -0.698131701   15.474510119  -44.808432843    1.808611232
    0.856797996   -0.698131701    8.445019541  -26.664698917    3.399713728
    1.047197551   -0.698131701    6.100567111    3.307592242    5.068748749
    1.237597106   -0.698131701    9.925257463   36.415844394    6.484232033
    1.427996661   -0.698131701   19.547663047   62.673466878    7.376323893
    1.618396215   -0.698131701   32.891082241   74.681698418    7.712842306
    1.808795770   -0.698131701   46.931996076   70.045550056    7.674865515
    1.999195325   -0.698131701   58.679686813   51.374928374    7.524546494
    2.189594880   -0.698131701   65.969159218   24.285269703    7.433356730
    2.379994435   -0.698131701   67.822212349   -4.634644333    7.391643885
    2.570393989   -0.698131701   64.475411111  -29.451748522    7.216012588
    2.760793544   -0.698131701   57.167514314  -45.670219639    6.648087223
    2.951193099   -0.698131701   47.800223722  -50.944681836    5.488991357

   -3.141592654   -0.349065850   39.184416926  -50.336048669    3.118162849
   -2.951193099   -0.349065850   30.715554337  -37.825986798    0.032158981
   -2.760793544   -0.349065850   25.027029744  -21.949240840   -3.191349686
   -2.570393989   -0.349065850   22.233665432   -8.231236056   -6.299598967
   -2.379994435   -0.349065850   21.508112955   -0.671312341   -9.206712803
   -2.189594880   -0.349065850   21.520606998   -0.352724533  -12.020460031
   -1.999195325   -0.349065850   21.045703763   -5.197918265  -14.903711184
   -1.808795770   -0.349065850   19.482091407  -11.010827126  -17.819730756
   -1.618396215   -0.349065850   17.078760035  -13.372143495  -20.353544833
   -1.427996661   -0.349065850   14.787188157   -9.601044051  -21.779391354
   -1.237597106   -0.349065850   13.812168038    0.196585855  -21.384620509
   -1.047197551   -0.349065850   15.078210710   13.295051460  -18.877199328
   -0.856797996   -0.349065850   18.836816494   25.586225788  -14.610949685
   -0.666398442   -0.349065850   24.524957304   32.896114819   -9.489848249
   -0.475998887   -0.349065850   30.880028156   32.245025575   -4.596817021
   -0.285599332   -0.349065850   36.241125418   22.490062155   -0.775609532
   -0.095199777   -0.349065850   38.955266060    4.811250806    1.684097412
    0.095199777   -0.349065850   37.834569886  -16.892008000    3.092588913
    0.285599332   -0.349065850   32.670254941  -36.492633989    4.174850279
    0.475998887   -0.349065850   24.537731808  -46.942471430    5.678035323
    0.666398442   -0.349065850   15.744630138  -42.869328196    7.985202456
    0.856797996   -0.349065850    9.236463582  -23.247927428   10.908357574
    1.047197551   -0.349065850    7.618421670    7.315244324   13.791757187
    1.237597106   -0.349065850   12.172195142   39.876300392   15.886214121
    1.427996661   -0.349065850   22.336167952   64.826657771   16.724257534
    1.618396215   -0.349065850   35.952281686   75.428984469   16.327749304
    1.808795770   -0.349065850   50.032917624   69.816420229   15.100271481
    1.999195325   -0.349065850   61.689201928   50.729976936   13.567798917
    2.189594880   -0.349065850   68.843697266   23.539235000   12.101780799
    2.379994435   -0.349065850   70.540802956   -5.569555683   10.795376660
    2.570393989   -0.349065850   66.968443810  -30.961163154    9.484506783
    2.760793544   -0.349065850   59.283003237  -48.183629414    7.891044949
    2.951193099   -0.349065850   49.322650871  -54.672067020    5.788606058

   -3.141592654    0.000000000   40.301956494  -55.777533172    2.014316178
   -2.951193099    0.000000000   30.749177579  -43.664225469   -0.933625549
   -2.760793544    0.000000000   23.951110258  -27.676039343   -3.814790097
   -2.570393989    0.000000000   20.106608560  -13.512542841   -6.476174377
   -2.379994435    0.000000000   18.420349566   -5.502114516   -8.898445727
   -2.189594880    0.000000000   17.540293878   -4.925370946  -11.186327705
   -1.999195325    0.000000000   16.215008108   -9.513846435  -13.419213531
   -1.808795770    0.000000000   13.892625290  -14.511613025  -15.436511126
   -1.618396215    0.000000000   10.985793503  -14.940861827  -16.749594886
   -1.427996661    0.000000000    8.676109345   -8.052355476  -16.707408560
   -1.237597106    0.000000000    8.341213759    5.370755679  -14.853281819
   -1.047197551    0.000000000   10.894652542   21.429254966  -11.263927789
   -0.856797996    0.000000000   16.351115334   34.926918789   -6.619896096
   -0.666398442    0.000000000   23.759802107   41.278057084   -1.955333515
   -0.475998887    0.000000000   31.476468412   37.950947964    1.796908624
   -0.285599332    0.000000000   37.612616145   24.934398201    4.180449509
   -0.095199777    0.000000000   40.530766205    4.721999963    5.392719380
    0.095199777    0.000000000   39.284310412  -17.791972372    6.154707712
    0.285599332    0.000000000   34.029821363  -36.239387219    7.369603814
    0.475998887    0.000000000   26.170640333  -44.197013041    9.684991449
    0.666398442    0.000000000   18.156515192  -37.547464133   13.159240351
    0.856797996    0.000000000   12.821185691  -16.560306703   17.197071016
    1.047197551    0.000000000   12.458220283   13.474174762   20.804136626
    1.237597106    0.000000000   17.996800400   43.843326113   23.059949312
    1.427996661    0.000000000   28.641901842   65.899855381   23.507076752
    1.618396215    0.000000000   42.210028689   73.995977550   22.293501656
    1.808795770    0.000000000   55.859985796   66.929735654   19.985788502
    1.999195325    0.000000000   66.915003703   47.453678022   17.250365401
    2.189594880    0.000000000   73.460469085   20.474531961   14.562102149
    2.379994435    0.000000000   74.598559646   -8.418779179   12.098729691
    2.570393989    0.000000000   70.474264352  -33.992695627    9.778741540
    2.760793544    0.000000000   62.154888080  -51.879973034    7.410789479
    2.951193099    0.000000000   51.404116127  -59.296037710    4.834441389

   -3.141592654    0.349065850   42.088014367  -60.281142230    1.755500788
   -2.951193099    0.349065850   31.659578159  -48.288990563   -0.116499473
   -2.760793544    0.349065850   23.990109787  -32.150443116   -1.763612948
   -2.570393989    0.349065850   19.322088523  -17.670753372   -3.227773399
   -2.379994435    0.349065850   16.872812042   -9.364912112   -4.618081259
   -2.189594880    0.349065850   15.279304750   -8.548201313   -6.057672502
   -1.999195325    0.349065850   13.299681818  -12.685571985   -7.553094103
   -1.808795770    0.349065850   10.465094171  -16.566053899   -8.866388420
   -1.618396215    0.349065850    7.347480032  -14.940232757   -9.532712717
   -1.427996661    0.349065850    5.292868177   -5.308257878   -9.074029300
   -1.237597106    0.349065850    5.739437639   10.728647886   -7.295693589
   -1.047197551    0.349065850    9.479756110   28.279500063   -4.474521081
   -0.856797996    0.349065850   16.245998029   41.523156755   -1.280135442
   -0.666398442    0.349065850   24.754415157   46.020635334    1.531013119
   -0.475998887    0.349065850   33.129297869   40.087008504    3.496146096
   -0.285599332    0.349065850   39.451181058   24.917110632    4.650072017
   -0.095199777    0.349065850   42.272712464    4.025610882    5.516307905
    0.095199777    0.349065850   40.980231580  -17.270852775    6.865093265
    0.285599332    0.349065850   36.067543015  -32.991997966    9.353738895
    0.475998887    0.349065850   29.130690361  -37.806600991   13.196780443
    0.666398442    0.349065850   22.568043564  -28.967027079   17.987765387
    0.856797996    0.349065850   18.922953026   -7.783906111   22.792616373
    1.047197551    0.349065850   20.072429780   20.245684494   26.492184989
    1.237597106    0.349065850   26.581696198   47.114490996   28.242671000
    1.427996661    0.349065850   37.483952919   65.402329638   27.788841402
    1.618396215    0.349065850   50.658788259   70.576002985   25.493666061
    1.808795770    0.349065850   63.488614732   61.980577773   22.081552718
    1.999195325    0.349065850   73.559820456   42.242489934   18.303778797
    2.189594880    0.349065850   79.151213377   15.738291028   14.682705658
    2.379994435    0.349065850   79.447245521  -12.550990116   11.453650070
    2.570393989    0.349065850   74.574287992  -37.788403550    8.625230559
    2.760793544    0.349065850   65.532488868  -55.732411997    6.114363884
    2.951193099    0.349065850   54.019741151  -63.469091187    3.836398105

   -3.141592654    0.698131701   43.678344617  -62.608384097    0.493886235
   -2.951193099    0.698131701   32.829271457  -50.369500157    0.220102463
   -2.760793544    0.698131701   24.775798534  -34.112497730    0.209250443
   -2.570393989    0.698131701   19.733040984  -19.663000982    0.229623399
   -2.379994435    0.698131701   16.889460427  -11.519128849    0.074916926
   -2.189594880    0.698131701   14.869810334  -10.837103357   -0.376736416
   -1.999195325    0.698131701   12.464290019  -14.782633700   -1.095249018
   -1.808795770    0.698131701    9.295638911  -17.857280238   -1.868581290
   -1.618396215    0.698131701    6.059511152  -14.808038695   -2.374680391
   -1.427996661    0.698131701    4.188116148   -3.529356711   -2.353480344
   -1.237597106    0.698131701    5.100516226   13.710484816   -1.763388561
   -1.047197551    0.698131701    9.447853508   31.482653577   -0.817187448
   -0.856797996    0.698131701   16.759152198   43.889894218    0.163729576
   -0.666398442    0.698131701   25.589899492   47.018085277    0.968139013
   -0.475998887    0.698131701   34.041859200   40.020259904    1.679713616
   -0.285599332    0.698131701   40.332223868   24.876785794    2.673343499
   -0.095199777    0.698131701   43.263126034    5.458279593    4.469173276
    0.095199777    0.698131701   42.484136993  -13.158689303    7.495301209
    0.285599332    0.698131701   38.651296571  -25.776944192   11.839650888
    0.475998887    0.698131701   33.339009478  -28.170277900   17.120838669
    0.666398442    0.698131701   28.713039862  -18.617700155   22.506387622
    0.856797996    0.698131701   26.931255548    1.058543245   26.939507217
    1.047197551    0.698131701   29.460817492   25.641433199   29.488445090
    1.237597106    0.698131701   36.584287473   48.125182179   29.681289781
    1.427996661    0.698131701   47.276866270   62.349654109   27.650968697
    1.618396215    0.698131701   59.580695093   64.744273764   24.014728874
    1.808795770    0.698131701   71.164826675   54.987438976   19.579150991
    1.999195325    0.698131701   79.904321238   35.418417639   15.060175938
    2.189594880    0.698131701   84.276591617    9.830178965   10.928005316
    2.379994435    0.698131701   83.553075094  -17.361831719    7.424431169
    2.570393989    0.698131701   77.858278724  -41.646405669    4.636720596
    2.760793544    0.698131701   68.152088661  -58.892299160    2.583700082
    2.951193099    0.698131701   56.085951687  -66.142848393    1.231769351

   -3.141592654    1.047197551   42.292493676  -62.791467528   -3.845326480
   -2.951193099    1.047197551   31.501654273  -49.627680780   -2.779976807
   -2.760793544    1.047197551   23.638324379  -32.928866075   -1.474766688
   -2.570393989    1.047197551   18.827580461  -18.467911760   -0.277478986
   -2.379994435    1.047197551   16.185767830  -10.624709775    0.591647107
   -2.189594880    1.047197551   14.294807361  -10.380135190    1.051794619
   -1.999195325    1.047197551   11.937426819  -14.707934095    1.133669387
   -1.808795770    1.047197551    8.761277266  -17.973119399    0.932580554
   -1.618396215    1.047197551    5.499528055  -14.945125169    0.556016366
   -1.427996661    1.047197551    3.602556920   -3.683725882    0.075462277
   -1.237597106    1.047197551    4.471426267   13.354941915   -0.468276266
   -1.047197551    1.047197551    8.717066060   30.746201792   -1.013603639
   -0.856797996    1.047197551   15.855956490   42.861008685   -1.392056122
   -0.666398442    1.047197551   24.504382793   46.270035224   -1.303291023
   -0.475998887    1.047197551   32.916399380   40.530413050   -0.356020901
   -0.285599332    1.047197551   39.511228590   27.721860210    1.799521754
   -0.095199777    1.047197551   43.268028736   11.360167577    5.322165815
    0.095199777    1.047197551   43.907002499   -4.250802465   10.072837945
    0.285599332    1.047197551   41.984831347  -14.854900050   15.549865426
    0.475998887    1.047197551   38.805353652  -17.041091799   20.954174138
    0.666398442    1.047197551   36.147812753   -9.425100428   25.343728005
    0.856797996    1.047197551   35.782429060    6.507722132   27.896384691
    1.047197551    1.047197551   38.914151793   26.470341658   28.164604068
    1.237597106    1.047197551   45.770851657   44.637084232   26.205536390
    1.427996661    1.047197551   55.479012174   55.748873481   22.531048382
    1.618396215    1.047197551   66.351022371   56.549579961   17.872160511
    1.808795770    1.047197551   76.330144912   46.493939378   12.917771802
    1.999195325    1.047197551   83.493236366   27.439148549    8.167106256
    2.189594880    1.047197551   86.430697696    2.783160805    3.925522963
    2.379994435    1.047197551   84.472764777  -23.249732018    0.403751772
    2.570393989    1.047197551   77.782566084  -46.177967438   -2.218215120
    2.760793544    1.047197551   67.354988672  -61.916378357   -3.791902304
    2.951193099    1.047197551   54.857866387  -67.644992494   -4.286563756

   -3.141592654    1.396263402   37.767837288  -60.896069303  -10.225526354
   -2.951193099    1.396263402   27.490852618  -46.245600976   -8.728297617
   -2.760793544    1.396263402   20.345348957  -28.912163517   -6.896106551
   -2.570393989    1.396263402   16.298225540  -14.570171136   -5.039449173
   -2.379994435    1.396263402   14.343066316   -7.372805397   -3.301345761
   -2.189594880    1.396263402   12.984296511   -8.074487856   -1.711412796
   -1.999195325    1.396263402   10.962397112  -13.512260678   -0.292522837
   -1.808795770    1.396263402    7.900581142  -17.981909141    0.860575465
   -1.618396215    1.396263402    4.519149582  -16.197469147    1.590809518
   -1.427996661    1.396263402    2.273801047   -6.063470348    1.765418090
   -1.237597106    1.396263402    2.613770236   10.260116396    1.409515901
   -1.047197551    1.396263402    6.264627484   27.748467442    0.784156168
   -0.856797996    1.396263402   12.930104371   41.084458234    0.375524953
   -0.666398442    1.396263402   21.452082438   46.899775438    0.747901899
   -0.475998887    1.396263402   30.285483601   44.421499898    2.363271006
   -0.285599332    1.396263402   37.953181231   35.054174769    5.418561061
   -0.095199777    1.396263402   43.387245567   21.467758640    9.756472835
    0.095199777    1.396263402   46.102709196    7.153632952   14.880140791
    0.285599332    1.396263402   46.319557799   -4.138723953   20.003456655
    0.475998887    1.396263402   44.952330439   -9.033447843   24.214807389
    0.666398442    1.396263402   43.437767860   -5.599215651   26.682033667
    0.856797996    1.396263402   43.355663277    5.684854021   26.904413731
    1.047197551    1.396263402   45.931565974   21.644926586   24.870064988
    1.237597106    1.396263402   51.600236653   37.256027164   21.032458996
    1.427996661    1.396263402   59.788054595   47.394291385   16.126532297
    1.618396215    1.396263402   69.071180894   48.333404106   10.876648040
    1.808795770    1.396263402   77.538626551   38.842126785    5.784942593
    1.999195325    1.396263402   83.297496150   20.311584589    1.102662611
    2.189594880    1.396263402   84.921552746   -3.872440577   -3.056054935
    2.379994435    1.396263402   81.758879251  -29.168223697   -6.553880117
    2.570393989    1.396263402   74.057698867  -50.753180004   -9.173398601
    2.760793544    1.396263402   62.939413681  -64.493969607  -10.683544111
    2.951193099    1.396263402   50.170432401  -67.888390415  -10.989972716

   -3.141592654    1.745329252   31.200917157  -58.756183735  -16.431223434
   -2.951193099    1.745329252   21.487263314  -42.584493839  -15.091732021
   -2.760793544    1.745329252   15.123422568  -24.485019726  -13.216735484
   -2.570393989    1.745329252   11.942585460   -9.982346505  -11.031890025
   -2.379994435    1.745329252   10.843082356   -3.025375100   -8.618114036
   -2.189594880    1.745329252   10.265489006   -4.266595310   -5.985380580
   -1.999195325    1.745329252    8.891979311  -10.576911744   -3.200801823
   -1.808795770    1.745329252    6.276338570  -16.296902103   -0.479060311
   -1.618396215    1.745329252    3.074891409  -16.022273393    1.854844431
   -1.427996661    1.745329252    0.727065922   -7.260347385    3.507486073
   -1.237597106    1.745329252    0.762697133    8.406730317    4.403893958
   -1.047197551    1.745329252    4.094197317   26.467993773    4.783617389
   -0.856797996    1.745329252   10.679521020   41.727713334    5.153058075
   -0.666398442    1.745329252   19.590936649   50.454756142    6.075664100
   -0.475998887    1.745329252   29.403484435   51.113922026    7.937465091
   -0.285599332    1.745329252   38.599616593   44.229432593   10.783011273
   -0.095199777    1.745329252   45.911619137   31.744697547   14.259459803
    0.095199777    1.745329252   50.546127332   16.716595437   17.707375441
    0.285599332    1.745329252   52.369143720    2.890115521   20.302408992
    0.475998887    1.745329252   51.983875756   -5.922906822   21.303427974
    0.666398442    1.745329252   50.637632629   -6.943253828   20.288067198
    0.856797996    1.745329252   49.905064816    0.370198129   17.335832085
    1.047197551    1.745329252   51.190178868   13.661002283   13.011246624
    1.237597106    1.745329252   55.214394268   28.219840761    8.134396208
    1.427996661    1.745329252   61.689545637   38.596950698    3.464330230
    1.618396215    1.745329252   69.373316218   40.360495621   -0.581024557
    1.808795770    1.745329252   76.399942858   31.631011399   -3.992004612
    1.999195325    1.745329252   80.832255190   13.539630441   -7.007541514
    2.189594880    1.745329252   81.195888994  -10.318493931   -9.858126471
    2.379994435    1.745329252   76.859086423  -34.953796107  -12.555751306
    2.570393989    1.745329252   68.171916501  -55.185874608  -14.858487134
    2.760793544    1.745329252   56.394585723  -66.877751257  -16.406688972
    2.951193099    1.745329252   43.394783442  -67.901096783  -16.939322870

   -3.141592654    2.094395102   24.186145238  -57.601520198  -18.826356290
   -2.951193099    2.094395102   14.817563334  -40.189933496  -17.605989690
   -2.760793544    2.094395102    8.995739451  -21.252909859  -15.675449327
   -2.570393989    2.094395102    6.492017158   -6.125527606  -13.189770615
   -2.379994435    2.094395102    6.183362645    1.421836524  -10.229364961
   -2.189594880    2.094395102    6.506825394    0.727396010   -6.841503230
   -1.999195325    2.094395102    6.117967715   -5.305052161   -3.129052706
   -1.808795770    2.094395102    4.492433224  -11.277823081    0.674605299
   -1.618396215    2.094395102    2.174904400  -11.851180343    4.226301704
   -1.427996661    2.094395102    0.513118776   -4.249266698    7.188064769
   -1.237597106    2.094395102    1.026861848   10.486879268    9.390652656
   -1.047197551    2.094395102    4.723176390   28.365633868   10.928430995
   -0.856797996    2.094395102   11.726185739   44.357887655   12.121063679
   -0.666398442    2.094395102   21.263058857   54.449406951   13.327556540
   -0.475998887    2.094395102   31.972077914   56.472135355   14.742395520
   -0.285599332    2.094395102   42.266834014   50.224072880   16.271741969
   -0.095199777    2.094395102   50.682468206   37.099379091   17.523088450
    0.095199777    2.094395102   56.156663470   19.936310646   17.937126438
    0.285599332    2.094395102   58.287181782    2.740435796   16.960296462
    0.475998887    2.094395102   57.504348841   -9.963080497   14.291599255
    0.666398442    2.094395102   55.048620200  -14.384765185   10.057414370
    0.856797996    2.094395102   52.680090356   -9.068225015    4.862642256
    1.047197551    2.094395102   52.122641869    4.049865004   -0.393729257
    1.237597106    2.094395102   54.430453058   20.004226035   -4.865475236
    1.427996661    2.094395102   59.540807903   32.515775790   -8.080664931
    1.618396215    2.094395102   66.257996774   36.182600032  -10.094879137
    1.808795770    2.094395102   72.603593234   28.493179195  -11.373214939
    1.999195325    2.094395102   76.460386033   10.507800083  -12.498741722
    2.189594880    2.094395102   76.212268203  -13.733935363  -13.873828704
    2.379994435    2.094395102   71.195183111  -38.596216536  -15.554862859
    2.570393989    2.094395102   61.841103474  -58.406975916  -17.271866328
    2.760793544    2.094395102   49.550302209  -68.932232594  -18.600164713
    2.951193099    2.094395102   36.308505717  -68.340422595  -19.174423184

   -3.141592654    2.443460953   17.735443278  -57.225676868  -12.581763718
   -2.951193099    2.443460953    8.554685922  -38.603914493  -11.051096443
   -2.760793544    2.443460953    3.153935090  -18.426997941   -9.030379718
   -2.570393989    2.443460953    1.310623816   -2.014443084   -6.639888405
   -2.379994435    2.443460953    1.909715986    6.835615263   -3.927146008
   -2.189594880    2.443460953    3.380061447    7.314996027   -0.859663148
   -1.999195325    2.443460953    4.329768936    2.071783791    2.611153801
   -1.808795770    2.443460953    4.135253392   -3.750003707    6.436472213
   -1.618396215    2.443460953    3.207804416   -4.897868155   10.396523645
   -1.427996661    2.443460953    2.770523088    1.590239180   14.124709158
   -1.237597106    2.443460953    4.276814054   15.076719649   17.235899623
   -1.047197551    2.443460953    8.747537496   31.976480516   19.477949670
   -0.856797996    2.443460953   16.378897744   47.409233128   20.800561359
   -0.666398442    2.443460953   26.465299503   57.170588390   21.289048625
   -0.475998887    2.443460953   37.648879835   58.655915795   21.027451830
   -0.285599332    2.443460953   48.259460071   51.205775919   19.987616858
   -0.095199777    2.443460953   56.675263012   35.962939693   17.994769595
    0.095199777    2.443460953   61.661803249   15.834922019   14.819695404
    0.285599332    2.443460953   62.695697968   -4.676235490   10.327608954
    0.475998887    2.443460953   60.215665691  -20.220753334    4.678781711
    0.666398442    2.443460953   55.639935953  -26.090529393   -1.572384739
    0.856797996    2.443460953   51.058412285  -20.249015556   -7.540543289
    1.047197551    2.443460953   48.574994437   -4.728867531  -12.293683931
    1.237597106    2.443460953   49.534007809   14.703628803  -15.218570650
    1.427996661    2.443460953   53.966940778   30.592536045  -16.253416179
    1.618396215    2.443460953   60.556753739   36.537776143  -15.881510968
    1.808795770    2.443460953   67.066324925   29.623423008  -14.864661129
    1.999195325    2.443460953   71.106344382   11.150561453  -13.909514612
    2.189594880    2.443460953   70.879395852  -14.185357611  -13.420275616
    2.379994435    2.443460953   65.674488808  -40.040240536  -13.431921983
    2.570393989    2.443460953   55.993709274  -60.270340324  -13.689709820
    2.760793544    2.443460953   43.364354599  -70.510741056  -13.822019423
    2.951193099    2.443460953   29.894530937  -69.083294667  -13.508536192

   -3.141592654    2.792526803   15.060590464  -55.573647033    1.096035020
   -2.951193099    2.792526803    6.242536861  -36.466964584    3.059824668
   -2.760793544    2.792526803    1.295971308  -15.806074714    4.947149798
   -2.570393989    2.792526803    0.000000000    1.119579392    6.745185963
   -2.379994435    2.792526803    1.253964863   10.603156346    8.563132300
   -2.189594880    2.792526803    3.517830150   11.911386944   10.638233165
   -1.999195325    2.792526803    5.435452000    7.647761285   13.244565854
   -1.808795770    2.792526803    6.393246496    2.735235302   16.513834760
   -1.618396215    2.792526803    6.758241984    2.096334821   20.275189450
   -1.427996661    2.792526803    7.649134591    8.418902158   24.035695673
   -1.237597106    2.792526803   10.380306731   20.995936646   27.133829047
   -1.047197551    2.792526803   15.841315195   36.378459597   28.987734330
   -0.856797996    2.792526803   24.132945198   49.891156828   29.276230314
   -0.666398442    2.792526803   34.486696966   57.449808014   27.963338628
   -0.475998887    2.792526803   45.492031561   56.453002065   25.191564411
   -0.285599332    2.792526803   55.422486169   46.213093452   21.153561839
   -0.095199777    2.792526803   62.603381931   27.974629847   16.014779370
    0.095199777    2.792526803   65.790103646    4.984920995    9.945380768
    0.285599332    2.792526803   64.539333001  -17.641535974    3.210658340
    0.475998887    2.792526803   59.500213402  -33.843522303   -3.707557333
    0.666398442    2.792526803   52.421625500  -38.407856411  -10.091883392
    0.856797996    2.792526803   45.772791827  -29.357872942  -15.117590910
    1.047197551    2.792526803   41.960429120   -9.466766758  -18.134714367
    1.237597106    2.792526803   42.441145165   14.325897920  -18.943360612
    1.427996661    2.792526803   47.134265690   33.457084444  -17.875579292
    1.618396215    2.792526803   54.445548671   40.976864286  -15.640207074
    1.808795770    2.792526803   61.823121191   34.099251455  -12.991248763
    1.999195325    2.792526803   66.636663344   14.715576699  -10.462386781
    2.189594880    2.792526803   66.975366269  -11.795877593   -8.261406982
    2.379994435    2.792526803   62.129060183  -38.589824650   -6.346162103
    2.570393989    2.792526803   52.670293741  -59.304628035   -4.559172413
    2.760793544    2.792526803   40.215397841  -69.581514691   -2.756157250
    2.951193099    2.792526803   26.946416733  -67.871741275   -0.867458772
