#! FIELDS phi psi file.free der_phi der_psi
#! SET min_phi -pi
#! SET max_phi pi
#! SET nbins_phi  33
#! SET periodic_phi true
#! SET min_psi -pi
#! SET max_psi pi
#! SET nbins_psi  18
#! SET periodic_psi true
   -3.141592654   -3.141592654   17.909307675  -53.504011993   16.687594928
   -2.951193099   -3.141592654    9.393500425  -35.307288119   19.130752252
   -2.760793544   -3.141592654    4.616656134  -15.098075883   20.814674745
   -2.570393989   -3.141592654    3.454965276    1.926134392   21.833158509
   -2.379994435   -3.141592654    4.920056420   12.132141665   22.501127784
   -2.189594880   -3.141592654    7.595896134   14.812380424   23.309890097
   -1.999195325   -3.141592654   10.238591113   12.415964007   24.750832559
   -1.808795770   -3.141592654   12.287571250    9.373428572   27.052663722
   -1.618396215   -3.141592654   14.043574417    9.897900793   29.979358284
   -1.427996661   -3.141592654   16.424666287   16.015594089   32.844776199
   -1.237597106   -3.141592654   20.450090510   26.741792294   34.757985065
   -1.047197551   -3.141592654   26.709685977   38.837720956   34.976122742
   -0.856797996   -3.141592654   35.083504696   48.223833850   33.156107924
   -0.666398442   -3.141592654   44.711051663   51.533240216   29.408927842
   -0.475998887   -3.141592654   54.221453837   46.804861539   24.154399013
   -0.285599332   -3.141592654   62.033351931   33.811894959   17.929824159
   -0.095199777   -3.141592654   66.687841626   14.077971272   11.228686760
    0.095199777   -3.141592654   67.195331227   -9.015721366    4.457834845
    0.285599332   -3.141592654   63.382623566  -30.308625673   -2.017636485
    0.475998887   -3.141592654   56.167097566  -43.824162464   -7.786455502
    0.666398442   -3.141592654   47.529615387  -44.660360268  -12.369127702
    0.856797996   -3.141592654   40.081448572  -31.486029013  -15.309445654
    1.047197551   -3.141592654   36.223469502   -7.949397059  -16.358969292
    1.237597106   -3.141592654   37.242603092   18.241976546  -15.624855113
    1.427996661   -3.141592654   42.786879387   38.265562921  -13.542167138
    1.618396215   -3.141592654   51.004808470   45.593305590  -10.688642687
    1.808795770   -3.141592654   59.211916944   38.232389425   -7.524332532
    1.999195325   -3.141592654   64.790055236   18.716674784   -4.265254874
    2.189594880   -3.141592654   65.916908701   -7.452891590   -0.910415621
    2.379994435   -3.141592654   61.942507844  -33.796735617    2.609031898
    2.570393989   -3.141592654   53.411310253  -54.450248039    6.298142962
    2.760793544   -3.141592654   41.836908357  -65.294622655   10.031764456
    2.951193099   -3.141592654   29.289790992  -64.637551749   13.581625778

   -3.141592654   -2.792526803   25.433237844  -49.032457299   24.913316804
   -2.951193099   -2.792526803   17.606049752  -32.576778906   27.131016718
   -2.760793544   -2.792526803   13.188367812  -14.009494933   28.290408458
   -2.570393989   -2.792526803   12.113667093    1.870487729   28.597098878
   -2.379994435   -2.792526803   13.528811064   11.838187296   28.473262977
   -2.189594880   -2.792526803   16.214345397   15.386819825   28.483736191
   -1.999195325   -2.792526803   19.122543629   14.728972654   29.141727315
   -1.808795770   -2.792526803   21.795393649   13.554896920   30.641913495
   -1.618396215   -2.792526803   24.464055673   15.082756646   32.672784753
   -1.427996661   -2.792526803   27.798523832   20.534010239   34.463205533
   -1.237597106   -2.792526803   32.468049068   28.711120887   35.065537409
   -1.047197551   -2.792526803   38.739712766   36.839130643   33.744765180
   -0.856797996   -2.792526803   46.307615871   41.776151433   30.246056282
   -0.666398442   -2.792526803   54.315678636   41.133790738   24.851822541
   -0.475998887   -2.792526803   61.562234206   33.681365629   18.204986841
   -0.285599332   -2.792526803   66.736000320   19.496565498   11.070404392
   -0.095199777   -2.792526803   68.668683685    0.038091525    4.117959062
    0.095199777   -2.792526803   66.625484678  -21.593649887   -2.167920134
    0.285599332   -2.792526803   60.628935710  -40.544378813   -7.464132606
    0.475998887   -2.792526803   51.739116246  -51.084643790  -11.531679714
    0.666398442   -2.792526803   42.035575075  -48.543891576  -14.167594995
    0.856797996   -2.792526803   34.176207351  -31.930591740  -15.243675667
    1.047197551   -2.792526803   30.531769156   -5.350263812  -14.790099011
    1.237597106   -2.792526803   32.270156947   23.056421631  -13.050155854
    1.427996661   -2.792526803   38.861358325   44.299242603  -10.412974746
    1.618396215   -2.792526803   48.278054777   52.065418509   -7.262523955
    1.808795770   -2.792526803   57.728116108   44.803964405   -3.816216355
    1.999195325   -2.792526803   64.568954382   25.440527669   -0.099855599
    2.189594880   -2.792526803   67.005409158   -0.402218414    3.961679837
    2.379994435   -2.792526803   64.408628337  -26.403622395    8.384735797
    2.570393989   -2.792526803   57.298693541  -46.992708927   13.028008136
    2.760793544   -2.792526803   47.111789587  -58.287867800   17.581675414
    2.951193099   -2.792526803   35.811030531  -58.660927899   21.658942090

   -3.141592654   -2.443460953   34.140005113  -44.563764507   23.297467760
   -2.951193099   -2.443460953   26.987500989  -29.972585644   25.110932898
   -2.760793544   -2.443460953   22.898801429  -13.102073364   25.999576762
   -2.570393989   -2.443460953   21.871877798    1.578605407   26.149308479
   -2.379994435   -2.443460953   23.179636802   11.153263788   25.890979258
   -2.189594880   -2.443460953   25.770940433   15.224586896   25.638335632
   -1.999195325   -2.443460953   28.752502273   15.720960397   25.734340209
   -1.808795770   -2.443460953   31.724143844   15.613316655   26.249438749
   -1.618396215   -2.443460953   34.815324690   17.238508627   26.859642068
   -1.427996661   -2.443460953   38.445317445   21.207230190   26.924558457
   -1.237597106   -2.443460953   42.973475162   26.352810234   25.741754031
   -1.047197551   -2.443460953   48.430346756   30.591259169   22.861740680
   -0.856797996   -2.443460953   54.445491004   31.852384902   18.274196424
   -0.666398442   -2.443460953   60.299434748   28.692954362   12.419589500
   -0.475998887   -2.443460953   65.067745337   20.396219732    6.001452550
   -0.285599332   -2.443460953   67.761996133    6.995807172   -0.236859934
   -0.095199777   -2.443460953   67.487265658  -10.487559419   -5.711327033
    0.095199777   -2.443460953   63.680820953  -29.527356950  -10.085023705
    0.285599332   -2.443460953   56.434468890  -45.741191166  -13.238319686
    0.475998887   -2.443460953   46.806095091  -53.670556544  -15.187285391
    0.666398442   -2.443460953   36.838945347  -48.764634248  -15.994186055
    0.856797996   -2.443460953   29.136654928  -30.104295802  -15.740263118
    1.047197551   -2.443460953   26.001065873   -1.893215967  -14.533261726
    1.237597106   -2.443460953   28.511950947   27.644639206  -12.529848453
    1.427996661   -2.443460953   36.046501083   49.559868896   -9.920343409
    1.618396215   -2.443460953   46.506332281   57.746162715   -6.878919346
    1.808795770   -2.443460953   57.077061838   50.911045422   -3.498410327
    1.999195325   -2.443460953   65.134718458   32.142013907    0.202434775
    2.189594880   -2.443460953   68.914282511    6.994435440    4.226209185
    2.379994435   -2.443460953   67.783181521  -18.465283719    8.504739548
    2.570393989   -2.443460953   62.201907478  -38.984507161   12.851876419
    2.760793544   -2.443460953   53.495506470  -50.873756580   16.971274436
    2.951193099   -2.443460953   43.498405216  -52.491374357   20.539797349

   -3.141592654   -2.094395102   40.924401180  -40.614518390   14.389790851
   -2.951193099   -2.094395102   34.401163791  -27.335010475   15.560120425
   -2.760793544   -2.094395102   30.688887307  -11.772563325   16.194495159
   -2.570393989   -2.094395102   29.802140968    1.769382765   16.355884192
   -2.379994435   -2.094395102   31.066689489   10.584411979   16.141732944
   -2.189594880   -2.094395102   33.515853784   14.376420095   15.678492379
   -1.999195325   -2.094395102   36.336167666   14.897006183   15.065066422
   -1.808795770   -2.094395102   39.144453459   14.647499668   14.277181683
   -1.618396215   -2.094395102   41.986417332   15.439938234   13.119852824
   -1.427996661   -2.094395102   45.118278526   17.624555579   11.294078760
   -1.237597106   -2.094395102   48.731780909   20.267532532    8.547786728
   -1.047197551   -2.094395102   52.779133885   21.934414997    4.840160644
   -0.856797996   -2.094395102   56.953305612   21.365800937    0.402386712
   -0.666398442   -2.094395102   60.737045087   17.685701577   -4.300231752
   -0.475998887   -2.094395102   63.475670615   10.324303607   -8.728657659
   -0.285599332   -2.094395102   64.433840539   -1.007872013  -12.421465725
   -0.095199777   -2.094395102   62.879529259  -15.882624790  -15.112740699
    0.095199777   -2.094395102   58.293282737  -32.371785068  -16.769872185
    0.285599332   -2.094395102   50.712917781  -46.499778276  -17.530145713
    0.475998887   -2.094395102   41.090736448  -52.931279254  -17.612699683
    0.666398442   -2.094395102   31.365586428  -47.018517185  -17.204595469
    0.856797996   -2.094395102   24.066106586  -27.640575687  -16.405197320
    1.047197551   -2.094395102   21.457910704    1.185198210  -15.206664027
    1.237597106   -2.094395102   24.611440943   31.326782074  -13.543518842
    1.427996661   -2.094395102   32.906189664   53.860453941  -11.367538536
    1.618396215   -2.094395102   44.245406644   62.679853031   -8.700934869
    1.808795770   -2.094395102   55.816090812   56.468038066   -5.636231819
    1.999195325   -2.094395102   64.988968797   38.277317680   -2.317677958
    2.189594880   -2.094395102   69.983484578   13.578450443    1.100350090
    2.379994435   -2.094395102   70.130982248  -11.678930702    4.458317033
    2.570393989   -2.094395102   65.833747271  -32.361207780    7.600095240
    2.760793544   -2.094395102   58.341485212  -44.819815732   10.372518825
    2.951193099   -2.094395102   49.414707883  -47.364736252   12.657402430

   -3.141592654   -1.745329252   43.318120122  -38.894910005    5.783471830
   -2.951193099   -1.745329252   37.077167548  -26.096703123    6.240031351
   -2.760793544   -1.745329252   33.554438998  -11.032006920    6.481728052
   -2.570393989   -1.745329252   32.754163488    1.917375688    6.496750426
   -2.379994435   -1.745329252   33.981696468   10.024396235    6.219400090
   -2.189594880   -1.745329252   36.246655708   12.976819688    5.555596268
   -1.999195325   -1.745329252   38.705219757   12.457796446    4.400008773
   -1.808795770   -1.745329252   40.927494199   10.879326229    2.643088110
   -1.618396215   -1.745329252   42.903058907   10.076466593    0.208804198
   -1.427996661   -1.745329252   44.855908670   10.633203187   -2.874027272
   -1.237597106   -1.745329252   47.010775781   12.053689753   -6.424046901
   -1.047197551   -1.745329252   49.442726025   13.356729068  -10.111314028
   -0.856797996   -1.745329252   52.038095202   13.558954142  -13.541871117
   -0.666398442   -1.745329252   54.494277587   11.699868222  -16.345448187
   -0.475998887   -1.745329252   56.322950024    6.823443171  -18.278900106
   -0.285599332   -1.745329252   56.862182514   -1.930228408  -19.265467209
   -0.095199777   -1.745329252   55.345799029  -14.674599905  -19.399399563
    0.095199777   -1.745329252   51.131181065  -29.823278795  -18.922339938
    0.285599332   -1.745329252   44.092862717  -43.494305419  -18.135838188
    0.475998887   -1.745329252   35.026864672  -50.177180192  -17.319744062
    0.666398442   -1.745329252   25.771163350  -44.858951016  -16.624065778
    0.856797996   -1.745329252   18.831342606  -25.968985334  -16.023336680
    1.047197551   -1.745329252   16.530020811    2.830576637  -15.320884208
    1.237597106   -1.745329252   20.039950500   33.503911501  -14.244547327
    1.427996661   -1.745329252   28.834396087   56.956724813  -12.592388166
    1.618396215   -1.745329252   40.858033053   66.737416678  -10.334853573
    1.808795770   -1.745329252   53.272670633   61.194476703   -7.625356777
    1.999195325   -1.745329252   63.374672702   43.223105880   -4.739806150
    2.189594880   -1.745329252   69.297725930   18.311520327   -1.961032358
    2.379994435   -1.745329252   70.302270434   -7.453685495    0.488865111
    2.570393989   -1.745329252   66.748803174  -28.797004046    2.486728266
    2.760793544   -1.745329252   59.870043765  -41.940653083    3.997551943
    2.951193099   -1.745329252   51.431009586  -45.110726401    5.066709972

   -3.141592654   -1.396263402   41.885987240  -39.487038526    3.382056176
   -2.951193099   -1.396263402   35.535953095  -26.632640295    3.186102306
   -2.760793544   -1.396263402   31.925821805  -11.419063444    2.801227515
   -2.570393989   -1.396263402   31.060200288    1.583387664    2.220014409
   -2.379994435   -1.396263402   32.208686011    9.459073672    1.329920466
   -2.189594880   -1.396263402   34.308130715   11.713678777   -0.061770153
   -1.999195325   -1.396263402   36.414748675    9.934206829   -2.163553863
   -1.808795770   -1.396263402   37.999930571    6.664714784   -5.104147757
   -1.618396215   -1.396263402   39.007985424    4.177083297   -8.822310763
   -1.427996661   -1.396263402   39.721254430    3.666249725  -12.994678951
   -1.237597106   -1.396263402   40.535340382    5.156410993  -17.075093832
   -1.047197551   -1.396263402   41.763954247    7.814973945  -20.438367508
   -0.856797996   -1.396263402   43.517596553   10.387644668  -22.586337294
   -0.666398442   -1.396263402   45.634401594   11.319104095  -23.287066216
   -0.475998887   -1.396263402   47.643652972    9.016252612  -22.630658428
   -0.285599332   -1.396263402   48.790053114    2.105650861  -20.962108644
   -0.095199777   -1.396263402   48.138512609   -9.816497026  -18.756744899
    0.095199777   -1.396263402   44.843069655  -25.196699804  -16.500471753
    0.285599332   -1.396263402   38.591348154  -39.980012618  -14.559786610
    0.475998887   -1.396263402   30.045277686  -48.260598309  -13.129638465
    0.666398442   -1.396263402   21.001671696  -44.490586455  -12.198998642
    0.856797996   -1.396263402   14.029598187  -26.543631555  -11.589994386
    1.047197551   -1.396263402   11.605030534    2.270819527  -11.018977225
    1.237597106   -1.396263402   15.086180908   33.874135588  -10.197428089
    1.427996661   -1.396263402   24.085782117   58.759609939   -8.943717903
    1.618396215   -1.396263402   36.587207906   69.878653802   -7.233187516
    1.808795770   -1.396263402   49.683047889   65.071091700   -5.193632041
    1.999195325   -1.396263402   60.531274544   47.050080088   -3.045563409
    2.189594880   -1.396263402   67.124097498   21.423288869   -1.013797201
    2.379994435   -1.396263402   68.623248881   -5.404378264    0.719184867
    2.570393989   -1.396263402   65.355177152  -27.833254434    2.039856248
    2.760793544   -1.396263402   58.573204783  -41.835669956    2.899184558
    2.951193099   -1.396263402   50.099197833  -45.523799712    3.321065743

   -3.141592654   -1.047197551   39.805347396  -41.919118291    3.875427268
   -2.951193099   -1.047197551   32.994900265  -28.984263962    2.716134374
   -2.760793544   -1.047197551   28.969099095  -13.414391912    1.278809310
   -2.570393989   -1.047197551   27.758048671   -0.088786444   -0.339552411
   -2.379994435   -1.047197551   28.590506279    7.713540199   -2.175586266
   -2.189594880   -1.047197551   30.299262115    9.235847297   -4.401718560
   -1.999195325   -1.047197551   31.811847215    6.090458747   -7.238194545
   -1.808795770   -1.047197551   32.512700343    1.235842705  -10.787566568
   -1.618396215   -1.047197551   32.369420574   -2.340550240  -14.865452012
   -1.427996661   -1.047197551   31.828391690   -2.749052721  -18.942175306
   -1.237597106   -1.047197551   31.551165944    0.362511422  -22.270042654
   -1.047197551   -1.047197551   32.126375904    5.903523835  -24.149287257
   -0.856797996   -1.047197551   33.840684430   11.899442637  -24.204226459
   -0.666398442   -1.047197551   36.548901482   15.884253682  -22.516257260
   -0.475998887   -1.047197551   39.635644790   15.537991372  -19.574955404
   -0.285599332   -1.047197551   42.096419353    9.143316824  -16.085391056
   -0.095199777   -1.047197551   42.723733236   -3.635523217  -12.724604833
    0.095199777   -1.047197551   40.443877066  -20.826434617   -9.959853248
    0.285599332   -1.047197551   34.817015048  -37.798931257   -7.934503602
    0.475998887   -1.047197551   26.491445423  -48.035516143   -6.523634417
    0.666398442   -1.047197551   17.359088243  -45.503985981   -5.455782106
    0.856797996   -1.047197551   10.154791321  -27.814024040   -4.483535956
    1.047197551   -1.047197551    7.542227818    1.689752089   -3.476716927
    1.237597106   -1.047197551   11.032053492   34.586776757   -2.420746474
    1.427996661   -1.047197551   20.304497755   60.871434829   -1.362946850
    1.618396215   -1.047197551   33.314571018   73.003962683   -0.327761839
    1.808795770   -1.047197551   47.048835309   68.519473962    0.698684268
    1.999195325   -1.047197551   58.527198355   50.109215605    1.742260968
    2.189594880   -1.047197551   65.621166588   23.556692077    2.791944566
    2.379994435   -1.047197551   67.414980944   -4.465639779    3.760439352
    2.570393989   -1.047197551   64.207720163  -28.122237805    4.492652634
    2.760793544   -1.047197551   57.265363109  -43.186523180    4.813405758
    2.951193099   -1.047197551   48.457040779  -47.623524292    4.610120906

   -3.141592654   -0.698131701   39.608004026  -45.275724748    3.558237983
   -2.951193099   -0.698131701   32.121027209  -32.657270207    1.254590377
   -2.760793544   -0.698131701   27.396260421  -17.036507495   -1.359829342
   -2.570393989   -0.698131701   25.509440769   -3.584819086   -4.045065973
   -2.379994435   -0.698131701   25.668338680    4.057902261   -6.717296144
   -2.189594880   -0.698131701   26.625765551    4.912575940   -9.492902487
   -1.999195325   -0.698131701   27.218165548    0.719182282  -12.582069911
   -1.808795770   -0.698131701   26.802801345   -5.030460813  -16.053795741
   -1.618396215   -0.698131701   25.446174641   -8.610725785  -19.623233761
   -1.427996661   -0.698131701   23.822435332   -7.588160949  -22.627798902
   -1.237597106   -0.698131701   22.876134868   -1.617889190  -24.256422438
   -1.047197551   -0.698131701   23.415834002    7.564630865  -23.920283559
   -0.856797996   -0.698131701   25.783581188   16.971144637  -21.549671066
   -0.666398442   -0.698131701   29.694935797   23.190525846  -17.651728325
   -0.475998887   -0.698131701   34.253289287   23.392190369  -13.104767706
   -0.285599332   -0.698131701   38.130095652   15.929920186   -8.824212584
   -0.095199777   -0.698131701   39.859269902    1.030797039   -5.432632577
    0.095199777   -0.698131701   38.243647222  -18.479837098   -3.096746272
    0.285599332   -0.698131701   32.883899801  -37.192586800   -1.531814972
    0.475998887   -0.698131701   24.589190993  -48.130192685   -0.232943673
    0.666398442   -0.698131701   15.455399003  -45.290593142    1.237002107
    0.856797996   -0.698131701    8.373615873  -26.714008237    3.008510644
    1.047197551   -0.698131701    6.061917722    3.693756574    4.869907732
    1.237597106   -0.698131701    9.991042688   37.095101314    6.444653807
    1.427996661   -0.698131701   19.750930593   63.402137864    7.425488710
    1.618396215   -0.698131701   33.218344787   75.237427996    7.761629685
    1.808795770   -0.698131701   47.340125727   70.352664355    7.643407374
    1.999195325   -0.698131701   59.130052983   51.550377386    7.369418787
    2.189594880   -0.698131701   66.458248964   24.560277052    7.162873496
    2.379994435   -0.698131701   68.388168386   -4.077577285    7.058605036
    2.570393989   -0.698131701   65.175415770  -28.611195322    6.891443530
    2.760793544   -0.698131701   58.039530902  -44.743219671    6.387130442
    2.951193099   -0.698131701   48.833165402  -50.225450966    5.306838756

   -3.141592654   -0.349065850   40.294623540  -49.949169520    2.900554722
   -2.951193099   -0.349065850   31.838768404  -38.062336060   -0.117597282
   -2.760793544   -0.349065850   26.057564813  -22.635604066   -3.334316601
   -2.570393989   -0.349065850   23.116343429   -9.030491203   -6.462413972
   -2.379994435   -0.349065850   22.254313177   -1.252988829   -9.376779532
   -2.189594880   -0.349065850   22.191208716   -0.547178592  -12.160327797
   -1.999195325   -0.349065850   21.713773619   -5.047063321  -14.975169481
   -1.808795770   -0.349065850   20.197328429  -10.698620074  -17.805693277
   -1.618396215   -0.349065850   17.853110848  -13.082026362  -20.270316101
   -1.427996661   -0.349065850   15.606133715   -9.423258002  -21.676587503
   -1.237597106   -0.349065850   14.653570062    0.269529745  -21.334558276
   -1.047197551   -0.349065850   15.924557512   13.280352339  -18.953116135
   -0.856797996   -0.349065850   19.669180185   25.451042912  -14.861384136
   -0.666398442   -0.349065850   25.313143251   32.562215268   -9.923503414
   -0.475998887   -0.349065850   31.580283258   31.660063564   -5.179405395
   -0.285599332   -0.349065850   36.807790016   21.691813935   -1.440250124
   -0.095199777   -0.349065850   39.358176558    3.917462868    1.018453437
    0.095199777   -0.349065850   38.069443794  -17.737026132    2.503582858
    0.285599332   -0.349065850   32.757771505  -37.168506482    3.723431812
    0.475998887   -0.349065850   24.518864662  -47.362068446    5.399042379
    0.666398442   -0.349065850   15.675919264  -42.957769811    7.884029443
    0.856797996   -0.349065850    9.185143258  -22.969669339   10.959641400
    1.047197551   -0.349065850    7.651088277    7.904361388   13.940488712
    1.237597106   -0.349065850   12.333019183   40.597975188   16.051076594
    1.427996661   -0.349065850   22.626402012   65.429346490   16.808253297
    1.618396215   -0.349065850   36.328441219   75.718881874   16.238952925
    1.808795770   -0.349065850   50.431273964   69.787445279   14.780957533
    1.999195325   -0.349065850   62.066794621   50.596826010   13.019844376
    2.189594880   -0.349065850   69.211541948   23.626063664   11.393330936
    2.379994435   -0.349065850   70.965767915   -5.029337770   10.040238977
    2.570393989   -0.349065850   67.539948477  -29.981357846    8.801759981
    2.760793544   -0.349065850   60.062326956  -47.035399713    7.362737382
    2.951193099   -0.349065850   50.304990895  -53.747447931    5.434820001

   -3.141592654    0.000000000   41.349689067  -55.132045388    1.965702492
   -2.951193099    0.000000000   31.844971320  -43.788649212   -0.890366652
   -2.760793544    0.000000000   24.964506778  -28.354179352   -3.764509141
   -2.570393989    0.000000000   20.969939906  -14.329329417   -6.463847010
   -2.379994435    0.000000000   19.147072560   -6.058474840   -8.923662986
   -2.189594880    0.000000000   18.202832713   -5.025420821  -11.218008357
   -1.999195325    0.000000000   16.898021216   -9.225164936  -13.421437752
   -1.808795770    0.000000000   14.648358577  -14.082776522  -15.393388984
   -1.618396215    0.000000000   11.814508829  -14.634036191  -16.680981457
   -1.427996661    0.000000000    9.538090496   -8.017587131  -16.669497985
   -1.237597106    0.000000000    9.182295783    5.134448150  -14.923490564
   -1.047197551    0.000000000   11.670263023   21.001232329  -11.510239310
   -0.856797996    0.000000000   17.032815579   34.387574506   -7.067483483
   -0.666398442    0.000000000   24.331619479   40.677432951   -2.570735634
   -0.475998887    0.000000000   31.930611380   37.330456992    1.099349427
   -0.285599332    0.000000000   37.950941256   24.355553847    3.511653172
   -0.095199777    0.000000000   40.767962354    4.253475692    4.855054521
    0.095199777    0.000000000   39.446298536  -18.105211264    5.817395565
    0.285599332    0.000000000   34.146815248  -36.390498524    7.259557121
    0.475998887    0.000000000   26.272724082  -44.193082029    9.788680044
    0.666398442    0.000000000   18.274647895  -37.373760995   13.431224118
    0.856797996    0.000000000   12.989028030  -16.206442048   17.566531008
    1.047197551    0.000000000   12.706097138   13.946369572   21.179701198
    1.237597106    0.000000000   18.332545221   44.260489523   23.335884161
    1.427996661    0.000000000   29.032768762   66.032134875   23.578081884
    1.618396215    0.000000000   42.585650585   73.705991697   22.079813422
    1.808795770    0.000000000   56.144852018   66.313815027   19.463020654
    1.999195325    0.000000000   67.077001103   46.856559632   16.469563902
    2.189594880    0.000000000   73.545340522   20.331741214   13.644445968
    2.379994435    0.000000000   74.723409866   -7.829462891   11.201428635
    2.570393989    0.000000000   70.778595063  -32.730444707    9.044654851
    2.760793544    0.000000000   62.734044839  -50.332698413    6.923672104
    2.951193099    0.000000000   52.262295828  -57.992880623    4.598440730

   -3.141592654    0.349065850   43.100684928  -59.294892025    1.737221713
   -2.951193099    0.349065850   32.767843804  -48.251946128   -0.058060463
   -2.760793544    0.349065850   25.032772942  -32.801604295   -1.717353000
   -2.570393989    0.349065850   20.213124705  -18.517702481   -3.245802765
   -2.379994435    0.349065850   17.621655875   -9.941228372   -4.711267171
   -2.189594880    0.349065850   15.963733834   -8.631099397   -6.206924348
   -1.999195325    0.349065850   14.010159422  -12.364035588   -7.729623588
   -1.808795770    0.349065850   11.251834351  -16.145122146   -9.051022796
   -1.618396215    0.349065850    8.196534748  -14.747067887   -9.729512169
   -1.427996661    0.349065850    6.140152276   -5.531073841   -9.311674154
   -1.237597106    0.349065850    6.504422216   10.113536195   -7.615383173
   -1.047197551    0.349065850   10.102320638   27.443622251   -4.904703524
   -0.856797996    0.349065850   16.704519524   40.678506414   -1.810532635
   -0.666398442    0.349065850   25.064690652   45.337898616    0.956854645
   -0.475998887    0.349065850   33.332600571   39.662519444    2.966524977
   -0.285599332    0.349065850   39.600255001   24.775871499    4.254714306
   -0.095199777    0.349065850   42.418653410    4.127126868    5.315871394
    0.095199777    0.349065850   41.161079137  -17.019322532    6.875854961
    0.285599332    0.349065850   36.300639783  -32.703565004    9.550654619
    0.475998887    0.349065850   29.414283858  -37.563206047   13.525654486
    0.666398442    0.349065850   22.891630800  -28.782127293   18.379326951
    0.856797996    0.349065850   19.277099366   -7.638730611   23.169750608
    1.047197551    0.349065850   20.448074805   20.317718758   26.772598108
    1.237597106    0.349065850   26.954108281   46.983258312   28.342536744
    1.427996661    0.349065850   37.797751936   64.899934252   27.634688238
    1.618396215    0.349065850   50.835151734   69.652721037   25.043219802
    1.808795770    0.349065850   63.462549173   60.843411256   21.346977008
    1.999195325    0.349065850   73.331123922   41.344884620   17.364104751
    2.189594880    0.349065850   78.815126812   15.584689647   13.672098129
    2.379994435    0.349065850   79.177170556  -11.684596521   10.525407029
    2.570393989    0.349065850   74.558055505  -36.040585573    7.905154273
    2.760793544    0.349065850   65.893002357  -53.623953443    5.663875558
    2.951193099    0.349065850   54.762057577  -61.667700189    3.640011824

   -3.141592654    0.698131701   44.677071619  -61.337390180    0.300936721
   -2.951193099    0.698131701   33.962597872  -50.206144792    0.016036410
   -2.760793544    0.698131701   25.854260584  -34.769839519   -0.058119593
   -2.570393989    0.698131701   20.649981464  -20.599200830   -0.122266010
   -2.379994435    0.698131701   17.643086796  -12.221233047   -0.356852399
   -2.189594880    0.698131701   15.534005876  -11.055139690   -0.868791392
   -1.999195325    0.698131701   13.128701750  -14.599064527   -1.624521819
   -1.808795770    0.698131701   10.009290773  -17.585219377   -2.414241000
   -1.618396215    0.698131701    6.805255078  -14.783795227   -2.921898319
   -1.427996661    0.698131701    4.898342925   -3.934932394   -2.892898289
   -1.237597106    0.698131701    5.695103345   12.935985281   -2.287872096
   -1.047197551    0.698131701    9.876883539   30.576406478   -1.314229574
   -0.856797996    0.698131701   17.024514164   43.129335880   -0.281882579
   -0.666398442    0.698131701   25.740605693   46.603975664    0.605523417
   -0.475998887    0.698131701   34.152337720   40.017057649    1.427385695
   -0.285599332    0.698131701   40.476283546   25.218301881    2.541041290
   -0.095199777    0.698131701   43.492712776    5.990358201    4.443416533
    0.095199777    0.698131701   42.817936490  -12.620244872    7.545527047
    0.285599332    0.698131701   39.074734586  -25.385005711   11.931116940
    0.475998887    0.698131701   33.815888962  -27.994083439   17.223652859
    0.666398442    0.698131701   29.203969774  -18.630458884   22.596522185
    0.856797996    0.698131701   27.405988270    0.915275354   26.990801348
    1.047197551    0.698131701   29.895303137   25.354840362   29.463627836
    1.237597106    0.698131701   36.941133578   47.571732038   29.530945271
    1.427996661    0.698131701   47.489692253   61.376321019   27.325986001
    1.618396215    0.698131701   59.565262504   63.347942277   23.488591649
    1.808795770    0.698131701   70.863142128   53.458601413   18.869662091
    1.999195325    0.698131701   79.340739276   34.305014112   14.236730537
    2.189594880    0.698131701   83.586695244    9.700051493   10.095238888
    2.379994435    0.698131701   82.956932675  -16.233573355    6.687655905
    2.570393989    0.698131701   77.583346916  -39.468836176    4.065389696
    2.760793544    0.698131701   68.342747814  -56.300527902    2.190615240
    2.951193099    0.698131701   56.746209513  -63.919090789    0.975299485

   -3.141592654    1.047197551   43.317732339  -61.558815120   -4.294488157
   -2.951193099    1.047197551   32.645810086  -49.583440702   -3.339783960
   -2.760793544    1.047197551   24.700535477  -33.745380069   -2.133386813
   -2.570393989    1.047197551   19.696598036  -19.574244172   -1.004454786
   -2.379994435    1.047197551   16.859005342  -11.495806541   -0.173330952
   -2.189594880    1.047197551   14.847096467  -10.759897639    0.269051886
   -1.999195325    1.047197551   12.461046382  -14.663471094    0.345163610
   -1.808795770    1.047197551    9.311836205  -17.791766722    0.154810548
   -1.618396215    1.047197551    6.071757009  -14.934447653   -0.181280221
   -1.427996661    1.047197551    4.145751481   -4.005273721   -0.578293307
   -1.237597106    1.047197551    4.924968694   12.768993615   -0.992894448
   -1.047197551    1.047197551    9.050125655   30.122053649   -1.375972472
   -0.856797996    1.047197551   16.085436667   42.442434285   -1.584313612
   -0.666398442    1.047197551   24.685843399   46.202462629   -1.350249981
   -0.475998887    1.047197551   33.118793616   40.811441881   -0.312834343
   -0.285599332    1.047197551   39.790464165   28.226201736    1.860082931
   -0.095199777    1.047197551   43.649879329   11.909055645    5.330949485
    0.095199777    1.047197551   44.383670270   -3.820211387    9.986170579
    0.285599332    1.047197551   42.523240308  -14.637330578   15.362892204
    0.475998887    1.047197551   39.363099914  -17.039309491   20.697514293
    0.666398442    1.047197551   36.690074432   -9.570296958   25.065378946
    0.856797996    1.047197551   36.287661936    6.273902619   27.635675957
    1.047197551    1.047197551   39.363177706   26.098519716   27.931176186
    1.237597106    1.047197551   46.122832617   43.959116686   25.974811383
    1.427996661    1.047197551   55.657824980   54.594987774   22.259395803
    1.618396215    1.047197551   66.264051206   54.948702954   17.524174220
    1.808795770    1.047197551   75.921202911   44.808184582   12.490755157
    1.999195325    1.047197551   82.802818374   26.286989771    7.696850147
    2.189594880    1.047197551   85.620404766    2.759134408    3.467649389
    2.379994435    1.047197551   83.787821473  -21.906462790    0.001045730
    2.570393989    1.047197551   77.463851262  -43.757516644   -2.561683679
    2.760793544    1.047197551   67.543766315  -59.139760190   -4.113772348
    2.951193099    1.047197551   55.541416376  -65.346221788   -4.646436636

   -3.141592654    1.396263402   38.765028769  -59.972155617  -10.891844762
   -2.951193099    1.396263402   28.549253152  -46.486498877   -9.564954902
   -2.760793544    1.396263402   21.274293229  -29.937820191   -7.824069686
   -2.570393989    1.396263402   17.002287082  -15.802426795   -5.981972313
   -2.379994435    1.396263402   14.833198422   -8.313108554   -4.212455084
   -2.189594880    1.396263402   13.343482050   -8.493553102   -2.580724916
   -1.999195325    1.396263402   11.288497798  -13.470541462   -1.128707323
   -1.808795770    1.396263402    8.259712551  -17.724593304    0.057453340
   -1.618396215    1.396263402    4.926308369  -15.976941812    0.845407631
   -1.427996661    1.396263402    2.707206415   -6.012620290    1.124183584
   -1.237597106    1.396263402    3.042068636   10.179675094    0.919836361
   -1.047197551    1.396263402    6.674421826   27.670200873    0.467908866
   -0.856797996    1.396263402   13.333747684   41.120059655    0.210806396
   -0.666398442    1.396263402   21.875287193   47.069590578    0.667793245
   -0.475998887    1.396263402   30.748137651   44.653857323    2.272250702
   -0.285599332    1.396263402   38.456702019   35.239846321    5.221000571
   -0.095199777    1.396263402   43.914445537   21.528852660    9.388182242
    0.095199777    1.396263402   46.627487007    7.077198877   14.330955152
    0.285599332    1.396263402   46.819620184   -4.301976612   19.322535556
    0.475998887    1.396263402   45.419060837   -9.196350723   23.494529242
    0.666398442    1.396263402   43.879415864   -5.687333702   26.025896407
    0.856797996    1.396263402   43.787108690    5.658063351   26.390616237
    1.047197551    1.396263402   46.351702150   21.518348506   24.526231561
    1.237597106    1.396263402   51.965332842   36.761909721   20.833839317
    1.427996661    1.396263402   60.005023906   46.319104990   16.017739127
    1.618396215    1.396263402   69.028796374   46.731201259   10.804174421
    1.808795770    1.396263402   77.171555070   37.141999184    5.721743884
    1.999195325    1.396263402   82.649769937   19.189306831    1.049082278
    2.189594880    1.396263402   84.164726947   -3.817666315   -3.095319372
    2.379994435    1.396263402   81.143238223  -27.750158728   -6.599103761
    2.570393989    1.396263402   73.816053916  -48.337884540   -9.282007037
    2.760793544    1.396263402   63.192380399  -61.851701027  -10.933077670
    2.951193099    1.396263402   50.880648278  -65.842770762  -11.441789618

   -3.141592654    1.745329252   32.124758488  -58.382516544  -17.095141432
   -2.951193099    1.745329252   22.381326456  -43.215929869  -15.913697996
   -2.760793544    1.745329252   15.833102119  -25.697084346  -14.089394299
   -2.570393989    1.745329252   12.409020733  -11.231449363  -11.866376895
   -2.379994435    1.745329252   11.102494484   -3.888368486   -9.371761289
   -2.189594880    1.745329252   10.412397096   -4.576825709   -6.659699058
   -1.999195325    1.745329252    9.028050358  -10.407787122   -3.816548455
   -1.808795770    1.745329252    6.473584076  -15.863696909   -1.044242637
   -1.618396215    1.745329252    3.361422516  -15.538361404    1.359995879
   -1.427996661    1.745329252    1.099002512   -6.854015107    3.121710350
   -1.237597106    1.745329252    1.202071576    8.719663963    4.158070052
   -1.047197551    1.745329252    4.585604552   26.716901376    4.670819759
   -0.856797996    1.745329252   11.211544184   41.908847423    5.113157395
   -0.666398442    1.745329252   20.146234267   50.509297636    6.005335264
   -0.475998887    1.745329252   29.950448166   50.965088784    7.720970531
   -0.285599332    1.745329252   39.095216266   43.847344837   10.332102179
   -0.095199777    1.745329252   46.316162773   31.195974950   13.547950660
    0.095199777    1.745329252   50.841352525   16.153497560   16.785711958
    0.285599332    1.745329252   52.569799853    2.495822814   19.287336333
    0.475998887    1.745329252   52.136797430   -6.005511949   20.344689181
    0.666398442    1.745329252   50.808061286   -6.678768820   19.523072331
    0.856797996    1.745329252   50.149721482    0.854254532   16.848949821
    1.047197551    1.745329252   51.524792347   14.065740575   12.813319914
    1.237597106    1.745329252   55.588212674   28.173556176    8.171748710
    1.427996661    1.745329252   61.989153191   37.851729894    3.651245807
    1.618396215    1.745329252   69.467172457   39.000124048   -0.323918472
    1.808795770    1.745329252   76.210722910   30.132988348   -3.713724127
    1.999195325    1.745329252   80.398566064   12.592730498   -6.729895977
    2.189594880    1.745329252   80.680596597  -10.163037903   -9.601147867
    2.379994435    1.745329252   76.490432594  -33.594014031  -12.363964514
    2.570393989    1.745329252   68.145717145  -53.049479739  -14.805703485
    2.760793544    1.745329252   56.789398039  -64.720378605  -16.571213650
    2.951193099    1.745329252   44.142441053  -66.445289764  -17.364046532

   -3.141592654    2.094395102   24.942971219  -57.618457141  -19.202216257
   -2.951193099    2.094395102   15.489381390  -41.003572442  -18.153840456
   -2.760793544    2.094395102    9.468716875  -22.442116046  -16.287354671
   -2.570393989    2.094395102    6.740053326   -7.220427612  -13.779182798
   -2.379994435    2.094395102    6.258543156    0.750211245  -10.753052102
   -2.189594880    2.094395102    6.504202765    0.584460683   -7.293488200
   -1.999195325    2.094395102    6.133392306   -4.995273651   -3.517348624
   -1.808795770    2.094395102    4.596017652  -10.693692623    0.350926637
   -1.618396215    2.094395102    2.400560785  -11.170064309    3.981923107
   -1.427996661    2.094395102    0.866055774   -3.604717077    7.037061116
   -1.237597106    2.094395102    1.491874238   11.016857646    9.323952693
   -1.047197551    2.094395102    5.271993595   28.712966561   10.896540602
   -0.856797996    2.094395102   12.316045926   44.433055994   12.035344061
   -0.666398442    2.094395102   21.833628930   54.163462354   13.085484828
   -0.475998887    2.094395102   32.450567381   55.798650568   14.264376887
   -0.285599332    2.094395102   42.585762319   49.255190937   15.534396919
   -0.095199777    2.094395102   50.805123321   36.058718873   16.575434203
    0.095199777    2.094395102   56.096939682   19.117225411   16.891693586
    0.285599332    2.094395102   58.113565010    2.404941086   15.963642532
    0.475998887    2.094395102   57.324237028   -9.681152887   13.484147025
    0.666398442    2.094395102   54.977709849  -13.543150205    9.535712747
    0.856797996    2.094395102   52.802378313   -7.937071210    4.657317190
    1.047197551    2.094395102   52.453443343    5.033375151   -0.316421939
    1.237597106    2.094395102   54.896573230   20.381512317   -4.578919636
    1.427996661    2.094395102   59.996819005   32.024215521   -7.662361495
    1.618396215    2.094395102   66.543408385   34.947389516   -9.598406908
    1.808795770    2.094395102   72.621826471   27.043933953  -10.821924003
    1.999195325    2.094395102   76.238065575    9.551661207  -11.903928520
    2.189594880    2.094395102   75.899027396  -13.675947353  -13.264838115
    2.379994435    2.094395102   70.997487963  -37.474212715  -14.998306489
    2.570393989    2.094395102   61.925074303  -56.670921560  -16.864117079
    2.760793544    2.094395102   49.966793735  -67.290285521  -18.432886313
    2.951193099    2.094395102   36.977410897  -67.402155836  -19.291954455

   -3.141592654    2.443460953   18.380909105  -57.610361377  -12.840765396
   -2.951193099    2.443460953    9.063079087  -39.591172906  -11.432486281
   -2.760793544    2.443460953    3.448781901  -19.604033794   -9.447632285
   -2.570393989    2.443460953    1.395652420   -2.975006736   -7.026492723
   -2.379994435    2.443460953    1.853062949    6.347177313   -4.249332218
   -2.189594880    2.443460953    3.281280120    7.359431027   -1.109744594
   -1.999195325    2.443460953    4.284229454    2.565761274    2.429616247
   -1.808795770    2.443460953    4.213128752   -2.978348912    6.318208122
   -1.618396215    2.443460953    3.443341503   -4.034734652   10.331501148
   -1.427996661    2.443460953    3.164355626    2.369772801   14.086825984
   -1.237597106    2.443460953    4.798432368   15.625346797   17.174932343
   -1.047197551    2.443460953    9.340065160   32.159517236   19.320867270
   -0.856797996    2.443460953   16.961620268   47.114889162   20.467388530
   -0.666398442    2.443460953   26.941928807   56.355810530   20.723001395
   -0.475998887    2.443460953   37.926196056   57.408031060   20.223873370
   -0.285599332    2.443460953   48.275306674   49.766615563   19.008383847
   -0.095199777    2.443460953   56.426350976   34.691789896   16.958962314
    0.095199777    2.443460953   61.216097392   15.100143690   13.870843875
    0.285599332    2.443460953   62.181944692   -4.624071635    9.590661765
    0.475998887    2.443460953   59.791334079  -19.340137185    4.223917570
    0.666398442    2.443460953   55.447937722  -24.579312232   -1.745967639
    0.856797996    2.443460953   51.182587454  -18.515872775   -7.494539521
    1.047197551    2.443460953   49.008173797   -3.300289534  -12.118645920
    1.237597106    2.443460953   50.170244844   15.351462807  -14.993510786
    1.427996661    2.443460953   54.631087738   30.240825737  -16.015410335
    1.618396215    2.443460953   61.069831399   35.377976340  -15.620423578
    1.808795770    2.443460953   67.324139183   28.226347913  -14.544986943
    1.999195325    2.443460953   71.130914786   10.211455993  -13.507638778
    2.189594880    2.443460953   70.808729639  -14.201697968  -12.956036069
    2.379994435    2.443460953   65.691553020  -39.144487923  -12.975043844
    2.570393989    2.443460953   56.233268708  -58.927007472  -13.337640047
    2.760793544    2.443460953   43.849901337  -69.369530970  -13.659608292
    2.951193099    2.443460953   30.535747706  -68.639009182  -13.570768856

   -3.141592654    2.792526803   15.615793607  -56.132513584    0.640668067
   -2.951193099    2.792526803    6.640462128  -37.492250517    2.574392056
   -2.760793544    2.792526803    1.484484413  -16.908371534    4.500643336
   -2.570393989    2.792526803    0.000000000    0.300247857    6.382297309
   -2.379994435    2.792526803    1.142197560   10.282279037    8.299864688
   -2.189594880    2.792526803    3.396375807   12.126638780   10.468892104
   -1.999195325    2.792526803    5.398694657    8.299087369   13.149894535
   -1.808795770    2.792526803    6.506485316    3.623323623   16.462041821
   -1.618396215    2.792526803    7.044167639    2.991784765   20.218584766
   -1.427996661    2.792526803    8.087614388    9.099128799   23.909824361
   -1.237597106    2.792526803   10.912273887   21.281653393   26.867642209
   -1.047197551    2.792526803   16.378945113   36.143389112   28.521170332
   -0.856797996    2.792526803   24.571241281   49.089293212   28.581747140
   -0.666398442    2.792526803   34.722604316   56.153509074   27.066490291
   -0.475998887    2.792526803   45.450248362   54.885676972   24.177670918
   -0.285599332    2.792526803   55.083017790   44.726610932   20.153855769
   -0.095199777    2.792526803   62.019757611   26.965329361   15.172210697
    0.095199777    2.792526803   65.085266204    4.764701737    9.369373209
    0.285599332    2.792526803   63.878252250  -16.956143261    2.939161404
    0.475998887    2.792526803   59.047421075  -32.373822360   -3.721619065
    0.666398442    2.792526803   52.298105700  -36.483950332   -9.963707190
    0.856797996    2.792526803   46.022045905  -27.444120728  -14.987656023
    1.047197551    2.792526803   42.533086852   -8.054674576  -18.116150929
    1.237597106    2.792526803   43.202556198   14.859905231  -19.080893634
    1.427996661    2.792526803   47.901737769   33.006106224  -18.134344699
    1.618396215    2.792526803   55.050527952   39.801631278  -15.930711495
    1.808795770    2.792526803   62.178198310   32.766032212  -13.219087768
    1.999195325    2.792526803   66.773283641   13.851986226  -10.577705997
    2.189594880    2.792526803   67.025203969  -11.812778837   -8.282932584
    2.379994435    2.792526803   62.254311228  -37.827926542   -6.348219911
    2.570393989    2.792526803   52.979869471  -58.221899623   -4.632709398
    2.760793544    2.792526803   40.714250251  -68.759772937   -2.964938643
    2.951193099    2.792526803   27.541926691  -67.712011587   -1.221063651
