#! FIELDS phi psi file.free der_phi der_psi
#! SET min_phi -pi
#! SET max_phi pi
#! SET nbins_phi  33
#! SET periodic_phi true
#! SET min_psi -pi
#! SET max_psi pi
#! SET nbins_psi  18
#! SET periodic_psi true
   -3.141592654   -3.141592654   18.285739084  -54.244452172   16.233156802
   -2.951193099   -3.141592654    9.617072229  -36.138899822   18.623735736
   -2.760793544   -3.141592654    4.687478393  -15.839625371   20.310207980
   -2.570393989   -3.141592654    3.404216005    1.411888434   21.359097946
   -2.379994435   -3.141592654    4.797336482   11.890739048   22.058515688
   -2.189594880   -3.141592654    7.450541469   14.806155040   22.880318768
   -1.999195325   -3.141592654   10.107038495   12.561110662   24.304274066
   -1.808795770   -3.141592654   12.190032875    9.579029200   26.555049488
   -1.618396215   -3.141592654   13.985036799   10.095933928   29.401314539
   -1.427996661   -3.141592654   16.398663202   16.152761215   32.168420182
   -1.237597106   -3.141592654   20.439659698   26.763364038   33.984168830
   -1.047197551   -3.141592654   26.687197979   38.686401956   34.127036303
   -0.856797996   -3.141592654   35.011737350   47.858067186   32.274904504
   -0.666398442   -3.141592654   44.549078400   50.960162502   28.555436670
   -0.475998887   -3.141592654   53.935976815   46.103841393   23.398693665
   -0.285599332   -3.141592654   61.613318188   33.131315759   17.340952997
   -0.095199777   -3.141592654   66.154269768   13.597960637   10.857217620
    0.095199777   -3.141592654   66.601098319   -9.152229517    4.315136814
    0.285599332   -3.141592654   62.799061916  -30.061847220   -1.973541989
    0.475998887   -3.141592654   55.660644496  -43.280418778   -7.645806504
    0.666398442   -3.141592654   47.141115480  -43.994718186  -12.242359511
    0.856797996   -3.141592654   39.816501744  -30.876603821  -15.284278120
    1.047197551   -3.141592654   36.059955856   -7.497882075  -16.463684592
    1.237597106   -3.141592654   37.149945245   18.550970431  -15.816852333
    1.427996661   -3.141592654   42.747462760   38.541732025  -13.729089399
    1.618396215   -3.141592654   51.025339474   45.969384879  -10.773392242
    1.808795770   -3.141592654   59.319709770   38.779581878   -7.452825853
    1.999195325   -3.141592654   65.015884109   19.397707597   -4.054830171
    2.189594880   -3.141592654   66.274957301   -6.769511439   -0.644400936
    2.379994435   -3.141592654   62.417668023  -33.274916246    2.816215484
    2.570393989   -3.141592654   53.959177049  -54.224818902    6.349520016
    2.760793544   -3.141592654   42.393254270  -65.432042644    9.883179640
    2.951193099   -3.141592654   29.785431114  -65.124429157   13.250392923

   -3.141592654   -2.792526803   25.680513018  -49.868252642   23.977966934
   -2.951193099   -2.792526803   17.689629352  -33.433047393   26.234043095
   -2.760793544   -2.792526803   13.118054653  -14.745693341   27.469093339
   -2.570393989   -2.792526803   11.922582049    1.353442048   27.850812901
   -2.379994435   -2.792526803   13.262444901   11.562021718   27.773960741
   -2.189594880   -2.792526803   15.914621944   15.301604534   27.790898735
   -1.999195325   -2.792526803   18.816935386   14.746271888   28.413389793
   -1.808795770   -2.792526803   21.494906344   13.587944639   29.842904221
   -1.618396215   -2.792526803   24.166540105   15.078623307   31.784270476
   -1.427996661   -2.792526803   27.494778366   20.472437748   33.489562570
   -1.237597106   -2.792526803   32.145989234   28.582980023   34.040136041
   -1.047197551   -2.792526803   38.385679061   36.635864933   32.726908960
   -0.856797996   -2.792526803   45.906921411   41.494915370   29.310839009
   -0.666398442   -2.792526803   53.855509035   40.800051630   24.074146152
   -0.475998887   -2.792526803   61.038424352   33.365366537   17.644181196
   -0.285599332   -2.792526803   66.161732903   19.303864847   10.757654571
   -0.095199777   -2.792526803   68.077642545    0.070781321    4.047709207
    0.095199777   -2.792526803   66.065794297  -21.294610886   -2.042252449
    0.285599332   -2.792526803   60.147503448  -40.036996642   -7.226783887
    0.475998887   -2.792526803   51.362903003  -50.510189126  -11.288169863
    0.666398442   -2.792526803   41.762080241  -48.059317044  -14.017372817
    0.856797996   -2.792526803   33.978411225  -31.622926219  -15.248584362
    1.047197551   -2.792526803   30.376774421   -5.191200302  -14.954685824
    1.237597106   -2.792526803   32.140807845   23.197356774  -13.324435024
    1.427996661   -2.792526803   38.769908552   44.583523489  -10.718903873
    1.618396215   -2.792526803   48.263019746   52.594403886   -7.533394077
    1.808795770   -2.792526803   57.835893266   45.552047490   -4.030987569
    1.999195325   -2.792526803   64.828416671   26.256494021   -0.296032171
    2.189594880   -2.792526803   67.409894018    0.272544045    3.704371307
    2.379994435   -2.792526803   64.913737957  -26.040590337    7.981507242
    2.570393989   -2.792526803   57.836214975  -47.017349906   12.430685729
    2.760793544   -2.792526803   47.608422219  -58.678393400   16.800890489
    2.951193099   -2.792526803   36.204324955  -59.334063349   20.758080140

   -3.141592654   -2.443460953   34.076897649  -45.310211483   22.283848196
   -2.951193099   -2.443460953   26.784217562  -30.682877605   24.182722837
   -2.760793544   -2.443460953   22.569545630  -13.700792361   25.168929096
   -2.570393989   -2.443460953   21.443425404    1.144676985   25.396554294
   -2.379994435   -2.443460953   22.684990978   10.888462663   25.178889000
   -2.189594880   -2.443460953   25.238288196   15.080511657   24.926738540
   -1.999195325   -2.443460953   28.197039879   15.621691789   24.988759684
   -1.808795770   -2.443460953   31.147904737   15.497297154   25.447288147
   -1.618396215   -2.443460953   34.213602694   17.092342689   25.999366161
   -1.427996661   -2.443460953   37.815463251   21.067137385   26.032201824
   -1.237597106   -2.443460953   42.321262667   26.268226611   24.873653919
   -1.047197551   -2.443460953   47.769543006   30.593494658   22.094709984
   -0.856797996   -2.443460953   53.793047941   31.940217854   17.686055733
   -0.666398442   -2.443460953   59.670328210   28.849991958   12.066025057
   -0.475998887   -2.443460953   64.474295672   20.617625386    5.899474962
   -0.285599332   -2.443460953   67.217784053    7.297332075   -0.113667261
   -0.095199777   -2.443460953   67.009374200  -10.089470973   -5.425914077
    0.095199777   -2.443460953   63.286390136  -29.054708413   -9.723234427
    0.285599332   -2.443460953   56.130697059  -45.277392793  -12.892440067
    0.475998887   -2.443460953   46.579941813  -53.334942754  -14.937522093
    0.666398442   -2.443460953   36.656608805  -48.645208525  -15.892777557
    0.856797996   -2.443460953   28.956143720  -30.190627667  -15.800490280
    1.047197551   -2.443460953   25.793375841   -2.062133060  -14.730802643
    1.237597106   -2.443460953   28.278908795   27.582648513  -12.817199416
    1.427996661   -2.443460953   35.825326068   49.768690667  -10.249881544
    1.618396215   -2.443460953   46.355550676   58.275178100   -7.225777018
    1.808795770   -2.443460953   57.049844372   51.653135970   -3.873138007
    1.999195325   -2.443460953   65.251502704   32.874692473   -0.242468581
    2.189594880   -2.443460953   69.150353135    7.482787688    3.657116334
    2.379994435   -2.443460953   68.076821256  -18.356922281    7.773147730
    2.570393989   -2.443460953   62.478926943  -39.254447675   11.958838629
    2.760793544   -2.443460953   53.692360731  -51.419727805   15.962550936
    2.951193099   -2.443460953   43.574537517  -53.189586740   19.490713059

   -3.141592654   -2.094395102   40.541971767  -41.184053927   13.476897872
   -2.951193099   -2.094395102   33.915633594  -27.844794342   14.762451075
   -2.760793544   -2.094395102   30.112769003  -12.208299701   15.506944785
   -2.570393989   -2.094395102   29.151519550    1.428578895   15.752055927
   -2.379994435   -2.094395102   30.360589831   10.340463471   15.588018146
   -2.189594880   -2.094395102   32.769886058   14.195138708   15.145177364
   -1.999195325   -2.094395102   35.556572806   14.724888362   14.531049839
   -1.808795770   -2.094395102   38.329375715   14.456912857   13.733610342
   -1.618396215   -2.094395102   41.135161466   15.264662421   12.577254115
   -1.427996661   -2.094395102   44.242299348   17.558311943   10.787258111
   -1.237597106   -2.094395102   47.861322324   20.406116092    8.134588349
   -1.047197551   -2.094395102   51.957980992   22.318281076    4.587259506
   -0.856797996   -2.094395102   56.225176549   21.949727757    0.362580498
   -0.666398442   -2.094395102   60.130700021   18.363654994   -4.110508129
   -0.475998887   -2.094395102   62.998147494   10.986058653   -8.340448119
   -0.285599332   -2.094395102   64.074708115   -0.431814701  -11.908254650
   -0.095199777   -2.094395102   62.619558941  -15.416953256  -14.571332096
    0.095199777   -2.094395102   58.110414525  -32.028362587  -16.295328790
    0.285599332   -2.094395102   50.581191349  -46.310328730  -17.193093632
    0.475998887   -2.094395102   40.976454359  -52.940474717  -17.444136289
    0.666398442   -2.094395102   31.228991494  -47.236939055  -17.194388441
    0.856797996   -2.094395102   23.872595461  -27.998936359  -16.512565723
    1.047197551   -2.094395102   21.194086367    0.835577256  -15.381282637
    1.237597106   -2.094395102   24.295853001   31.162419012  -13.748524475
    1.427996661   -2.094395102   32.587082011   54.000857136  -11.595495579
    1.618396215   -2.094395102   43.982351819   63.117920610   -8.976989812
    1.808795770   -2.094395102   55.653282646   57.051593426   -6.007430992
    1.999195325   -2.094395102   64.932191010   38.771707875   -2.833076759
    2.189594880   -2.094395102   69.995048706   13.778259094    0.411699017
    2.379994435   -2.094395102   70.145220140  -11.845753138    3.602610521
    2.570393989   -2.094395102   65.786048643  -32.820531629    6.622206417
    2.760793544   -2.094395102   58.189972963  -45.419862588    9.344524399
    2.951193099   -2.094395102   49.145691799  -47.979070537   11.657003977

   -3.141592654   -1.745329252   42.673271415  -39.249511549    5.057191965
   -2.951193099   -1.745329252   36.370855690  -26.392188735    5.632782952
   -2.760793544   -1.745329252   32.795100734  -11.291691224    5.980083638
   -2.570393989   -1.745329252   31.948976610    1.700577116    6.077005796
   -2.379994435   -1.745329252   33.139940486    9.857096695    5.858028390
   -2.189594880   -1.745329252   35.376116194   12.837881619    5.235795972
   -1.999195325   -1.745329252   37.807399048   12.312856579    4.113253930
   -1.808795770   -1.745329252   40.000290605   10.731303952    2.390973766
   -1.618396215   -1.745329252   41.952540411   10.001017527    0.006952158
   -1.427996661   -1.745329252   43.908700984   10.767665771   -2.994476969
   -1.237597106   -1.745329252   46.119082232   12.516624349   -6.421947668
   -1.047197551   -1.745329252   48.672695331   14.168022684   -9.950643676
   -0.856797996   -1.745329252   51.447017463   14.602721350  -13.210910521
   -0.666398442   -1.745329252   54.107487470   12.766645384  -15.870958653
   -0.475998887   -1.745329252   56.124111494    7.702771410  -17.727113597
   -0.285599332   -1.745329252   56.801694983   -1.367679370  -18.727827645
   -0.095199777   -1.745329252   55.359550608  -14.451554136  -18.967711421
    0.095199777   -1.745329252   51.158711821  -29.887619010  -18.662486361
    0.285599332   -1.745329252   44.086297936  -43.772865251  -18.069027398
    0.475998887   -1.745329252   34.951859341  -50.603861272  -17.416924607
    0.666398442   -1.745329252   25.605949560  -45.363828487  -16.818429729
    0.856797996   -1.745329252   18.569523628  -26.459315790  -16.236271263
    1.047197551   -1.745329252   16.184962286    2.466123620  -15.494030249
    1.237597106   -1.745329252   19.645412585   33.363520451  -14.364186229
    1.427996661   -1.745329252   28.437662695   57.074718015  -12.695293625
    1.618396215   -1.745329252   40.503730543   67.049990542  -10.493266075
    1.808795770   -1.745329252   52.983793552   61.541988658   -7.917378059
    1.999195325   -1.745329252   63.139361632   43.413485258   -5.218401036
    2.189594880   -1.745329252   69.072108204   18.213004437   -2.633635699
    2.379994435   -1.745329252   70.029114578   -7.838164788   -0.337560641
    2.570393989   -1.745329252   66.384184899  -29.343679164    1.579616580
    2.760793544   -1.745329252   59.398453186  -42.488931974    3.091939582
    2.951193099   -1.745329252   50.862893804  -45.564694454    4.230790240

   -3.141592654   -1.396263402   41.080343350  -39.715079347    2.681775371
   -2.951193099   -1.396263402   34.693882392  -26.795418219    2.621299504
   -2.760793544   -1.396263402   31.055206528  -11.555458743    2.348084527
   -2.570393989   -1.396263402   30.165910606    1.476187376    1.852915940
   -2.379994435   -1.396263402   31.297453536    9.389595058    1.029089775
   -2.189594880   -1.396263402   33.385946258   11.665384133   -0.307037635
   -1.999195325   -1.396263402   35.482765156    9.884289660   -2.355682179
   -1.808795770   -1.396263402   37.058813082    6.637687763   -5.237789452
   -1.618396215   -1.396263402   38.071298792    4.276412034   -8.884565440
   -1.427996661   -1.396263402   38.827822082    4.046744834  -12.967306775
   -1.237597106   -1.396263402   39.750521128    5.925772462  -16.941256377
   -1.047197551   -1.396263402   41.161270267    8.943144467  -20.193402603
   -0.856797996   -1.396263402   43.149009966   11.679269856  -22.248369934
   -0.666398442   -1.396263402   45.504037737   12.482463300  -22.901738063
   -0.475998887   -1.396263402   47.700816683    9.789602366  -22.266417526
   -0.285599332   -1.396263402   48.945871360    2.362298735  -20.695268346
   -0.095199777   -1.396263402   48.295638884  -10.039407509  -18.650349498
    0.095199777   -1.396263402   44.923649847  -25.744446655  -16.583381218
    0.285599332   -1.396263402   38.551638455  -40.661159176  -14.813978209
    0.475998887   -1.396263402   29.876331158  -48.910705489  -13.491468651
    0.666398442   -1.396263402   20.721151134  -44.994847677  -12.578885872
    0.856797996   -1.396263402   13.672184581  -26.838625859  -11.905064369
    1.047197551   -1.396263402   11.212862360    2.199895189  -11.227667941
    1.237597106   -1.396263402   14.699537995   33.996715375  -10.320239355
    1.427996661   -1.396263402   23.734801696   58.998447854   -9.059011628
    1.618396215   -1.396263402   36.283348649   70.118534862   -7.448295098
    1.808795770   -1.396263402   49.413601470   65.175816136   -5.602697563
    1.999195325   -1.396263402   60.259200749   46.909628798   -3.692315012
    2.189594880   -1.396263402   66.798404863   21.006646697   -1.875309309
    2.379994435   -1.396263402   68.197199480   -6.015863246   -0.278117141
    2.570393989   -1.396263402   64.806194786  -28.482156294    1.010614733
    2.760793544   -1.396263402   57.909163874  -42.371926671    1.932058168
    2.951193099   -1.396263402   49.349060627  -45.887965362    2.476609641

   -3.141592654   -1.047197551   38.812794982  -41.868783702    3.234820040
   -2.951193099   -1.047197551   32.017225770  -28.889813337    2.201704550
   -2.760793544   -1.047197551   28.008761962  -13.326306183    0.864702063
   -2.570393989   -1.047197551   26.813695719   -0.002827171   -0.680620872
   -2.379994435   -1.047197551   27.663466916    7.812965018   -2.463999483
   -2.189594880   -1.047197551   29.391828049    9.341166222   -4.646565882
   -1.999195325   -1.047197551   30.923420171    6.190262850   -7.437545748
   -1.808795770   -1.047197551   31.644301202    1.365276883  -10.931264553
   -1.618396215   -1.047197551   31.536319362   -2.074292245  -14.941393722
   -1.427996661   -1.047197551   31.070515515   -2.202918441  -18.943495276
   -1.237597106   -1.047197551   30.931187851    1.267417192  -22.202993728
   -1.047197551   -1.047197551   31.708364180    7.096743094  -24.037598035
   -0.856797996   -1.047197551   33.659277616   13.146639765  -24.088539543
   -0.666398442   -1.047197551   36.584853290   16.871193316  -22.447330302
   -0.475998887   -1.047197551   39.813239222   16.009447836  -19.603307389
   -0.285599332   -1.047197551   42.306156316    9.012365722  -16.248307982
   -0.095199777   -1.047197551   42.858081929   -4.262850166  -13.033620342
    0.095199777   -1.047197551   40.429734856  -21.710765886  -10.391274377
    0.285599332   -1.047197551   34.631448188  -38.668960060   -8.427282210
    0.475998887   -1.047197551   26.158936867  -48.678971314   -6.988673864
    0.666398442   -1.047197551   16.934641116  -45.815598384   -5.799386170
    0.856797996   -1.047197551    9.702344714  -27.805263485   -4.640208870
    1.047197551   -1.047197551    7.113940257    1.911794091   -3.439719052
    1.237597106   -1.047197551   10.653716654   34.864440256   -2.255199436
    1.427996661   -1.047197551   19.971013365   61.044483414   -1.191752096
    1.618396215   -1.047197551   32.993578789   72.953238308   -0.292604741
    1.808795770   -1.047197551   46.691236716   68.187817550    0.486370490
    1.999195325   -1.047197551   58.080241197   49.517133169    1.239525107
    2.189594880   -1.047197551   65.043630067   22.801665736    2.035086421
    2.379994435   -1.047197551   66.690120605   -5.225599908    2.845617960
    2.570393989   -1.047197551   63.350771189  -28.724051355    3.536759388
    2.760793544   -1.047197551   56.317254465  -43.531011970    3.916201314
    2.951193099   -1.047197551   47.467497841  -47.722608424    3.831853251

   -3.141592654   -0.698131701   38.513835732  -45.007769078    3.143393140
   -2.951193099   -0.698131701   31.077792450  -32.402933005    0.967763049
   -2.760793544   -0.698131701   26.395142094  -16.845396037   -1.555350388
   -2.570393989   -0.698131701   24.539863019   -3.433790526   -4.184116475
   -2.379994435   -0.698131701   24.726754194    4.209673065   -6.824446250
   -2.189594880   -0.698131701   25.714434106    5.080444266   -9.578306720
   -1.999195325   -0.698131701   26.340072130    0.906216170  -12.642663430
   -1.808795770   -0.698131701   25.963787549   -4.791900972  -16.079637583
   -1.618396215   -0.698131701   24.663760980   -8.235340303  -19.609037328
   -1.427996661   -0.698131701   23.133007342   -6.971649826  -22.583604331
   -1.237597106   -0.698131701   22.331041215   -0.721832665  -24.213387694
   -1.047197551   -0.698131701   23.061270188    8.643687930  -23.926046718
   -0.856797996   -0.698131701   25.633703775   17.999803794  -21.655649831
   -0.666398442   -0.698131701   29.713048860   23.884303300  -17.896442530
   -0.475998887   -0.698131701   34.354186911   23.548719962  -13.502022298
   -0.285599332   -0.698131701   38.206124500   15.526126679   -9.358069465
   -0.095199777   -0.698131701   39.817110306    0.237087777   -6.059271798
    0.095199777   -0.698131701   38.035751694  -19.371549061   -3.749489404
    0.285599332   -0.698131701   32.520847749  -37.882551223   -2.128646912
    0.475998887   -0.698131701   24.130842602  -48.417274954   -0.688573771
    0.666398442   -0.698131701   14.985176199  -45.132261025    0.991843020
    0.856797996   -0.698131701    7.967163526  -26.232367036    3.002169073
    1.047197551   -0.698131701    5.759404135    4.259417433    5.069120707
    1.237597106   -0.698131701    9.782376525   37.476307381    6.750779615
    1.427996661   -0.698131701   19.579696216   63.393680168    7.695596667
    1.618396215   -0.698131701   33.000665800   74.764022643    7.851294906
    1.808795770   -0.698131701   46.991674799   69.479124235    7.454922755
    1.999195325   -0.698131701   58.590121228   50.452400683    6.884699728
    2.189594880   -0.698131701   65.705604017   23.464990980    6.445438475
    2.379994435   -0.698131701   67.444514349   -4.954067979    6.225245408
    2.570393989   -0.698131701   64.097630386  -29.127904294    6.067218876
    2.760793544   -0.698131701   56.900158472  -44.877919986    5.667184251
    2.951193099   -0.698131701   47.697088052  -50.078129780    4.738121736

   -3.141592654   -0.349065850   39.164728368  -49.448854500    2.903129939
   -2.951193099   -0.349065850   30.797250420  -37.648736086   -0.015235547
   -2.760793544   -0.349065850   25.081084915  -22.360705387   -3.188398660
   -2.570393989   -0.349065850   22.181458844   -8.852435274   -6.316162953
   -2.379994435   -0.349065850   21.349398907   -1.101246614   -9.253171358
   -2.189594880   -0.349065850   21.316429436   -0.376361060  -12.061421892
   -1.999195325   -0.349065850   20.874771388   -4.835828833  -14.887896062
   -1.808795770   -0.349065850   19.403834954  -10.421691124  -17.713932447
   -1.618396215   -0.349065850   17.122446186  -12.687450404  -20.170896377
   -1.427996661   -0.349065850   14.966396435   -8.855852030  -21.590752234
   -1.237597106   -0.349065850   14.138941859    1.008548594  -21.309252778
   -1.047197551   -0.349065850   15.559442470   14.087659484  -19.046961697
   -0.856797996   -0.349065850   19.448726356   26.130507402  -15.122161225
   -0.666398442   -0.349065850   25.192312143   32.900244041  -10.366239945
   -0.475998887   -0.349065850   31.480362805   31.535640592   -5.777529523
   -0.285599332   -0.349065850   36.642013223   21.147426633   -2.131266646
   -0.095199777   -0.349065850   39.063932947    3.160008666    0.317251877
    0.095199777   -0.349065850   37.633770932  -18.411105177    1.879190454
    0.285599332   -0.349065850   32.224060975  -37.482233132    3.255342877
    0.475998887   -0.349065850   23.972982519  -47.162543138    5.149542498
    0.666398442   -0.349065850   15.215465756  -42.278807463    7.886031465
    0.856797996   -0.349065850    8.882931756  -22.034158353   11.200690897
    1.047197551   -0.349065850    7.524273207    8.750308387   14.351599981
    1.237597106   -0.349065850   12.330111030   41.005607861   16.511681743
    1.427996661   -0.349065850   22.639753074   65.175723156   17.173107172
    1.618396215   -0.349065850   36.227145897   74.790738104   16.382150600
    1.808795770   -0.349065850   50.102597227   68.378015438   14.639141549
    1.999195325   -0.349065850   61.448928898   49.031423427   12.615017556
    2.189594880   -0.349065850   68.308173103   22.247560767   10.823032293
    2.379994435   -0.349065850   69.839085233   -5.962160765    9.439645771
    2.570393989   -0.349065850   66.287914916  -30.360597527    8.294583877
    2.760793544   -0.349065850   58.787091490  -46.920113206    7.024922775
    2.951193099   -0.349065850   49.084219872  -53.326103151    5.282702434

   -3.141592654    0.000000000   40.305345585  -54.464290293    2.328568450
   -2.951193099    0.000000000   30.911153140  -43.307944659   -0.451032905
   -2.760793544    0.000000000   24.100016518  -28.096412604   -3.324967940
   -2.570393989    0.000000000   20.138074054  -14.221893481   -6.076623800
   -2.379994435    0.000000000   18.329436356   -5.995200777   -8.610250818
   -2.189594880    0.000000000   17.399353270   -4.930081743  -10.971678009
   -1.999195325    0.000000000   16.118599815   -9.062232230  -13.218134550
   -1.808795770    0.000000000   13.907079572  -13.840612145  -15.209305736
   -1.618396215    0.000000000   11.127690224  -14.301265497  -16.511663892
   -1.427996661    0.000000000    8.923745905   -7.589966338  -16.539790265
   -1.237597106    0.000000000    8.656186478    5.624452899  -14.883688324
   -1.047197551    0.000000000   11.236494724   21.463572876  -11.615536266
   -0.856797996    0.000000000   16.673656415   34.690360857   -7.351614243
   -0.666398442    0.000000000   24.004737693   40.700842353   -3.025837544
   -0.475998887    0.000000000   31.577758235   37.040665049    0.524491032
   -0.285599332    0.000000000   37.519151885   23.843464665    2.896669411
   -0.095199777    0.000000000   40.232956893    3.725380463    4.285459663
    0.095199777    0.000000000   38.829266678  -18.393581835    5.367293741
    0.285599332    0.000000000   33.515244509  -36.224542349    6.983704181
    0.475998887    0.000000000   25.723631722  -43.491403470    9.719265425
    0.666398442    0.000000000   17.902589706  -36.248104095   13.572535460
    0.856797996    0.000000000   12.848573454  -14.959903021   17.885149771
    1.047197551    0.000000000   12.781681032   14.899450361   21.598616456
    1.237597106    0.000000000   18.530082479   44.539668490   23.742763107
    1.427996661    0.000000000   29.201475386   65.443665671   23.851736128
    1.618396215    0.000000000   42.563345259   72.329815083   22.129258575
    1.808795770    0.000000000   55.809609353   64.475708370   19.262242055
    1.999195325    0.000000000   66.382995003   45.005712376   16.071608065
    2.189594880    0.000000000   72.531170078   18.879880243   13.165687800
    2.379994435    0.000000000   73.492150481   -8.631251064   10.781525497
    2.570393989    0.000000000   69.461140812  -32.844694508    8.798567447
    2.760793544    0.000000000   61.448963687  -49.914597587    6.907880999
    2.951193099    0.000000000   51.086146684  -57.313135241    4.802393527

   -3.141592654    0.349065850   42.216075895  -58.417380842    2.323625373
   -2.951193099    0.349065850   32.016468629  -47.738215141    0.552637315
   -2.760793544    0.349065850   24.343041038  -32.647592758   -1.157119173
   -2.570393989    0.349065850   19.528277341  -18.586103913   -2.780298324
   -2.379994435    0.349065850   16.915976177  -10.060887852   -4.351736386
   -2.189594880    0.349065850   15.240612602   -8.679743056   -5.938141524
   -1.999195325    0.349065850   13.288783811  -12.293445119   -7.522198406
   -1.808795770    0.349065850   10.554409942  -15.967871700   -8.878215020
   -1.618396215    0.349065850    7.540072424  -14.500705643   -9.582981814
   -1.427996661    0.349065850    5.533687812   -5.259156515   -9.207711799
   -1.237597106    0.349065850    5.948328229   10.363953613   -7.588061321
   -1.047197551    0.349065850    9.587369930   27.618383819   -4.986069136
   -0.856797996    0.349065850   16.210784467   40.723102614   -2.009683847
   -0.666398442    0.349065850   24.563717128   45.216819759    0.664963940
   -0.475998887    0.349065850   32.793411327   39.393536331    2.634450176
   -0.285599332    0.349065850   39.002033941   24.447671256    3.943575606
   -0.095199777    0.349065850   41.764255000    3.899342604    5.075829937
    0.095199777    0.349065850   40.487759450  -16.955881425    6.737014299
    0.285599332    0.349065850   35.679881272  -32.193507486    9.524623380
    0.475998887    0.349065850   28.936998895  -36.571918753   13.609356109
    0.666398442    0.349065850   22.638015935  -27.463180646   18.554063501
    0.856797996    0.349065850   19.279419086   -6.336508789   23.394981751
    1.047197551    0.349065850   20.661176779   21.156619535   26.984060080
    1.237597106    0.349065850   27.250642206   46.974791441   28.462951848
    1.427996661    0.349065850   37.997336946   63.895004261   27.597372560
    1.618396215    0.349065850   50.759400279   67.825300681   24.820759614
    1.808795770    0.349065850   62.994419487   58.642271006   20.970027555
    1.999195325    0.349065850   72.452622011   39.330156842   16.920170396
    2.189594880    0.349065850   77.609291146   14.225135208   13.281259760
    2.379994435    0.349065850   77.795156943  -12.159397235   10.302483209
    2.570393989    0.349065850   73.167498586  -35.685859754    7.922580125
    2.760793544    0.349065850   64.627453473  -52.723660499    5.931895654
    2.951193099    0.349065850   53.688980223  -60.608371384    4.109799614

   -3.141592654    0.698131701   44.004842332  -60.386978576    0.960995963
   -2.951193099    0.698131701   33.423059132  -49.765319328    0.628100130
   -2.760793544    0.698131701   25.351820015  -34.791611931    0.450577161
   -2.570393989    0.698131701   20.113614372  -20.889908283    0.260020760
   -2.379994435    0.698131701   17.043442182  -12.557577899   -0.094746885
   -2.189594880    0.698131701   14.879258940  -11.279097577   -0.701008827
   -1.999195325    0.698131701   12.447341635  -14.651547365   -1.516847671
   -1.808795770    0.698131701    9.332541434  -17.492610144   -2.336498971
   -1.618396215    0.698131701    6.154978753  -14.609661547   -2.857754095
   -1.427996661    0.698131701    4.283674554   -3.743896723   -2.841998324
   -1.237597106    0.698131701    5.114404524   13.098612975   -2.259820757
   -1.047197551    0.698131701    9.321934432   30.684090728   -1.315510105
   -0.856797996    0.698131701   16.483124546   43.167122225   -0.305302094
   -0.666398442    0.698131701   25.198633626   46.561389896    0.582442726
   -0.475998887    0.698131701   33.594704324   39.902402815    1.432391080
   -0.285599332    0.698131701   39.893028526   25.078556965    2.592429155
   -0.095199777    0.698131701   42.888342162    5.934840344    4.540615509
    0.095199777    0.698131701   42.223037685  -12.434078016    7.671043466
    0.285599332    0.698131701   38.550282549  -24.809403444   12.060421318
    0.475998887    0.698131701   33.442403666  -26.988550471   17.333341084
    0.666398442    0.698131701   29.052115298  -17.348511461   22.666018976
    0.856797996    0.698131701   27.497216917    2.116587751   26.998497616
    1.047197551    0.698131701   30.170828108   26.015503836   29.385906835
    1.237597106    0.698131701   37.259133370   47.315134067   29.349066941
    1.427996661    0.698131701   47.660017061   60.096360547   27.039112807
    1.618396215    0.698131701   59.411020225   61.291082120   23.126167253
    1.808795770    0.698131701   70.283502110   51.151647714   18.494195629
    1.999195325    0.698131701   78.346730263   32.359406101   13.933424508
    2.189594880    0.698131701   82.295738800    8.587103524    9.949577320
    2.379994435    0.698131701   81.549979672  -16.334819572    6.759871119
    2.570393989    0.698131701   76.244295110  -38.700782329    4.370429896
    2.760793544    0.698131701   67.203575185  -55.041915600    2.693401729
    2.951193099    0.698131701   55.856444195  -62.628589604    1.601728446

   -3.141592654    1.047197551   42.893612422  -60.701285311   -3.680944247
   -2.951193099    1.047197551   32.327670856  -49.322460714   -2.836640173
   -2.760793544    1.047197551   24.380810510  -33.985948566   -1.754511363
   -2.570393989    1.047197551   19.301098741  -20.079807313   -0.736761869
   -2.379994435    1.047197551   16.362230970  -12.013759272    0.010890596
   -2.189594880    1.047197551   14.265159841  -11.116949500    0.399743949
   -1.999195325    1.047197551   11.831956265  -14.799049761    0.448390738
   -1.808795770    1.047197551    8.675763803  -17.739144685    0.250846737
   -1.618396215    1.047197551    5.457957909  -14.765384414   -0.077752195
   -1.427996661    1.047197551    3.569619826   -3.787053444   -0.455919457
   -1.237597106    1.047197551    4.391323893   12.996342613   -0.842172567
   -1.047197551    1.047197551    8.558663922   30.339113272   -1.187595684
   -0.856797996    1.047197551   15.632500104   42.631204278   -1.350512086
   -0.666398442    1.047197551   24.263254994   46.327817058   -1.069216049
   -0.475998887    1.047197551   32.710443132   40.834284648    0.004739119
   -0.285599332    1.047197551   39.375468924   28.140651075    2.186678010
   -0.095199777    1.047197551   43.213228644   11.790794794    5.624559475
    0.095199777    1.047197551   43.933309715   -3.811187615   10.199818258
    0.285599332    1.047197551   42.101298136  -14.318587980   15.457194250
    0.475998887    1.047197551   39.039421877  -16.322532862   20.648751884
    0.666398442    1.047197551   36.533371289   -8.568418214   24.868350163
    0.856797996    1.047197551   36.323762318    7.230471174   27.302140501
    1.047197551    1.047197551   39.541838987   26.568811111   27.489146208
    1.237597106    1.047197551   46.314588127   43.588487022   25.469397772
    1.427996661    1.047197551   55.689644257   53.304793245   21.752622511
    1.618396215    1.047197551   65.981278796   53.009431794   17.090052226
    1.808795770    1.047197551   75.248209260   42.752173340   12.203916114
    1.999195325    1.047197551   81.774134245   24.700636172    7.617326316
    2.189594880    1.047197551   84.369285093    2.059498340    3.625345384
    2.379994435    1.047197551   82.498937390  -21.611453748    0.386468141
    2.570393989    1.047197551   76.311194881  -42.677944276   -1.997880646
    2.760793544    1.047197551   66.638310125  -57.700893320   -3.449678177
    2.951193099    1.047197551   54.905774477  -64.020979147   -3.969831216

   -3.141592654    1.396263402   38.570401700  -59.336660445  -10.302516075
   -2.951193099    1.396263402   28.414664610  -46.474939829   -9.128701738
   -2.760793544    1.396263402   21.093099798  -30.393998083   -7.516349659
   -2.570393989    1.396263402   16.710462915  -16.455789043   -5.760309642
   -2.379994435    1.396263402   14.418984809   -8.907301559   -4.035264123
   -2.189594880    1.396263402   12.835471102   -8.867678102   -2.420120165
   -1.999195325    1.396263402   10.734504223  -13.577697297   -0.971023784
   -1.808795770    1.396263402    7.708011958  -17.602822946    0.218460299
   -1.618396215    1.396263402    4.414148832  -15.694421008    1.016610122
   -1.427996661    1.396263402    2.258696366   -5.634877005    1.318115175
   -1.237597106    1.396263402    2.670087760   10.603261614    1.152725106
   -1.047197551    1.396263402    6.383486299   28.094413483    0.753359438
   -0.856797996    1.396263402   13.118705762   41.486744511    0.551397382
   -0.666398442    1.396263402   21.718039584   47.297745560    1.048633783
   -0.475998887    1.396263402   30.614205094   44.663906981    2.659759149
   -0.285599332    1.396263402   38.300801569   35.004995202    5.567528412
   -0.095199777    1.396263402   43.695830920   21.132420147    9.641847728
    0.095199777    1.396263402   46.332572838    6.715113317   14.446677538
    0.285599332    1.396263402   46.477765175   -4.394496974   19.270648806
    0.475998887    1.396263402   45.097716926   -8.876391445   23.263652939
    0.666398442    1.396263402   43.654595713   -5.022385224   25.624299433
    0.856797996    1.396263402   43.699469480    6.372074875   25.847718969
    1.047197551    1.396263402   46.371531952   21.866504497   23.896262721
    1.237597106    1.396263402   51.988015815   36.408743605   20.196702555
    1.427996661    1.396263402   59.885087438   45.193588552   15.471656239
    1.618396215    1.396263402   68.638970325   45.093213539   10.448135963
    1.808795770    1.396263402   76.459342826   35.490246444    5.632295106
    1.999195325    1.396263402   81.664278735   18.054109523    1.259978033
    2.189594880    1.396263402   83.041647093   -4.088540128   -2.603510435
    2.379994435    1.396263402   80.056312545  -27.118238668   -5.894797600
    2.570393989    1.396263402   72.916344270  -47.066295457   -8.466057646
    2.760793544    1.396263402   62.560569856  -60.387963192  -10.113998120
    2.951193099    1.396263402   50.508534001  -64.642487263  -10.710475758

   -3.141592654    1.745329252   32.162367541  -58.037435616  -16.573855485
   -2.951193099    1.745329252   22.426080729  -43.458834222  -15.549055923
   -2.760793544    1.745329252   15.790703994  -26.319984601  -13.829952508
   -2.570393989    1.745329252   12.233881411  -11.951752963  -11.654360380
   -2.379994435    1.745329252   10.800160687   -4.472576495   -9.162203939
   -2.189594880    1.745329252   10.022594155   -4.900193775   -6.430232194
   -1.999195325    1.745329252    8.603267659  -10.452043923   -3.563374451
   -1.808795770    1.745329252    6.063293629  -15.676314881   -0.770733722
   -1.618396215    1.745329252    3.003946399  -15.179260183    1.652972292
   -1.427996661    1.745329252    0.821551424   -6.379445874    3.439884804
   -1.237597106    1.745329252    1.021219662    9.255541301    4.508675564
   -1.047197551    1.745329252    4.506682687   27.242896516    5.053353335
   -0.856797996    1.745329252   11.223646910   42.325290649    5.511721934
   -0.666398442    1.745329252   20.217308879   50.694131513    6.387053486
   -0.475998887    1.745329252   30.025608189   50.814702923    8.042965580
   -0.285599332    1.745329252   39.106814007   43.339365834   10.552716381
   -0.095199777    1.745329252   46.204659678   30.445383614   13.637470490
    0.095199777    1.745329252   50.582097127   15.403738815   16.731049204
    0.285599332    1.745329252   52.190424520    2.029389883   19.090363021
    0.475998887    1.745329252   51.711098899   -6.008026320   20.016878170
    0.666398442    1.745329252   50.424751281   -6.255641020   19.084726614
    0.856797996    1.745329252   49.867497952    1.435879867   16.334610224
    1.047197551    1.745329252   51.337711804   14.422085496   12.280948774
    1.237597106    1.745329252   55.421031848   27.994665984    7.705586100
    1.427996661    1.745329252   61.728838257   37.069836036    3.350876361
    1.618396215    1.745329252   69.016275172   37.843201401   -0.368353382
    1.808795770    1.745329252   75.536929404   29.031982267   -3.450062931
    1.999195325    1.745329252   79.555920407   11.988519699   -6.163286925
    2.189594880    1.745329252   79.792458078  -10.010621449   -8.795598466
    2.379994435    1.745329252   75.703442601  -32.710782435  -11.425295545
    2.570393989    1.745329252   67.575048972  -51.724255660  -13.853717245
    2.760793544    1.745329252   56.479135120  -63.382498612  -15.710706401
    2.951193099    1.745329252   44.055120890  -65.493169846  -16.662859218

   -3.141592654    2.094395102   25.161485609  -57.603570849  -18.699935632
   -2.951193099    2.094395102   15.662579863  -41.461322052  -17.810128656
   -2.760793544    2.094395102    9.526638341  -23.147475747  -16.032163860
   -2.570393989    2.094395102    6.660284303   -7.917275326  -13.545230190
   -2.379994435    2.094395102    6.062145192    0.244217413  -10.493720296
   -2.189594880    2.094395102    6.236471035    0.346203357   -6.989566917
   -1.999195325    2.094395102    5.845108756   -4.973264185   -3.171416721
   -1.808795770    2.094395102    4.332694040  -10.460097678    0.726010248
   -1.618396215    2.094395102    2.197895279  -10.771781165    4.372062553
   -1.427996661    2.094395102    0.750907047   -3.090223981    7.430470762
   -1.237597106    2.094395102    1.480280134   11.582834313    9.707778485
   -1.047197551    2.094395102    5.364912586   29.230807325   11.251073609
   -0.856797996    2.094395102   12.492133711   44.769969358   12.332029564
   -0.666398442    2.094395102   22.045138726   54.179396106   13.291446191
   -0.475998887    2.094395102   32.625984185   55.399144022   14.354003964
   -0.285599332    2.094395102   42.645264001   48.454197285   15.500466317
   -0.095199777    2.094395102   50.685396181   35.019486546   16.433329515
    0.095199777    2.094395102   55.778212345   18.123078235   16.672065323
    0.285599332    2.094395102   57.634026210    1.756512408   15.697888607
    0.475998887    2.094395102   56.769725649   -9.802825911   13.191306953
    0.666398442    2.094395102   54.448864353  -13.175411642    9.222182589
    0.856797996    2.094395102   52.371501627   -7.327712531    4.330541093
    1.047197551    2.094395102   52.133798020    5.538156064   -0.627244689
    1.237597106    2.094395102   54.639508532   20.506908770   -4.810461241
    1.427996661    2.094395102   59.719889766   31.703935711   -7.724338811
    1.618396215    2.094395102   66.175099208   34.357927550   -9.401433820
    1.808795770    2.094395102   72.141102887   26.517081511  -10.313680193
    1.999195325    2.094395102   75.689155903    9.411998796  -11.096390410
    2.189594880    2.094395102   75.374914238  -13.261701886  -12.238492234
    2.379994435    2.094395102   70.601493706  -36.570936052  -13.880694916
    2.570393989    2.094395102   61.727654497  -55.543517751  -15.792010048
    2.760793544    2.094395102   49.977069702  -66.292778661  -17.514671818
    2.951193099    2.094395102   37.140158002  -66.832757651  -18.583019226

   -3.141592654    2.443460953   18.742548985  -57.918689567  -12.525606973
   -2.951193099    2.443460953    9.330395448  -40.236616073  -11.261249685
   -2.760793544    2.443460953    3.578662719  -20.358222352   -9.346078598
   -2.570393989    2.443460953    1.389082365   -3.618262330   -6.930823537
   -2.379994435    2.443460953    1.745529598    5.942988484   -4.118779060
   -2.189594880    2.443460953    3.122399174    7.223171363   -0.929316865
   -1.999195325    2.443460953    4.121669770    2.661744077    2.654485394
   -1.808795770    2.443460953    4.085956110   -2.708174180    6.569970518
   -1.618396215    2.443460953    3.380092313   -3.638162006   10.586854457
   -1.427996661    2.443460953    3.184385597    2.840349251   14.319547031
   -1.237597106    2.443460953    4.908728051   16.093286350   17.356521188
   -1.047197551    2.443460953    9.529980597   32.512761863   19.421143489
   -0.856797996    2.443460953   17.196910599   47.220979277   20.459595503
   -0.666398442    2.443460953   27.164236592   56.100595655   20.592864628
   -0.475998887    2.443460953   38.060828091   56.747480533   19.981124668
   -0.285599332    2.443460953   48.250002275   48.773503393   18.691883696
   -0.095199777    2.443460953   56.195262551   33.569595047   16.629342955
    0.095199777    2.443460953   60.781001163   14.132761856   13.589701247
    0.285599332    2.443460953   61.598640086   -5.176111830    9.395688631
    0.475998887    2.443460953   59.153477780  -19.352150043    4.113912431
    0.666398442    2.443460953   54.854741249  -24.124115438   -1.804284737
    0.856797996    2.443460953   50.702416371  -17.829481913   -7.539566683
    1.047197551    2.443460953   48.657043111   -2.673916326  -12.160360191
    1.237597106    2.443460953   49.914393163   15.708353410  -14.993403743
    1.427996661    2.443460953   54.412838039   30.293105798  -15.893181601
    1.618396215    2.443460953   60.842552741   35.269924431  -15.287067747
    1.808795770    2.443460953   67.079395733   28.196036659  -13.946348294
    1.999195325    2.443460953   70.904358803   10.462256144  -12.657275536
    2.189594880    2.443460953   70.662938487  -13.603200020  -11.939816784
    2.379994435    2.443460953   65.685657808  -38.302489940  -11.925345603
    2.570393989    2.443460953   56.393048559  -58.072832128  -12.388888736
    2.760793544    2.443460953   44.152016857  -68.767165178  -12.907246299
    2.951193099    2.443460953   30.912290014  -68.476029531  -13.049108373

   -3.141592654    2.792526803   16.039218350  -56.716422783    0.609572159
   -2.951193099    2.792526803    6.929046605  -38.286922740    2.438995699
   -2.760793544    2.792526803    1.618738503  -17.695339074    4.331251868
   -2.570393989    2.792526803    0.000000000   -0.293853974    6.230627721
   -2.379994435    2.792526803    1.055003247    9.966485713    8.191762201
   -2.189594880    2.792526803    3.275232754   12.079413533   10.405976780
   -1.999195325    2.792526803    5.288346641    8.455408175   13.115541874
   -1.808795770    2.792526803    6.438442916    3.904639234   16.428727681
   -1.618396215    2.792526803    7.036288118    3.336344936   20.154532994
   -1.427996661    2.792526803    8.146440358    9.446731749   23.783355551
   -1.237597106    2.792526803   11.031093810   21.554947783   26.651833873
   -1.047197551    2.792526803   16.534423880   36.243922513   28.198075951
   -0.856797996    2.792526803   24.721029919   48.919399608   28.149098617
   -0.666398442    2.792526803   34.809173841   55.657785846   26.544585893
   -0.475998887    2.792526803   45.412411653   54.091323931   23.614645835
   -0.285599332    2.792526803   54.874745812   43.763597608   19.621715289
   -0.095199777    2.792526803   61.628500459   26.049459879   14.749560519
    0.095199777    2.792526803   64.542679703    4.131258569    9.113510029
    0.285599332    2.792526803   63.255775093  -17.142598778    2.860057437
    0.475998887    2.792526803   58.434727112  -32.089963915   -3.669444467
    0.666398442    2.792526803   51.774646986  -35.860086272   -9.862377211
    0.856797996    2.792526803   45.632174579  -26.701848957  -14.915963734
    1.047197551    2.792526803   42.277875218   -7.409273774  -18.108202062
    1.237597106    2.792526803   43.050348205   15.293320481  -19.105336751
    1.427996661    2.792526803   47.812425724   33.252105516  -18.106405561
    1.618396215    2.792526803   55.000040094   39.994334950  -15.752696861
    1.808795770    2.792526803   62.171803763   33.063419289  -12.829825245
    1.999195325    2.792526803   66.841083899   14.343860867   -9.987354229
    2.189594880    2.792526803   67.203630269  -11.154021757   -7.575115904
    2.379994435    2.792526803   62.563841355  -37.137336410   -5.649819733
    2.570393989    2.792526803   53.408930447  -57.688518600   -4.065307418
    2.760793544    2.792526803   41.215568753  -68.554712453   -2.603771308
    2.951193099    2.792526803   28.042850039  -67.922028311   -1.077356669
