#! FIELDS phi psi file.free der_phi der_psi
#! SET min_phi -pi
#! SET max_phi pi
#! SET nbins_phi  33
#! SET periodic_phi true
#! SET min_psi -pi
#! SET max_psi pi
#! SET nbins_psi  18
#! SET periodic_psi true
   -3.141592654   -3.141592654   17.564224651  -53.047155440   17.185591785
   -2.951193099   -3.141592654    9.151422966  -34.713360147   19.499725992
   -2.760793544   -3.141592654    4.488108333  -14.529414279   21.027530956
   -2.570393989   -3.141592654    3.421533793    2.333776107   21.896600650
   -2.379994435   -3.141592654    4.943729138   12.314064131   22.447411890
   -2.189594880   -3.141592654    7.633594356   14.784817936   23.183607599
   -1.999195325   -3.141592654   10.257703098   12.265168776   24.598018546
   -1.808795770   -3.141592654   12.277023005    9.235069043   26.917578836
   -1.618396215   -3.141592654   14.018836616    9.900697632   29.904490048
   -1.427996661   -3.141592654   16.420730197   16.232582715   32.869835768
   -1.237597106   -3.141592654   20.507538693   27.153538165   34.912670375
   -1.047197551   -3.141592654   26.857430723   39.352828113   35.269805067
   -0.856797996   -3.141592654   35.330030586   48.725389681   33.568991683
   -0.666398442   -3.141592654   45.043979620   51.923897145   29.887986698
   -0.475998887   -3.141592654   54.612940050   47.019988802   24.620804940
   -0.285599332   -3.141592654   62.445998926   33.808974840   18.297796125
   -0.095199777   -3.141592654   67.076895106   13.825143080   11.430779039
    0.095199777   -3.141592654   67.510890194   -9.538993473    4.469139724
    0.285599332   -3.141592654   63.573083752  -31.097851684   -2.167574354
    0.475998887   -3.141592654   56.185277740  -44.837741127   -8.020546792
    0.666398442   -3.141592654   47.340639878  -45.805568733  -12.587232449
    0.856797996   -3.141592654   39.673676117  -32.611224190  -15.422328101
    1.047197551   -3.141592654   35.619360633   -8.853920178  -16.318131434
    1.237597106   -3.141592654   36.503804057   17.758211912  -15.434731180
    1.427996661   -3.141592654   42.005811009   38.307365785  -13.248928287
    1.618396215   -3.141592654   50.277805159   46.088486084  -10.351113330
    1.808795770   -3.141592654   58.603944181   38.933071581   -7.181677780
    1.999195325   -3.141592654   64.310249369   19.312412981   -3.919777208
    2.189594880   -3.141592654   65.522631280   -7.172304955   -0.533700169
    2.379994435   -3.141592654   61.570038488  -33.832119626    3.051065956
    2.570393989   -3.141592654   53.015871615  -54.617886841    6.817938768
    2.760793544   -3.141592654   41.416615226  -65.357173344   10.605009197
    2.951193099   -3.141592654   28.881269074  -64.441223342   14.151703687

   -3.141592654   -2.792526803   25.191483438  -48.851438166   25.357252082
   -2.951193099   -2.792526803   17.410402401  -32.293582771   27.401889799
   -2.760793544   -2.792526803   13.048835615  -13.723117135   28.386651787
   -2.570393989   -2.792526803   12.022146836    2.071781606   28.550941764
   -2.379994435   -2.792526803   13.464089225   11.910063555   28.336490581
   -2.189594880   -2.792526803   16.151940869   15.344697897   28.312495637
   -1.999195325   -2.792526803   19.047245169   14.650968907   28.985718855
   -1.808795770   -2.792526803   21.711931611   13.568330998   30.541241253
   -1.618396215   -2.792526803   24.401933899   15.305322690   32.656259968
   -1.427996661   -2.792526803   27.803717569   21.014607364   34.546345548
   -1.237597106   -2.792526803   32.585722481   29.386972424   35.245071407
   -1.047197551   -2.792526803   38.993288455   37.559032231   33.994525990
   -0.856797996   -2.792526803   46.688148491   42.359013569   30.517471508
   -0.666398442   -2.792526803   54.782518438   41.436597649   25.079149319
   -0.475998887   -2.792526803   62.053947489   33.633209109   18.319299706
   -0.285599332   -2.792526803   67.185114913   19.098610016   11.018955930
   -0.095199777   -2.792526803   69.013422743   -0.650012084    3.884003811
    0.095199777   -2.792526803   66.819126095  -22.477317318   -2.552146557
    0.285599332   -2.792526803   60.644522396  -41.515733572   -7.919160744
    0.475998887   -2.792526803   51.569716062  -52.046021653  -11.949780904
    0.666398442   -2.792526803   41.690774548  -49.416357301  -14.443095472
    0.856797996   -2.792526803   33.679666434  -32.642061281  -15.305259326
    1.047197551   -2.792526803   29.921874930   -5.816982462  -14.621941154
    1.237597106   -2.792526803   31.602249271   22.925766614  -12.692168864
    1.427996661   -2.792526803   38.205146525   44.551087129   -9.938943426
    1.618396215   -2.792526803   47.702483852   52.637275759   -6.745477546
    1.808795770   -2.792526803   57.278073439   45.509031898   -3.297553444
    1.999195325   -2.792526803   64.246691082   26.038008652    0.420685373
    2.189594880   -2.792526803   66.772018844   -0.087050988    4.510866641
    2.379994435   -2.792526803   64.205928295  -26.387348580    8.985472223
    2.570393989   -2.792526803   57.080490034  -47.144276827   13.673318031
    2.760793544   -2.792526803   46.864010685  -58.423925563   18.227066027
    2.951193099   -2.792526803   35.550409847  -58.650119286   22.236430609

   -3.141592654   -2.443460953   33.970034414  -44.688146310   23.376023213
   -2.951193099   -2.443460953   26.804442055  -29.993977413   25.043141954
   -2.760793544   -2.443460953   22.718899660  -13.058316329   25.809137836
   -2.570393989   -2.443460953   21.702788947    1.635747933   25.881852773
   -2.379994435   -2.443460953   23.019895165   11.185536648   25.598674994
   -2.189594880   -2.443460953   25.614825200   15.231801630   25.367387597
   -1.999195325   -2.443460953   28.599489568   15.757499541   25.517427902
   -1.808795770   -2.443460953   31.588892047   15.780177865   26.104151616
   -1.618396215   -2.443460953   34.731942390   17.624147255   26.786798688
   -1.427996661   -2.443460953   38.458337445   21.824129230   26.907329008
   -1.237597106   -2.443460953   43.119194029   27.097790034   25.745386680
   -1.047197551   -2.443460953   48.715748893   31.277269042   22.838115184
   -0.856797996   -2.443460953   54.839706654   32.276635322   18.171837811
   -0.666398442   -2.443460953   60.738137507   28.718174776   12.194521552
   -0.475998887   -2.443460953   65.470061326   19.991185679    5.629312719
   -0.285599332   -2.443460953   68.051658831    6.232768284   -0.751476019
   -0.095199777   -2.443460953   67.609442296  -11.457766403   -6.329782264
    0.095199777   -2.443460953   63.613018181  -30.524922590  -10.736655928
    0.285599332   -2.443460953   56.187445208  -46.607214582  -13.832132135
    0.475998887   -2.443460953   46.415241639  -54.310951684  -15.632883460
    0.666398442   -2.443460953   36.349725273  -49.163865195  -16.225224976
    0.856797996   -2.443460953   28.592220403  -30.294480803  -15.733868519
    1.047197551   -2.443460953   25.438021289   -1.902975664  -14.316594421
    1.237597106   -2.443460953   27.964879080   27.825503604  -12.169511627
    1.427996661   -2.443460953   35.554361093   49.956464664   -9.497344671
    1.618396215   -2.443460953   46.109361982   58.337164251   -6.459027744
    1.808795770   -2.443460953   56.803277084   51.585637973   -3.111317365
    1.999195325   -2.443460953   64.983680752   32.724925098    0.563400677
    2.189594880   -2.443460953   68.852855645    7.329653243    4.584531372
    2.379994435   -2.443460953   67.757353026  -18.427032006    8.873464737
    2.570393989   -2.443460953   62.160372381  -39.170745507   13.215626977
    2.760793544   -2.443460953   53.408601356  -51.145818110   17.287302415
    2.951193099   -2.443460953   43.362466320  -52.721474236   20.756167240

   -3.141592654   -2.094395102   40.686746787  -40.966310173   14.115841462
   -2.951193099   -2.094395102   34.111712190  -27.527361927   15.204791240
   -2.760793544   -2.094395102   30.378219802  -11.810162121   15.796193528
   -2.570393989   -2.094395102   29.495867173    1.839406764   15.957179421
   -2.379994435   -2.094395102   30.779790241   10.705266058   15.777364349
   -2.189594880   -2.094395102   33.254400248   14.518573334   15.369357250
   -1.999195325   -2.094395102   36.105399329   15.083083739   14.816269362
   -1.808795770   -2.094395102   38.958613017   14.944334021   14.079289119
   -1.618396215   -2.094395102   41.872307399   15.898614399   12.948441403
   -1.427996661   -2.094395102   45.105983651   18.220018552   11.110799114
   -1.237597106   -2.094395102   48.837047403   20.872418479    8.304876578
   -1.047197551   -2.094395102   52.986129094   22.365335377    4.491008413
   -0.856797996   -2.094395102   57.212216486   21.455460819   -0.084066266
   -0.666398442   -2.094395102   60.974058052   17.359694027   -4.929153991
   -0.475998887   -2.094395102   63.613814736    9.626223232   -9.474302302
   -0.285599332   -2.094395102   64.414626074   -1.937499210  -13.230273167
   -0.095199777   -2.094395102   62.677137719  -16.845517910  -15.911705889
    0.095199777   -2.094395102   57.920236146  -33.174282167  -17.478966002
    0.285599332   -2.094395102   50.214048622  -47.008072587  -18.077193102
    0.475998887   -2.094395102   40.527113982  -53.111426079  -17.948949495
    0.666398442   -2.094395102   30.794360835  -46.939433958  -17.315536312
    0.856797996   -2.094395102   23.525553633  -27.420174882  -16.314451170
    1.047197551   -2.094395102   20.965041250    1.453874984  -14.969988582
    1.237597106   -2.094395102   24.172682006   31.630179529  -13.233629458
    1.427996661   -2.094395102   32.532423313   54.247418440  -11.054215400
    1.618396215   -2.094395102   43.956947130   63.187901689   -8.432958783
    1.808795770   -2.094395102   55.633361139   57.051303867   -5.432243973
    1.999195325   -2.094395102   64.914200681   38.798499168   -2.171623218
    2.189594880   -2.094395102   69.989330952   13.875952021    1.202548526
    2.379994435   -2.094395102   70.164629640  -11.693431372    4.520745372
    2.570393989   -2.094395102   65.836768572  -32.657410188    7.608668188
    2.760793544   -2.094395102   58.271251705  -45.273850444   10.301611528
    2.951193099   -2.094395102   49.255541113  -47.825022159   12.486062559

   -3.141592654   -1.745329252   42.928630976  -39.327173129    5.361313190
   -2.951193099   -1.745329252   36.626344742  -26.307265724    5.815115783
   -2.760793544   -1.745329252   33.084646096  -11.029591063    6.093816859
   -2.570393989   -1.745329252   32.300425401    2.066368489    6.171341287
   -2.379994435   -1.745329252   33.564096195   10.238955639    5.960891399
   -2.189594880   -1.745329252   35.871997552   13.205217855    5.349752732
   -1.999195325   -1.745329252   38.375359843   12.702293897    4.219688375
   -1.808795770   -1.745329252   40.649123612   11.182102999    2.453885239
   -1.618396215   -1.745329252   42.690276270   10.460296394   -0.029167835
   -1.427996661   -1.745329252   44.721089125   11.051011764   -3.203665025
   -1.237597106   -1.745329252   46.949855716   12.380354178   -6.884589544
   -1.047197551   -1.745329252   49.423859966   13.448496037  -10.726221101
   -0.856797996   -1.745329252   52.006332819   13.320164890  -14.305521410
   -0.666398442   -1.745329252   54.385851410   11.140265090  -17.217383666
   -0.475998887   -1.745329252   56.085955892    6.055553303  -19.187912868
   -0.285599332   -1.745329252   56.472999446   -2.734058458  -20.124191997
   -0.095199777   -1.745329252   54.815363119  -15.328385043  -20.123037994
    0.095199777   -1.745329252   50.502553552  -30.184523567  -19.447075978
    0.285599332   -1.745329252   43.429231755  -43.503950492  -18.431795044
    0.475998887   -1.745329252   34.392575404  -49.880369173  -17.396371774
    0.666398442   -1.745329252   25.212367714  -44.393526472  -16.525270666
    0.856797996   -1.745329252   18.364380979  -25.497584239  -15.815343128
    1.047197551   -1.745329252   16.144157933    3.199478982  -15.076090735
    1.237597106   -1.745329252   19.713844668   33.771063932  -14.025682733
    1.427996661   -1.745329252   28.556400451   57.209947318  -12.441312607
    1.618396215   -1.745329252   40.634730319   67.065793592  -10.268252073
    1.808795770   -1.745329252   53.120395655   61.598344776   -7.638112801
    1.999195325   -1.745329252   63.298469796   43.589943714   -4.816008148
    2.189594880   -1.745329252   69.275117112   18.477085958   -2.088182571
    2.379994435   -1.745329252   70.283060659   -7.596455917    0.310889885
    2.570393989   -1.745329252   66.673646929  -29.232124620    2.246831830
    2.760793544   -1.745329252   59.694343483  -42.539135225    3.685406778
    2.951193099   -1.745329252   51.140095539  -45.697516459    4.686950553

   -3.141592654   -1.396263402   41.328127452  -39.856513390    3.185521718
   -2.951193099   -1.396263402   34.933861835  -26.728737014    3.013347520
   -2.760793544   -1.396263402   31.329555499  -11.276094788    2.686935777
   -2.570393989   -1.396263402   30.506423099    1.863470494    2.175572354
   -2.379994435   -1.396263402   31.712566867    9.764598350    1.339019579
   -2.189594880   -1.396263402   33.866897690   11.973935937   -0.035683992
   -1.999195325   -1.396263402   36.017965227   10.141709964   -2.165992891
   -1.808795770   -1.396263402   37.640386905    6.853232872   -5.179934612
   -1.618396215   -1.396263402   38.684335410    4.362607856   -9.011236705
   -1.427996661   -1.396263402   39.430017786    3.806461876  -13.328202536
   -1.237597106   -1.396263402   40.259849062    5.157180684  -17.570238989
   -1.047197551   -1.396263402   41.468692467    7.595535872  -21.088302101
   -0.856797996   -1.396263402   43.158052759    9.933695993  -23.352449385
   -0.666398442   -1.396263402   45.172389581   10.713461529  -24.098807154
   -0.475998887   -1.396263402   47.063726288    8.408189902  -23.395881132
   -0.285599332   -1.396263402   48.107152252    1.652179228  -21.586774148
   -0.095199777   -1.396263402   47.394376580   -9.994128039  -19.166217058
    0.095199777   -1.396263402   44.095801180  -25.052841723  -16.657082569
    0.285599332   -1.396263402   37.899820743  -39.558078633  -14.470041180
    0.475998887   -1.396263402   29.451605227  -47.686003009  -12.839759031
    0.666398442   -1.396263402   20.518225175  -43.940164498  -11.780205423
    0.856797996   -1.396263402   13.636327910  -26.168926172  -11.120074615
    1.047197551   -1.396263402   11.261090934    2.414084254  -10.566223654
    1.237597106   -1.396263402   14.752628558   33.861001000   -9.810195858
    1.427996661   -1.396263402   23.747666097   58.749511151   -8.646505687
    1.618396215   -1.396263402   36.259466224   70.009354592   -7.027988939
    1.808795770   -1.396263402   49.396465167   65.357803715   -5.065945821
    1.999195325   -1.396263402   60.305026467   47.363430499   -2.975013273
    2.189594880   -1.396263402   66.944634559   21.565008422   -0.986601478
    2.379994435   -1.396263402   68.442951481   -5.571471554    0.703427570
    2.570393989   -1.396263402   65.113348662  -28.301690141    1.971148146
    2.760793544   -1.396263402   58.224674176  -42.460383781    2.770569901
    2.951193099   -1.396263402   49.633292247  -46.102156751    3.142861331

   -3.141592654   -1.047197551   39.183244605  -42.238941800    3.983065333
   -2.951193099   -1.047197551   32.344618066  -28.965114318    2.859550411
   -2.760793544   -1.047197551   28.349898608  -13.129679211    1.484318545
   -2.570393989   -1.047197551   27.206525262    0.304913148   -0.072036094
   -2.379994435   -1.047197551   28.111752642    8.058417507   -1.875361894
   -2.189594880   -1.047197551   29.873771153    9.437556687   -4.116819950
   -1.999195325   -1.047197551   31.410252792    6.142065817   -7.020489836
   -1.808795770   -1.047197551   32.110591991    1.187120678  -10.680682614
   -1.618396215   -1.047197551   31.952280851   -2.447094790  -14.899290675
   -1.427996661   -1.047197551   31.385603186   -2.919232256  -19.130718090
   -1.237597106   -1.047197551   31.067110765    0.084015616  -22.608260329
   -1.047197551   -1.047197551   31.576999130    5.494325621  -24.608619647
   -0.856797996   -1.047197551   33.203875090   11.399459951  -24.730839152
   -0.666398442   -1.047197551   35.817317282   15.408302904  -23.034981031
   -0.475998887   -1.047197551   38.827584399   15.231265984  -20.001729917
   -0.285599332   -1.047197551   41.255867764    9.118986442  -16.346051939
   -0.095199777   -1.047197551   41.909959161   -3.331998395  -12.772483388
    0.095199777   -1.047197551   39.716422176  -20.238774408   -9.788072457
    0.285599332   -1.047197551   34.219776557  -37.049884721   -7.576919997
    0.475998887   -1.047197551   26.039156059  -47.297750446   -6.044298179
    0.666398442   -1.047197551   17.031754904  -44.958799286   -4.930606682
    0.856797996   -1.047197551    9.903175035  -27.577546979   -3.981018854
    1.047197551   -1.047197551    7.305589038    1.620918939   -3.044182202
    1.237597106   -1.047197551   10.763452161   34.350177025   -2.078279313
    1.427996661   -1.047197551   19.991807299   60.675448328   -1.105087031
    1.618396215   -1.047197551   32.982784360   73.012395051   -0.130329654
    1.808795770   -1.047197551   46.741202055   68.747197093    0.867846451
    1.999195325   -1.047197551   58.272999332   50.403202025    1.910787070
    2.189594880   -1.047197551   65.411024073   23.683664761    2.971448249
    2.379994435   -1.047197551   67.199230547   -4.670912201    3.943382800
    2.570393989   -1.047197551   63.920456624  -28.654615823    4.659464801
    2.760793544   -1.047197551   56.858648885  -43.873907043    4.948886406
    2.951193099   -1.047197551   47.924354405  -48.222553710    4.718487209

   -3.141592654   -0.698131701   39.015477235  -45.543545381    3.736551183
   -2.951193099   -0.698131701   31.515950294  -32.529540928    1.470491076
   -2.760793544   -0.698131701   26.845455131  -16.625274184   -1.077109065
   -2.570393989   -0.698131701   25.047720453   -3.102044154   -3.698484650
   -2.379994435   -0.698131701   25.288953016    4.408721093   -6.342550632
   -2.189594880   -0.698131701   26.291204440    5.019214695   -9.144348649
   -1.999195325   -0.698131701   26.880639198    0.587573695  -12.313566198
   -1.808795770   -0.698131701   26.423999740   -5.317549653  -15.902905908
   -1.618396215   -0.698131701   25.004922340   -8.969975299  -19.603907549
   -1.427996661   -0.698131701   23.309358213   -7.983481759  -22.729737519
   -1.237597106   -0.698131701   22.284688681   -2.054105957  -24.447721557
   -1.047197551   -0.698131701   22.738281315    7.099138572  -24.152692623
   -0.856797996   -0.698131701   25.019539626   16.539527928  -21.767016482
   -0.666398442   -0.698131701   28.861348548   22.909770341  -17.798693511
   -0.475998887   -0.698131701   33.390758589   23.383181936  -13.137023237
   -0.285599332   -0.698131701   37.297707957   16.256497611   -8.717397305
   -0.095199777   -0.698131701   39.120365621    1.672990266   -5.186464605
    0.095199777   -0.698131701   37.649200158  -17.629755812   -2.735193638
    0.285599332   -0.698131701   32.458599727  -36.301981266   -1.097222601
    0.475998887   -0.698131701   24.323015563  -47.384267275    0.224771565
    0.666398442   -0.698131701   15.304436990  -44.849980993    1.672588311
    0.856797996   -0.698131701    8.271068602  -26.651617488    3.392039484
    1.047197551   -0.698131701    5.938621430    3.431759381    5.192165606
    1.237597106   -0.698131701    9.800742932   36.689425207    6.716894943
    1.427996661   -0.698131701   19.489027938   63.089189142    7.673456760
    1.618396215   -0.698131701   32.921055739   75.191320726    8.015985223
    1.808795770   -0.698131701   47.062064891   70.580213456    7.927742543
    1.999195325   -0.698131701   58.908756359   51.874078137    7.690248981
    2.189594880   -0.698131701   66.286907426   24.714710472    7.504951006
    2.379994435   -0.698131701   68.213993431   -4.283597296    7.390784168
    2.570393989   -0.698131701   64.926362834  -29.175693516    7.181135530
    2.760793544   -0.698131701   57.663590943  -45.470014447    6.618655451
    2.951193099   -0.698131701   48.326118018  -50.832537903    5.492837451

   -3.141592654   -0.349065850   39.742845600  -50.192462620    3.008770258
   -2.951193099   -0.349065850   31.286372818  -37.839145168    0.022148184
   -2.760793544   -0.349065850   25.580749587  -22.106279908   -3.127082219
   -2.570393989   -0.349065850   22.748140606   -8.471358896   -6.183728898
   -2.379994435   -0.349065850   21.974807701   -0.917522906   -9.054072237
   -2.189594880   -0.349065850   21.943360383   -0.562499503  -11.838237500
   -1.999195325   -0.349065850   21.431298633   -5.381829867  -14.696103579
   -1.808795770   -0.349065850   19.831229261  -11.216756656  -17.594138617
   -1.618396215   -0.349065850   17.382971818  -13.637037142  -20.125788952
   -1.427996661   -0.349065850   15.034723554   -9.924184316  -21.575722615
   -1.237597106   -0.349065850   13.994831318   -0.151927568  -21.238843208
   -1.047197551   -0.349065850   15.194100672   12.947347849  -18.821077759
   -0.856797996   -0.349065850   18.886399477   25.238068859  -14.662362981
   -0.666398442   -0.349065850   24.506545427   32.533908710   -9.645672411
   -0.475998887   -0.349065850   30.791457801   31.880349262   -4.832162807
   -0.285599332   -0.349065850   36.086714719   22.178565323   -1.049771200
   -0.095199777   -0.349065850   38.752199709    4.624265498    1.418901226
    0.095199777   -0.349065850   37.610755646  -16.920514940    2.882396125
    0.285599332   -0.349065850   32.453844320  -36.390450352    4.056950547
    0.475998887   -0.349065850   24.347780998  -46.773133868    5.675297889
    0.666398442   -0.349065850   15.589209986  -42.677250789    8.103695727
    0.856797996   -0.349065850    9.119126236  -23.033098465   11.136393404
    1.047197551   -0.349065850    7.545894066    7.577700875   14.099657244
    1.237597106   -0.349065850   12.155419335   40.200575031   16.225785734
    1.427996661   -0.349065850   22.385425345   65.192360066   17.031553010
    1.618396215   -0.349065850   36.071340169   75.793959431   16.533569150
    1.808795770   -0.349065850   50.217900567   70.144323256   15.148784461
    1.999195325   -0.349065850   61.932155969   51.015178776   13.437489028
    2.189594880   -0.349065850   69.138745937   23.807215775   11.816604436
    2.379994435   -0.349065850   70.887776239   -5.285322967   10.418453604
    2.570393989   -0.349065850   67.371873419  -30.648527746    9.096422768
    2.760793544   -0.349065850   59.746571113  -47.868464833    7.563571362
    2.951193099   -0.349065850   49.841910721  -54.410862475    5.565133370

   -3.141592654    0.000000000   40.818581097  -55.390557664    1.874951139
   -2.951193099    0.000000000   31.319590641  -43.488774241   -0.947754977
   -2.760793544    0.000000000   24.534632924  -27.702079018   -3.741464819
   -2.570393989    0.000000000   20.671650790  -13.661617420   -6.346399774
   -2.379994435    0.000000000   18.952956391   -5.674378951   -8.729978795
   -2.189594880    0.000000000   18.042577343   -5.064644588  -10.985069851
   -1.999195325    0.000000000   16.693207741   -9.633414033  -13.185828749
   -1.808795770    0.000000000   14.344681912  -14.678615359  -15.175105283
   -1.618396215    0.000000000   11.395553205  -15.222424062  -16.475246601
   -1.427996661    0.000000000    9.018528840   -8.474487199  -16.449610139
   -1.237597106    0.000000000    8.591543338    4.836827966  -14.652176411
   -1.047197551    0.000000000   11.036687195   20.838995149  -11.157440186
   -0.856797996    0.000000000   16.379579267   34.335962221   -6.627650557
   -0.666398442    0.000000000   23.679366983   40.739192756   -2.068724846
   -0.475998887    0.000000000   31.302849524   37.526946008    1.614312383
   -0.285599332    0.000000000   37.374766087   24.699184985    3.982166291
   -0.095199777    0.000000000   40.270514727    4.729231539    5.234528236
    0.095199777    0.000000000   39.048088103  -17.552746951    6.081964581
    0.285599332    0.000000000   33.854573681  -35.851741473    7.410326582
    0.475998887    0.000000000   26.073701263  -43.775696657    9.847139012
    0.666398442    0.000000000   18.135775277  -37.174069823   13.431844115
    0.856797996    0.000000000   12.864518927  -16.255922835   17.551529017
    1.047197551    0.000000000   12.553570470   13.721075700   21.195299161
    1.237597106    0.000000000   18.134086563   44.036534002   23.426839004
    1.427996661    0.000000000   28.808901116   66.015837540   23.777784357
    1.618396215    0.000000000   42.389271498   74.011348564   22.398125519
    1.808795770    0.000000000   56.033100644   66.862090549   19.876681849
    1.999195325    0.000000000   67.072824429   47.379777412   16.923484664
    2.189594880    0.000000000   73.612292646   20.503388188   14.065780126
    2.379994435    0.000000000   74.772681851   -8.202696911   11.522582791
    2.570393989    0.000000000   70.708384101  -33.579372386    9.225772532
    2.760793544    0.000000000   62.480593210  -51.346150139    6.965708885
    2.951193099    0.000000000   51.832540872  -58.771645426    4.541584048

   -3.141592654    0.349065850   42.537761398  -59.626738094    1.595831318
   -2.951193099    0.349065850   32.208071948  -47.911048474   -0.154150293
   -2.760793544    0.349065850   24.583877463  -32.038321050   -1.723306695
   -2.570393989    0.349065850   19.919176348  -17.724680429   -3.144302416
   -2.379994435    0.349065850   17.453410375   -9.461366422   -4.510423629
   -2.189594880    0.349065850   15.843255216   -8.618683310   -5.930619053
   -1.999195325    0.349065850   13.851805410  -12.747892928   -7.403641055
   -1.808795770    0.349065850   10.999502413  -16.706670502   -8.692211313
   -1.618396215    0.349065850    7.839536779  -15.253608822   -9.340071185
   -1.427996661    0.349065850    5.704323054   -5.840331663   -8.882070299
   -1.237597106    0.349065850    6.030651606   10.012328581   -7.133539900
   -1.047197551    0.349065850    9.623897734   27.474112180   -4.369996603
   -0.856797996    0.349065850   16.237434095   40.747987368   -1.245596421
   -0.666398442    0.349065850   24.610058450   45.392053970    1.506633046
   -0.475998887    0.349065850   32.886848921   39.703395081    3.444757007
   -0.285599332    0.349065850   39.164350846   24.845545926    4.612989134
   -0.095199777    0.349065850   42.003135038    4.276913994    5.530613028
    0.095199777    0.349065850   40.784138311  -16.765657829    6.954371716
    0.285599332    0.349065850   35.980789738  -32.370093904    9.525566202
    0.475998887    0.349065850   29.160769428  -37.218962783   13.443712785
    0.666398442    0.349065850   22.697933435  -28.513462233   18.290153896
    0.856797996    0.349065850   19.123429655   -7.491461807   23.119793753
    1.047197551    0.349065850   20.313559019   20.384554484   26.802648929
    1.237597106    0.349065850   26.834668361   47.099001667   28.484049948
    1.427996661    0.349065850   37.717339317   65.210590947   27.902151034
    1.618396215    0.349065850   50.838013725   70.206944351   25.424937184
    1.808795770    0.349065850   63.585342231   61.506673673   21.799881319
    1.999195325    0.349065850   73.568033963   41.820251329   17.820113785
    2.189594880    0.349065850   79.099036518   15.555406713   14.056282103
    2.379994435    0.349065850   79.394089722  -12.364466951   10.779312835
    2.570393989    0.349065850   74.592598613  -37.230492970    8.005231717
    2.760793544    0.349065850   65.682185310  -54.937552031    5.627466277
    2.951193099    0.349065850   54.326624939  -62.646567433    3.517568824

   -3.141592654    0.698131701   44.044669070  -61.679290699    0.244829181
   -2.951193099    0.698131701   33.340170956  -49.787163855    0.033168797
   -2.760793544    0.698131701   25.363966368  -33.866707521    0.049774742
   -2.570393989    0.698131701   20.344591663  -19.636430039    0.076638968
   -2.379994435    0.698131701   17.496346218  -11.568792491   -0.076311736
   -2.189594880    0.698131701   15.466761812  -10.882399760   -0.518831157
   -1.999195325    0.698131701   13.052570116  -14.837457124   -1.214922774
   -1.808795770    0.698131701    9.865887285  -18.010129463   -1.952291967
   -1.618396215    0.698131701    6.582884832  -15.157845341   -2.413591045
   -1.427996661    0.698131701    4.621647047   -4.121837697   -2.346643815
   -1.237597106    0.698131701    5.400925564   12.922396157   -1.717601452
   -1.047197551    0.698131701    9.588404855   30.620349332   -0.743057670
   -0.856797996    0.698131701   16.740000336   43.103021195    0.257211646
   -0.666398442    0.698131701   25.438749926   46.442059134    1.076353376
   -0.475998887    0.698131701   33.808594075   39.748474441    1.800558282
   -0.285599332    0.698131701   40.079297578   24.946853589    2.803565034
   -0.095199777    0.698131701   43.054024613    5.840811130    4.602036221
    0.095199777    0.698131701   42.369733834  -12.565394522    7.622239978
    0.285599332    0.698131701   38.657631574  -25.124021480   11.954285136
    0.475998887    0.698131701   33.462899455  -27.603940662   17.220975267
    0.666398442    0.698131701   28.928749607  -18.224460868   22.592187456
    0.856797996    0.698131701   27.203162222    1.260780904   27.007529240
    1.047197551    0.698131701   29.753050902   25.654731032   29.525080604
    1.237597106    0.698131701   36.859637197   47.929811730   29.659198966
    1.427996661    0.698131701   47.491650286   61.905420339   27.532722165
    1.618396215    0.698131701   59.686442232   64.054249949   23.764246192
    1.808795770    0.698131701   71.123548062   54.167227469   19.178085176
    1.999195325    0.698131701   79.711963827   34.699889360   14.522817063
    2.189594880    0.698131701   83.978610456    9.480041344   10.304488875
    2.379994435    0.698131701   83.238687627  -17.166760575    6.788029440
    2.570393989    0.698131701   77.633456683  -40.912675970    4.060156015
    2.760793544    0.698131701   68.103633010  -57.813492919    2.115553311
    2.951193099    0.698131701   56.252700371  -65.007879580    0.883585656

   -3.141592654    1.047197551   42.601144743  -61.770162630   -4.184192058
   -2.951193099    1.047197551   31.967486169  -49.003987015   -3.137619539
   -2.760793544    1.047197551   24.185459822  -32.679052027   -1.858889664
   -2.570393989    1.047197551   19.396941944  -18.454082858   -0.681092027
   -2.379994435    1.047197551   16.747822063  -10.686757768    0.184095309
   -2.189594880    1.047197551   14.845596201  -10.425328532    0.657910458
   -1.999195325    1.047197551   12.481615625  -14.739688440    0.770958056
   -1.808795770    1.047197551    9.294799115  -18.070745820    0.620767616
   -1.618396215    1.047197551    6.000253369  -15.202330663    0.318022909
   -1.427996661    1.047197551    4.034587916   -4.147843539   -0.065590957
   -1.237597106    1.047197551    4.797472406   12.721251934   -0.495999040
   -1.047197551    1.047197551    8.913854356   30.047982580   -0.926166115
   -0.856797996    1.047197551   15.923492708   42.226244912   -1.206578511
   -0.666398442    1.047197551   24.465848130   45.809555188   -1.054730933
   -0.475998887    1.047197551   32.812439113   40.314774918   -0.091696715
   -0.285599332    1.047197551   39.391402125   27.774539354    2.029481741
   -0.095199777    1.047197551   43.181767988   11.654772703    5.475631782
    0.095199777    1.047197551   43.893618682   -3.793365126   10.125449813
    0.285599332    1.047197551   42.064570814  -14.349858656   15.500364122
    0.475998887    1.047197551   38.976204588  -16.599933559   20.821916451
    0.666398442    1.047197551   36.390496063   -9.115589102   25.158727715
    0.856797996    1.047197551   36.069058044    6.661866073   27.685219166
    1.047197551    1.047197551   39.213262395   26.443376386   27.938730497
    1.237597106    1.047197551   46.043214457   44.372891372   25.957262334
    1.427996661    1.047197551   55.672754429   55.181722125   22.239646611
    1.618396215    1.047197551   66.407062069   55.684198597   17.516884035
    1.808795770    1.047197551   76.203252841   45.480171497   12.492155443
    1.999195325    1.047197551   83.180803541   26.562138096    7.687307643
    2.189594880    1.047197551   85.989778017    2.357650027    3.426995581
    2.379994435    1.047197551   84.010874120  -23.027153401   -0.073350322
    2.570393989    1.047197551   77.424063529  -45.332246853   -2.646600073
    2.760793544    1.047197551   67.198652523  -60.687756619   -4.168077687
    2.951193099    1.047197551   54.944776592  -66.372740582   -4.629709517

   -3.141592654    1.396263402   38.037946586  -59.967214548  -10.656841076
   -2.951193099    1.396263402   27.897470023  -45.739712430   -9.244079117
   -2.760793544    1.396263402   20.811625634  -28.766718023   -7.471350582
   -2.570393989    1.396263402   16.770319406  -14.621469009   -5.638184073
   -2.379994435    1.396263402   14.799922191   -7.452381351   -3.889605597
   -2.189594880    1.396263402   13.431132772   -8.089309621   -2.264102451
   -1.999195325    1.396263402   11.413378103  -13.459864761   -0.791144892
   -1.808795770    1.396263402    8.363088112  -17.928235055    0.436131120
   -1.618396215    1.396263402    4.985103536  -16.224564022    1.266863546
   -1.427996661    1.396263402    2.722052134   -6.225206577    1.570794061
   -1.237597106    1.396263402    3.017779058    9.964231695    1.363973128
   -1.047197551    1.396263402    6.602196650   27.360440859    0.884642310
   -0.856797996    1.396263402   13.189201909   40.661954274    0.588689648
   -0.666398442    1.396263402   21.631781639   46.500479284    1.014156893
   -0.475998887    1.396263402   30.395399654   44.099385314    2.609679617
   -0.285599332    1.396263402   38.012729053   34.858447339    5.577135766
   -0.095199777    1.396263402   43.424148510   21.432482763    9.780788537
    0.095199777    1.396263402   46.147954645    7.275991805   14.756075175
    0.285599332    1.396263402   46.399298979   -3.904891758   19.750900811
    0.475998887    1.396263402   45.081159864   -8.759228902   23.878758537
    0.666398442    1.396263402   43.617025930   -5.351149979   26.315267231
    0.856797996    1.396263402   43.574734894    5.848993445   26.548267689
    1.047197551    1.396263402   46.167846638   21.649099845   24.541901829
    1.237597106    1.396263402   51.814060323   37.001134114   20.725669090
    1.427996661    1.396263402   59.921282650   46.797628496   15.822623255
    1.618396215    1.396263402   69.058311019   47.414472711   10.561118147
    1.808795770    1.396263402   77.333082358   37.786538261    5.458363093
    1.999195325    1.396263402   82.902400995   19.439275335    0.780280996
    2.189594880    1.396263402   84.404461294   -4.235162930   -3.355866766
    2.379994435    1.396263402   81.236919598  -28.845478660   -6.825506755
    2.570393989    1.396263402   73.658334140  -49.814161269   -9.433299853
    2.760793544    1.396263402   62.755677414  -63.223834379  -10.966778781
    2.951193099    1.396263402   50.230990079  -66.647493743  -11.335313324

   -3.141592654    1.745329252   31.419277988  -58.133765547  -16.813056878
   -2.951193099    1.745329252   21.787365475  -42.336994216  -15.570412663
   -2.760793544    1.745329252   15.442473789  -24.504932057  -13.759577059
   -2.570393989    1.745329252   12.245742832  -10.097491250  -11.596269821
   -2.379994435    1.745329252   11.127151342   -3.085436033   -9.165817905
   -2.189594880    1.745329252   10.549356495   -4.201284712   -6.488794870
   -1.999195325    1.745329252    9.200202319  -10.392232058   -3.639226118
   -1.808795770    1.745329252    6.626689142  -16.051945894   -0.829613077
   -1.618396215    1.745329252    3.471468471  -15.790580510    1.620886874
   -1.427996661    1.745329252    1.160967235   -7.106636411    3.418057680
   -1.237597106    1.745329252    1.214556698    8.439166978    4.470986315
   -1.047197551    1.745329252    4.537928891   26.351088239    4.987492107
   -0.856797996    1.745329252   11.085132196   41.447291277    5.436700955
   -0.666398442    1.745329252   19.928021533   50.022868418    6.355987905
   -0.475998887    1.745329252   29.647588417   50.584492489    8.127476701
   -0.285599332    1.745329252   38.740648169   43.698390359   10.817017932
   -0.095199777    1.745329252   45.960144125   31.325638166   14.110801308
    0.095199777    1.745329252   50.532447625   16.495815890   17.393647395
    0.285599332    1.745329252   52.334498778    2.893623711   19.877678518
    0.475998887    1.745329252   51.968256256   -5.733135500   20.839404236
    0.666398442    1.745329252   50.669492478   -6.648383142   19.849863993
    0.856797996    1.745329252   49.994229223    0.660649795   16.961336032
    1.047197551    1.745329252   51.323345685   13.811376416   12.703115330
    1.237597106    1.745329252   55.351446272   28.093009014    7.868468447
    1.427996661    1.745329252   61.768133465   38.107845231    3.209826942
    1.618396215    1.745329252   69.326151539   39.553109477   -0.841857625
    1.808795770    1.745329252   76.183754340   30.714738787   -4.254764106
    1.999195325    1.745329252   80.455707683   12.831260741   -7.251975756
    2.189594880    1.745329252   80.727987484  -10.532419599  -10.065426212
    2.379994435    1.745329252   76.408448362  -34.557720236  -12.726359852
    2.570393989    1.745329252   67.846510875  -54.298632852  -15.019453063
    2.760793544    1.745329252   56.261938442  -65.794215096  -16.603682206
    2.951193099    1.745329252   43.460852767  -66.942386938  -17.217068134

   -3.141592654    2.094395102   24.323579957  -57.176432099  -18.981369186
   -2.951193099    2.094395102   15.003198267  -40.090049045  -17.885415378
   -2.760793544    2.094395102    9.179462254  -21.342716799  -16.047643676
   -2.570393989    2.094395102    6.653915930   -6.235371025  -13.612548250
   -2.379994435    2.094395102    6.332753204    1.422099130  -10.662421470
   -2.189594880    2.094395102    6.671297502    0.890661617   -7.251086525
   -1.999195325    2.094395102    6.328793222   -4.985966547   -3.485622432
   -1.808795770    2.094395102    4.775208526  -10.851968786    0.400865919
   -1.618396215    2.094395102    2.543336761  -11.387125256    4.064283887
   -1.427996661    2.094395102    0.966674671   -3.831477782    7.156595602
   -1.237597106    2.094395102    1.547664300   10.762353389    9.485306098
   -1.047197551    2.094395102    5.274505414   28.399297149   11.111588437
   -0.856797996    2.094395102   12.254330943   44.076336015   12.324289601
   -0.666398442    2.094395102   21.706130569   53.845596188   13.469964658
   -0.475998887    2.094395102   32.275460790   55.633640007   14.756091479
   -0.285599332    2.094395102   42.401025063   49.322434555   16.124168486
   -0.095199777    2.094395102   50.655076857   36.340208732   17.225904574
    0.095199777    2.094395102   56.011697438   19.484596586   17.539710682
    0.285599332    2.094395102   58.091343161    2.663586941   16.531886082
    0.475998887    2.094395102   57.326374777   -9.711030134   13.898281004
    0.666398442    2.094395102   54.939769676  -13.936568832    9.741262348
    0.856797996    2.094395102   52.660628900   -8.606447506    4.630847599
    1.047197551    2.094395102   52.176464152    4.329166845   -0.564602283
    1.237597106    2.094395102   54.506421003   19.941379609   -5.011176033
    1.427996661    2.094395102   59.565539550   32.045375416   -8.225691060
    1.618396215    2.094395102   66.159627505   35.392253211  -10.237463610
    1.808795770    2.094395102   72.342364048   27.628448945  -11.486551997
    1.999195325    2.094395102   76.052584373    9.889976584  -12.548441353
    2.189594880    2.094395102   75.731760596  -13.850410326  -13.841543536
    2.379994435    2.094395102   70.747062536  -38.147769839  -15.454861015
    2.570393989    2.094395102   61.520377837  -57.554943442  -17.151582828
    2.760793544    2.094395102   49.406393865  -67.979139371  -18.524163222
    2.951193099    2.094395102   36.331748018  -67.574418776  -19.199548821

   -3.141592654    2.443460953   17.858283190  -57.012554712  -12.616171330
   -2.951193099    2.443460953    8.687651550  -38.685037077  -11.193814638
   -2.760793544    2.443460953    3.255952880  -18.638198905   -9.258491739
   -2.570393989    2.443460953    1.374013396   -2.179573685   -6.920487586
   -2.379994435    2.443460953    1.955972859    6.841605287   -4.225295263
   -2.189594880    2.443460953    3.447902024    7.539866015   -1.142211785
   -1.999195325    2.443460953    4.460891063    2.507119973    2.374030637
   -1.808795770    2.443460953    4.365362543   -3.157629456    6.269159818
   -1.618396215    2.443460953    3.558851770   -4.234436992   10.313074785
   -1.427996661    2.443460953    3.244926564    2.202653543   14.122073529
   -1.237597106    2.443460953    4.850697920   15.486828808   17.289141277
   -1.047197551    2.443460953    9.367457750   32.030362889   19.540423850
   -0.856797996    2.443460953   16.966179515   47.006975525   20.813482771
   -0.666398442    2.443460953   26.932207140   56.323710914   21.200738561
   -0.475998887    2.443460953   37.922906478   57.515226437   20.813212409
   -0.285599332    2.443460953   48.307881702   50.028225885   19.661417032
   -0.095199777    2.443460953   56.518392549   35.030628880   17.605173927
    0.095199777    2.443460953   61.367847369   15.354248986   14.432122355
    0.285599332    2.443460953   62.358974851   -4.644063820   10.000440892
    0.475998887    2.443460953   59.927073178  -19.771307444    4.443007780
    0.666398442    2.443460953   55.460703154  -25.430392475   -1.722974551
    0.856797996    2.443460953   51.004572451  -19.630666081   -7.644078847
    1.047197551    2.443460953   48.615762134   -4.383971314  -12.401101427
    1.237597106    2.443460953   49.601331104   14.628541541  -15.367682012
    1.427996661    2.443460953   53.977230185   30.084615216  -16.448035356
    1.618396215    2.443460953   60.439419753   35.746717503  -16.087674326
    1.808795770    2.443460953   66.792723957   28.830776844  -15.026018273
    1.999195325    2.443460953   70.706458493   10.667481844  -13.975128476
    2.189594880    2.443460953   70.434604902  -14.155477348  -13.370082031
    2.379994435    2.443460953   65.285770143  -39.499896030  -13.287181638
    2.570393989    2.443460953   55.740711344  -59.428308724  -13.505118170
    2.760793544    2.443460953   43.275729565  -69.676028803  -13.664483903
    2.951193099    2.443460953   29.942635470  -68.510020975  -13.433070455

   -3.141592654    2.792526803   15.191880966  -55.536799595    1.003171992
   -2.951193099    2.792526803    6.352211779  -36.700220201    2.887648611
   -2.760793544    2.792526803    1.349848443  -16.124019607    4.716041564
   -2.570393989    2.792526803    0.000000000    0.901717950    6.480678638
   -2.379994435    2.792526803    1.232132246   10.612168253    8.290590730
   -2.189594880    2.792526803    3.523268516   12.191566805   10.379607144
   -1.999195325    2.792526803    5.518753453    8.178097850   13.014904888
   -1.808795770    2.792526803    6.595542505    3.438033897   16.316961256
   -1.618396215    2.792526803    7.101377330    2.852150388   20.100763689
   -1.427996661    2.792526803    8.128608263    9.069960743   23.859843261
   -1.237597106    2.792526803   10.959066435   21.362133191   26.925262239
   -1.047197551    2.792526803   16.448981407   36.296636444   28.716512847
   -0.856797996    2.792526803   24.674878183   49.283326401   28.924493636
   -0.666398442    2.792526803   34.866459862   56.380613233   27.535893269
   -0.475998887    2.792526803   45.640549540   55.143952826   24.720504605
   -0.285599332    2.792526803   55.323568367   44.982326530   20.692955279
   -0.095199777    2.792526803   62.302408452   27.129301967   15.624048433
    0.095199777    2.792526803   65.380478617    4.707599938    9.667658298
    0.285599332    2.792526803   64.131791496  -17.354857534    3.054951045
    0.475998887    2.792526803   59.187602242  -33.170646770   -3.771978110
    0.666398442    2.792526803   52.252304730  -37.623483717  -10.126895750
    0.856797996    2.792526803   45.740455203  -28.742324005  -15.195175974
    1.047197551    2.792526803   42.011667640   -9.226451432  -18.310464873
    1.237597106    2.792526803   42.494493058   14.112652615  -19.233624703
    1.427996661    2.792526803   47.107604153   32.858695410  -18.248294363
    1.618396215    2.792526803   54.283484703   40.200353247  -16.025872140
    1.808795770    2.792526803   61.518578961   33.432700964  -13.310475866
    1.999195325    2.792526803   66.237283410   14.425034442  -10.658519582
    2.189594880    2.792526803   66.568291628  -11.580648824   -8.322160579
    2.379994435    2.792526803   61.807038128  -37.939637122   -6.304576135
    2.570393989    2.792526803   52.494697087  -58.462514938   -4.476352937
    2.760793544    2.792526803   40.194119031  -68.847685264   -2.695897330
    2.951193099    2.792526803   27.035989938  -67.461106826   -0.874866049
