#! FIELDS phi psi file.free der_phi der_psi
#! SET min_phi -pi
#! SET max_phi pi
#! SET nbins_phi  33
#! SET periodic_phi true
#! SET min_psi -pi
#! SET max_psi pi
#! SET nbins_psi  18
#! SET periodic_psi true
   -3.141592654   -3.141592654   17.806948260  -53.462184966   16.561753505
   -2.951193099   -3.141592654    9.306188973  -35.196120642   19.006840436
   -2.760793544   -3.141592654    4.554357990  -14.952528957   20.690084248
   -2.570393989   -3.141592654    3.420699687    2.069896621   21.706170227
   -2.379994435   -3.141592654    4.910642671   12.245866079   22.370126584
   -2.189594880   -3.141592654    7.604055253   14.883416769   23.174115272
   -1.999195325   -3.141592654   10.256080889   12.446238448   24.611342583
   -1.808795770   -3.141592654   12.307576727    9.371309927   26.913208023
   -1.618396215   -3.141592654   14.060759187    9.870998522   29.846732083
   -1.427996661   -3.141592654   16.434358562   15.963899686   32.728110976
   -1.237597106   -3.141592654   20.447196223   26.660835490   34.667420007
   -1.047197551   -3.141592654   26.688659747   38.729381627   34.920827999
   -0.856797996   -3.141592654   35.040154427   48.101094412   33.141759796
   -0.666398442   -3.141592654   44.644465375   51.415097781   29.435406650
   -0.475998887   -3.141592654   54.134027544   46.705833132   24.215296215
   -0.285599332   -3.141592654   61.929143067   33.733806829   18.013688107
   -0.095199777   -3.141592654   66.569989693   14.011020283   11.322048243
    0.095199777   -3.141592654   67.064831511   -9.081927156    4.547980020
    0.285599332   -3.141592654   63.239533524  -30.372385086   -1.941307612
    0.475998887   -3.141592654   56.013515091  -43.865892952   -7.732747141
    0.666398442   -3.141592654   47.372585453  -44.649064305  -12.346153754
    0.856797996   -3.141592654   39.933773845  -31.395420230  -15.325210128
    1.047197551   -3.141592654   36.101215797   -7.774023974  -16.420542215
    1.237597106   -3.141592654   37.160110680   18.478029752  -15.736056145
    1.427996661   -3.141592654   42.751272805   38.512473131  -13.701090864
    1.618396215   -3.141592654   51.012355253   45.789492510  -10.886117791
    1.808795770   -3.141592654   59.247653654   38.325584589   -7.744794252
    1.999195325   -3.141592654   64.831515748   18.683315258   -4.490210722
    2.189594880   -3.141592654   65.940874191   -7.597339316   -1.123250301
    2.379994435   -3.141592654   61.932149826  -34.002079501    2.418533515
    2.570393989   -3.141592654   53.361190659  -54.651387500    6.132244813
    2.760793544   -3.141592654   41.753510674  -65.435515666    9.886272114
    2.951193099   -3.141592654   29.187991639  -64.687485661   13.449334359

   -3.141592654   -2.792526803   25.289043150  -48.979604885   24.749739098
   -2.951193099   -2.792526803   17.477755165  -32.466995103   26.968968897
   -2.760793544   -2.792526803   13.083955149  -13.873724763   28.126415276
   -2.570393989   -2.792526803   12.034904762    1.999338110   28.429343466
   -2.379994435   -2.792526803   13.471855648   11.935418125   28.300799837
   -2.189594880   -2.792526803   16.172000690   15.443760107   28.306766079
   -1.999195325   -2.792526803   19.087494743   14.752368024   28.962066397
   -1.808795770   -2.792526803   21.762651315   13.558171601   30.463706945
   -1.618396215   -2.792526803   24.431011842   15.077491786   32.503483899
   -1.427996661   -2.792526803   27.763886336   20.522824819   34.313668517
   -1.237597106   -2.792526803   32.430396494   28.689966433   34.949176008
   -1.047197551   -2.792526803   38.696909037   36.806360628   33.675181392
   -0.856797996   -2.792526803   46.257770393   41.736484650   30.233092837
   -0.666398442   -2.792526803   54.258198854   41.094358942   24.897548700
   -0.475998887   -2.792526803   61.497520759   33.644682512   18.302128647
   -0.285599332   -2.792526803   66.664123977   19.456420613   11.203798612
   -0.095199777   -2.792526803   68.587865515   -0.017211224    4.268951056
    0.095199777   -2.792526803   66.531978703  -21.671219659   -2.016708039
    0.285599332   -2.792526803   60.518904289  -40.637411764   -7.325876187
    0.475998887   -2.792526803   51.611616398  -51.170078353  -11.415184358
    0.666398442   -2.792526803   41.894999319  -48.590213229  -14.079379399
    0.856797996   -2.792526803   34.032613233  -31.912602141  -15.190634102
    1.047197551   -2.792526803   30.398350934   -5.262028202  -14.780811230
    1.237597106   -2.792526803   32.158896469   23.196068157  -13.093538642
    1.427996661   -2.792526803   38.778611812   44.451915598  -10.514744341
    1.618396215   -2.792526803   48.221941145   52.185024661   -7.421008309
    1.808795770   -2.792526803   57.688436757   44.852247421   -4.020213219
    1.999195325   -2.792526803   64.530036375   25.400474407   -0.330475533
    2.189594880   -2.792526803   66.951090779   -0.519601322    3.725650140
    2.379994435   -2.792526803   64.327357694  -26.561281519    8.160167904
    2.570393989   -2.792526803   57.187375731  -47.142014460   12.823367218
    2.760793544   -2.792526803   46.976338644  -58.386184554   17.396817560
    2.951193099   -2.792526803   35.663832352  -58.684043235   21.488234187

   -3.141592654   -2.443460953   33.939739793  -44.505661725   23.144427167
   -2.951193099   -2.443460953   26.803059666  -29.868088341   24.955724035
   -2.760793544   -2.443460953   22.736570053  -12.977690531   25.837293860
   -2.570393989   -2.443460953   21.732886996    1.694045582   25.977978452
   -2.379994435   -2.443460953   23.060019965   11.238911206   25.711183715
   -2.189594880   -2.443460953   25.664183903   15.275018106   25.452861159
   -1.999195325   -2.443460953   28.652594280   15.746221321   25.547666590
   -1.808795770   -2.443460953   31.628027949   15.631054637   26.067626248
   -1.618396215   -2.443460953   34.723271071   17.265629483   26.691188430
   -1.427996661   -2.443460953   38.360055332   21.252589036   26.780892861
   -1.237597106   -2.443460953   42.898648049   26.416659384   25.636787881
   -1.047197551   -2.443460953   48.369143306   30.669536375   22.809455514
   -0.856797996   -2.443460953   54.400030412   31.938130276   18.284082614
   -0.666398442   -2.443460953   60.270114105   28.774348402   12.492038141
   -0.475998887   -2.443460953   65.052153027   20.455872766    6.126156379
   -0.285599332   -2.443460953   67.754098262    7.014029714   -0.078423077
   -0.095199777   -2.443460953   67.477618459  -10.525273668   -5.539919139
    0.095199777   -2.443460953   63.658450906  -29.621339062   -9.917451547
    0.285599332   -2.443460953   56.390113683  -45.873340677  -13.084075633
    0.475998887   -2.443460953   46.735467181  -53.808174869  -15.049236765
    0.666398442   -2.443460953   36.744431248  -48.872302316  -15.872573355
    0.856797996   -2.443460953   29.026448519  -30.158928481  -15.637684883
    1.047197551   -2.443460953   25.885771275   -1.893375360  -14.457831529
    1.237597106   -2.443460953   28.400353901   27.679181692  -12.494543439
    1.427996661   -2.443460953   35.942335258   49.598226872   -9.938455386
    1.618396215   -2.443460953   46.407373837   57.758293487   -6.957611779
    1.808795770   -2.443460953   56.976212916   50.877477493   -3.633864922
    1.999195325   -2.443460953   65.022562197   32.058593111    0.025188511
    2.189594880   -2.443460953   68.782288530    6.872839830    4.028402373
    2.379994435   -2.443460953   67.626350812  -18.598947227    8.306367273
    2.570393989   -2.443460953   62.020925703  -39.098670623   12.665793713
    2.760793544   -2.443460953   53.296891352  -50.940914966   16.801098245
    2.951193099   -2.443460953   43.292871129  -52.495654836   20.381798285

   -3.141592654   -2.094395102   40.676306081  -40.555065587   14.268688363
   -2.951193099   -2.094395102   34.168163409  -27.238808138   15.436483153
   -2.760793544   -2.094395102   30.475932166  -11.661639707   16.064303242
   -2.570393989   -2.094395102   29.609751417    1.870953965   16.218183329
   -2.379994435   -2.094395102   30.891305471   10.659561703   15.998242517
   -2.189594880   -2.094395102   33.351876917   14.422239336   15.532855663
   -1.999195325   -2.094395102   36.178937639   14.925768567   14.921936008
   -1.808795770   -2.094395102   38.992730548   14.680450297   14.142002125
   -1.618396215   -2.094395102   41.843180328   15.499362626   12.999980410
   -1.427996661   -2.094395102   44.990139794   17.725707622   11.199717517
   -1.237597106   -2.094395102   48.627291343   20.414496177    8.491737273
   -1.047197551   -2.094395102   52.706467143   22.119256375    4.835244043
   -0.856797996   -2.094395102   56.917901467   21.567869920    0.456581039
   -0.666398442   -2.094395102   60.739273549   17.872911353   -4.188434324
   -0.475998887   -2.094395102   63.509212985   10.460222130   -8.571487543
   -0.285599332   -2.094395102   64.485928023   -0.952411196  -12.238631308
   -0.095199777   -2.094395102   62.933445010  -15.918324345  -14.924847382
    0.095199777   -2.094395102   58.332578855  -32.485014211  -16.591957528
    0.285599332   -2.094395102   50.725883262  -46.655941324  -17.368682389
    0.475998887   -2.094395102   41.073334930  -53.086949811  -17.467011170
    0.666398442   -2.094395102   31.321524561  -47.138291398  -17.071702396
    0.856797996   -2.094395102   24.003855236  -27.711810836  -16.285392370
    1.047197551   -2.094395102   21.385770048    1.148624160  -15.106836704
    1.237597106   -2.094395102   24.533204583   31.293744481  -13.476365309
    1.427996661   -2.094395102   32.819474396   53.800599318  -11.346766980
    1.618396215   -2.094395102   44.143346571   62.577938671   -8.734854314
    1.808795770   -2.094395102   55.690734104   56.328050527   -5.723030484
    1.999195325   -2.094395102   64.834512282   38.116457860   -2.445096090
    2.189594880   -2.094395102   69.798096592   13.418195513    0.950638587
    2.379994435   -2.094395102   69.916831441  -11.816898007    4.304233017
    2.570393989   -2.094395102   65.596794488  -32.459653693    7.453809123
    2.760793544   -2.094395102   58.090501844  -44.867201910   10.238234153
    2.951193099   -2.094395102   49.160005422  -47.356400742   12.532675468

   -3.141592654   -1.745329252   43.035376347  -38.830290422    5.701715820
   -2.951193099   -1.745329252   36.809771905  -26.002387882    6.154862716
   -2.760793544   -1.745329252   33.306315180  -10.926539952    6.391154971
   -2.570393989   -1.745329252   32.525530627    2.013619553    6.401749816
   -2.379994435   -1.745329252   33.769314538   10.097333510    6.123219865
   -2.189594880   -1.745329252   36.045717092   13.025323058    5.462413938
   -1.999195325   -1.745329252   38.512156973   12.495681844    4.313756009
   -1.808795770   -1.745329252   40.742503475   10.930702837    2.567360635
   -1.618396215   -1.745329252   42.731305712   10.168291434    0.148267759
   -1.427996661   -1.745329252   44.707206842   10.786173188   -2.912406397
   -1.237597106   -1.745329252   46.897695428   12.274497854   -6.431183403
   -1.047197551   -1.745329252   49.377317421   13.632614291  -10.078493134
   -0.856797996   -1.745329252   52.027910906   13.855668221  -13.465079084
   -0.666398442   -1.745329252   54.538623163   11.966797734  -16.228947898
   -0.475998887   -1.745329252   56.411061734    7.008497280  -18.135401229
   -0.285599332   -1.745329252   56.974738062   -1.861819361  -19.112258980
   -0.095199777   -1.745329252   55.459655615  -14.726738124  -19.252124572
    0.095199777   -1.745329252   51.225651158  -29.967475444  -18.789617653
    0.285599332   -1.745329252   44.154970998  -43.680823181  -18.017609998
    0.475998887   -1.745329252   35.053597502  -50.354648407  -17.209718145
    0.666398442   -1.745329252   25.767784758  -44.994455490  -16.515014672
    0.856797996   -1.745329252   18.806546273  -26.060645524  -15.912656748
    1.047197551   -1.745329252   16.489977019    2.756220604  -15.213766436
    1.237597106   -1.745329252   19.984340142   33.408809768  -14.153199905
    1.427996661   -1.745329252   28.756376492   56.814207771  -12.531445311
    1.618396215   -1.745329252   40.747996468   66.546118836  -10.315263948
    1.808795770   -1.745329252   53.123095865   60.976527672   -7.649620998
    1.999195325   -1.745329252   63.183425520   43.009923695   -4.800950337
    2.189594880   -1.745329252   69.068494767   18.129446223   -2.045872407
    2.379994435   -1.745329252   70.042664709   -7.588251301    0.394618341
    2.570393989   -1.745329252   66.468559480  -28.878270071    2.393687683
    2.760793544   -1.745329252   59.579405648  -41.968701695    3.910242369
    2.951193099   -1.745329252   51.139866276  -45.088772247    4.984181260

   -3.141592654   -1.396263402   41.596080755  -39.429941960    3.325336784
   -2.951193099   -1.396263402   35.259818440  -26.547028302    3.133416815
   -2.760793544   -1.396263402   31.667362234  -11.321016938    2.750603910
   -2.570393989   -1.396263402   30.820204725    1.676787348    2.171945795
   -2.379994435   -1.396263402   31.985003956    9.535650150    1.286508047
   -2.189594880   -1.396263402   34.097188373   11.771932123   -0.098145053
   -1.999195325   -1.396263402   36.214008479    9.986550593   -2.191116142
   -1.808795770   -1.396263402   37.810428451    6.735096422   -5.121749889
   -1.618396215   -1.396263402   38.835947365    4.294865293   -8.828296441
   -1.427996661   -1.396263402   39.578157869    3.855514726  -12.986176170
   -1.237597106   -1.396263402   40.435867751    5.424663433  -17.048290070
   -1.047197551   -1.396263402   41.721887380    8.144199419  -20.390247993
   -0.856797996   -1.396263402   43.540611756   10.732376517  -22.517347212
   -0.666398442   -1.396263402   45.719534274   11.615768627  -23.202829112
   -0.475998887   -1.396263402   47.775765525    9.204670643  -22.541183747
   -0.285599332   -1.396263402   48.944776266    2.152491370  -20.878398116
   -0.095199777   -1.396263402   48.288862554   -9.904228645  -18.686458501
    0.095199777   -1.396263402   44.967137513  -25.375156772  -16.444802938
    0.285599332   -1.396263402   38.677761274  -40.186200476  -14.513460881
    0.475998887   -1.396263402   30.094496002  -48.437290208  -13.083718965
    0.666398442   -1.396263402   21.022675128  -44.608205417  -12.145535968
    0.856797996   -1.396263402   14.033427487  -26.610709674  -11.526561509
    1.047197551   -1.396263402   11.597912760    2.214913633  -10.951157633
    1.237597106   -1.396263402   15.065596367   33.781488332  -10.137942912
    1.427996661   -1.396263402   24.041392085   58.600073422   -8.908020271
    1.618396215   -1.396263402   36.505923728   69.654377785   -7.233380422
    1.808795770   -1.396263402   49.555019901   64.812196158   -5.233351397
    1.999195325   -1.396263402   60.353714440   46.796519987   -3.118378341
    2.189594880   -1.396263402   66.901465425   21.207926685   -1.106215039
    2.379994435   -1.396263402   68.364824982   -5.562372868    0.622464492
    2.570393989   -1.396263402   65.072561408  -27.928907720    1.950519537
    2.760793544   -1.396263402   58.278083932  -41.872147758    2.822451365
    2.951193099   -1.396263402   49.802201914  -45.508386098    3.256276366

   -3.141592654   -1.047197551   39.507144921  -41.848790824    3.859457489
   -2.951193099   -1.047197551   32.712865766  -28.885960025    2.705830628
   -2.760793544   -1.047197551   28.707404973  -13.300463859    1.272728562
   -2.570393989   -1.047197551   27.518307839    0.025538757   -0.341464298
   -2.379994435   -1.047197551   28.371453919    7.814717394   -2.172138343
   -2.189594880   -1.047197551   30.097720423    9.318852900   -4.391583621
   -1.999195325   -1.047197551   31.624967519    6.164162504   -7.220876467
   -1.808795770   -1.047197551   32.340666454    1.322728055  -10.763858205
   -1.618396215   -1.047197551   32.217585429   -2.210230914  -14.836994032
   -1.427996661   -1.047197551   31.707680495   -2.549077983  -18.910973996
   -1.237597106   -1.047197551   31.476044240    0.640651755  -22.238278204
   -1.047197551   -1.047197551   32.110339621    6.239901156  -24.119486527
   -0.856797996   -1.047197551   33.890484093   12.244074070  -24.179670426
   -0.666398442   -1.047197551   36.659746351   16.169194160  -22.500747970
   -0.475998887   -1.047197551   39.790032535   15.702357531  -19.571801735
   -0.285599332   -1.047197551   42.268002344    9.158538583  -16.095750482
   -0.095199777   -1.047197551   42.884905758   -3.753184318  -12.746221865
    0.095199777   -1.047197551   40.574025954  -21.023263231   -9.986673427
    0.285599332   -1.047197551   34.907683632  -38.005289576   -7.957754924
    0.475998887   -1.047197551   26.546698850  -48.193915210   -6.533850707
    0.666398442   -1.047197551   17.390860132  -45.591820766   -5.445529353
    0.856797996   -1.047197551   10.175178329  -27.852395589   -4.450138053
    1.047197551   -1.047197551    7.555916854    1.647586914   -3.423965884
    1.237597106   -1.047197551   11.032641324   34.483260292   -2.358699502
    1.427996661   -1.047197551   20.276703644   60.675470732   -1.305184698
    1.618396215   -1.047197551   33.241137708   72.726544151   -0.287102429
    1.808795770   -1.047197551   46.918127031   68.205960212    0.714484498
    1.999195325   -1.047197551   58.337643848   49.814303386    1.732818819
    2.189594880   -1.047197551   65.380674751   23.321746335    2.763323691
    2.379994435   -1.047197551   67.137038451   -4.622299798    3.722334899
    2.570393989   -1.047197551   63.907267838  -28.203281196    4.454426410
    2.760793544   -1.047197551   56.955713478  -43.204281952    4.781298343
    2.951193099   -1.047197551   48.148929574  -47.591531748    4.586446433

   -3.141592654   -0.698131701   39.312703301  -45.190768555    3.589111932
   -2.951193099   -0.698131701   31.844375590  -32.547351407    1.293425120
   -2.760793544   -0.698131701   27.141987081  -16.912397445   -1.314764830
   -2.570393989   -0.698131701   25.279101736   -3.459317410   -3.994488284
   -2.379994435   -0.698131701   25.461014382    4.172440638   -6.660707393
   -2.189594880   -0.698131701   26.438679898    5.010564810   -9.429746938
   -1.999195325   -0.698131701   27.048585794    0.807146763  -12.513030350
   -1.808795770   -0.698131701   26.650446425   -4.933476685  -15.981889657
   -1.618396215   -0.698131701   25.315225389   -8.478497469  -19.554129408
   -1.427996661   -0.698131701   23.721893146   -7.398242192  -22.569414959
   -1.237597106   -0.698131701   22.817923706   -1.364133030  -24.217748781
   -1.047197551   -0.698131701   23.410698038    7.862581896  -23.909450076
   -0.856797996   -0.698131701   25.835898452   17.267148775  -21.571792360
   -0.666398442   -0.698131701   29.798614316   23.423718759  -17.706992967
   -0.475998887   -0.698131701   34.391057526   23.510497655  -13.187901425
   -0.285599332   -0.698131701   38.277499771   15.912991613   -8.925349364
   -0.095199777   -0.698131701   39.991943641    0.900704594   -5.539563448
    0.095199777   -0.698131701   38.345016176  -18.667093087   -3.197271054
    0.285599332   -0.698131701   32.949647673  -37.368464125   -1.615532838
    0.475998887   -0.698131701   24.626988296  -48.241680397   -0.292038749
    0.666398442   -0.698131701   15.479614177  -45.322848291    1.207293807
    0.856797996   -0.698131701    8.397033713  -26.698560528    3.009279074
    1.047197551   -0.698131701    6.087825025    3.692489773    4.897867190
    1.237597106   -0.698131701   10.009674152   37.010836176    6.491941306
    1.427996661   -0.698131701   19.742479482   63.200671106    7.481056218
    1.618396215   -0.698131701   33.161124621   74.933940889    7.813909345
    1.808795770   -0.698131701   47.219492137   70.002723306    7.683647116
    1.999195325   -0.698131701   58.943652584   51.220878772    7.394155849
    2.189594880   -0.698131701   66.215321574   24.302470671    7.174260915
    2.379994435   -0.698131701   68.104915267   -4.241515149    7.063023023
    2.570393989   -0.698131701   64.869653105  -28.685801660    6.896420790
    2.760793544   -0.698131701   57.726685414  -44.746318246    6.398702564
    2.951193099   -0.698131701   48.524927756  -50.176731268    5.328026243

   -3.141592654   -0.349065850   40.019900016  -49.844420091    2.973277865
   -2.951193099   -0.349065850   31.586170301  -37.935946745   -0.039288862
   -2.760793544   -0.349065850   25.830106614  -22.498878219   -3.252257164
   -2.570393989   -0.349065850   22.914942879   -8.894829560   -6.377379605
   -2.379994435   -0.349065850   22.077731592   -1.129492791   -9.287731903
   -2.189594880   -0.349065850   22.036460786   -0.441609281  -12.065630540
   -1.999195325   -0.349065850   21.577650894   -4.955583028  -14.874547089
   -1.808795770   -0.349065850   20.078333988  -10.607110513  -17.702328434
   -1.618396215   -0.349065850   17.753148576  -12.970212899  -20.172118511
   -1.427996661   -0.349065850   15.530874626   -9.273411042  -21.595827802
   -1.237597106   -0.349065850   14.611037200    0.462812547  -21.285630952
   -1.047197551   -0.349065850   15.922010750   13.502705546  -18.948540383
   -0.856797996   -0.349065850   19.709097435   25.667559267  -14.907360634
   -0.666398442   -0.349065850   25.390037678   32.726148416  -10.016758796
   -0.475998887   -0.349065850   31.680067580   31.731648564   -5.307484151
   -0.285599332   -0.349065850   36.911003716   21.656815932   -1.584976539
   -0.095199777   -0.349065850   39.445887164    3.796626021    0.875560418
    0.095199777   -0.349065850   38.129707246  -17.894342184    2.376894862
    0.285599332   -0.349065850   32.789438063  -37.301804727    3.621450993
    0.475998887   -0.349065850   24.531340185  -47.425037940    5.325418842
    0.666398442   -0.349065850   15.684222938  -42.940270078    7.839698666
    0.856797996   -0.349065850    9.201933723  -22.906931435   10.944438499
    1.047197551   -0.349065850    7.678850792    7.944213132   13.953423049
    1.237597106   -0.349065850   12.360449340   40.544974576   16.089444735
    1.427996661   -0.349065850   22.631518792   65.246349125   16.866968922
    1.618396215   -0.349065850   36.287017674   75.420394802   16.310566381
    1.808795770   -0.349065850   50.326296398   69.431568963   14.857047572
    1.999195325   -0.349065850   61.894325112   50.255965324   13.093218869
    2.189594880   -0.349065850   68.980418666   23.358506402   11.460049540
    2.379994435   -0.349065850   70.693081338   -5.195855578   10.100689010
    2.570393989   -0.349065850   67.245189310  -30.048796926    8.859590723
    2.760793544   -0.349065850   59.762714623  -47.022812313    7.422789197
    2.951193099   -0.349065850   50.013463192  -53.678627745    5.500687026

   -3.141592654    0.000000000   41.104928753  -55.021861179    2.068979848
   -2.951193099    0.000000000   31.623012911  -43.660675632   -0.784296199
   -2.760793544    0.000000000   24.767703411  -28.218425656   -3.657512781
   -2.570393989    0.000000000   20.799055832  -14.193217314   -6.356892610
   -2.379994435    0.000000000   19.001492546   -5.929983237   -8.815747900
   -2.189594880    0.000000000   18.080491640   -4.910448177  -11.107206898
   -1.999195325    0.000000000   16.796146080   -9.124841167  -13.306952337
   -1.808795770    0.000000000   14.564556303  -13.991858268  -15.278045374
   -1.618396215    0.000000000   11.747921600  -14.542284053  -16.572989931
   -1.427996661    0.000000000    9.489908436   -7.914587077  -16.582191757
   -1.237597106    0.000000000    9.155258468    5.253614045  -14.872643043
   -1.047197551    0.000000000   11.667143660   21.131233615  -11.509248309
   -0.856797996    0.000000000   17.054168262   34.510991271   -7.122071274
   -0.666398442    0.000000000   24.373782395   40.767848569   -2.675560714
   -0.475998887    0.000000000   31.984828906   37.363546805    0.959690250
   -0.285599332    0.000000000   38.005036912   24.321387831    3.357880209
   -0.095199777    0.000000000   40.809933472    4.165256273    4.706636214
    0.095199777    0.000000000   39.468933070  -18.212482802    5.687748857
    0.285599332    0.000000000   34.150911443  -36.470024466    7.155010459
    0.475998887    0.000000000   26.267551656  -44.206231881    9.710732902
    0.666398442    0.000000000   18.274293952  -37.311262137   13.379913410
    0.856797996    0.000000000   13.005466534  -16.100803308   17.542772647
    1.047197551    0.000000000   12.741661551   14.029011359   21.185509749
    1.237597106    0.000000000   18.375830669   44.248766714   23.372652341
    1.427996661    0.000000000   29.061091933   65.884060601   23.644538076
    1.618396215    0.000000000   42.573041810   73.430574391   22.170634126
    1.808795770    0.000000000   56.071721368   65.966390592   19.569371969
    1.999195325    0.000000000   66.936744145   46.511607804   16.581451777
    2.189594880    0.000000000   73.344931028   20.053906551   13.753889286
    2.379994435    0.000000000   74.479478387   -8.005181129   11.304903331
    2.570393989    0.000000000   70.511381816  -32.800899324    9.143153471
    2.760793544    0.000000000   62.462077829  -50.316426293    7.020889216
    2.951193099    0.000000000   51.999490074  -57.917161668    4.697960596

   -3.141592654    0.349065850   42.885076856  -59.172722230    1.841740700
   -2.951193099    0.349065850   32.576597560  -48.119627550    0.047636671
   -2.760793544    0.349065850   24.866885962  -32.667588119   -1.612878266
   -2.570393989    0.349065850   20.072560889  -18.385121498   -3.144210515
   -2.379994435    0.349065850   17.505884017   -9.814037325   -4.612301947
   -2.189594880    0.349065850   15.871314265   -8.513752938   -6.109044270
   -1.999195325    0.349065850   13.938791532  -12.260831039   -7.631698346
   -1.808795770    0.349065850   11.198558713  -16.058399982   -8.954734026
   -1.618396215    0.349065850    8.158243705  -14.676055171   -9.641358346
   -1.427996661    0.349065850    6.114146243   -5.472249936   -9.243143406
   -1.237597106    0.349065850    6.488864684   10.165383005   -7.580681353
   -1.047197551    0.349065850   10.096378767   27.493144304   -4.916273638
   -0.856797996    0.349065850   16.707810631   40.725661916   -1.873789106
   -0.666398442    0.349065850   25.076134622   45.374161532    0.847109951
   -0.475998887    0.349065850   33.348808088   39.674032267    2.825464990
   -0.285599332    0.349065850   39.615306218   24.751221073    4.102968354
   -0.095199777    0.349065850   42.425505954    4.068240027    5.172795525
    0.095199777    0.349065850   41.154938868  -17.091422041    6.754169672
    0.285599332    0.349065850   36.282390094  -32.751668543    9.454960399
    0.475998887    0.349065850   29.392159815  -37.550884537   13.454748546
    0.666398442    0.349065850   22.878843696  -28.696771198   18.330361351
    0.856797996    0.349065850   19.285551934   -7.508533185   23.141712844
    1.047197551    0.349065850   20.480646351   20.428143771   26.767332388
    1.237597106    0.349065850   26.999835299   47.000194294   28.363082467
    1.427996661    0.349065850   37.833692103   64.776672507   27.682535831
    1.618396215    0.349065850   50.834200159   69.394335211   25.116023761
    1.808795770    0.349065850   63.403523820   60.504665410   21.438322659
    1.999195325    0.349065850   73.206081306   41.003697738   17.465451620
    2.189594880    0.349065850   78.630593323   15.311079171   13.775801154
    2.379994435    0.349065850   78.950328299  -11.851263658   10.627280883
    2.570393989    0.349065850   74.310252210  -36.095898972    8.004861308
    2.760793544    0.349065850   65.643747932  -53.588867223    5.763532385
    2.951193099    0.349065850   54.525519213  -61.574279043    3.741836933

   -3.141592654    0.698131701   44.493069833  -61.212759492    0.403327781
   -2.951193099    0.698131701   33.803197042  -50.074556030    0.117229039
   -2.760793544    0.698131701   25.719553215  -34.642236423    0.040845814
   -2.570393989    0.698131701   20.538916137  -20.477218087   -0.027468244
   -2.379994435    0.698131701   17.554656178  -12.105488546   -0.267547382
   -2.189594880    0.698131701   15.466886492  -10.947484641   -0.785363211
   -1.999195325    0.698131701   13.080890897  -14.504799623   -1.546996397
   -1.808795770    0.698131701    9.977548580  -17.511944854   -2.343749103
   -1.618396215    0.698131701    6.784911567  -14.738280513   -2.862298251
   -1.427996661    0.698131701    4.883749601   -3.919959076   -2.851156999
   -1.237597106    0.698131701    5.680739370   12.924881581   -2.272811480
   -1.047197551    0.698131701    9.858867105   30.551511560   -1.333618469
   -0.856797996    0.698131701   17.001618425   43.105705141   -0.338765949
   -0.666398442    0.698131701   25.714118204   46.590270825    0.515431061
   -0.475998887    0.698131701   34.124086875   40.011207196    1.315229080
   -0.285599332    0.698131701   40.446830841   25.209655536    2.421531301
   -0.095199777    0.698131701   43.460542543    5.970557459    4.329859323
    0.095199777    0.698131701   42.781190523  -12.645585463    7.445914913
    0.285599332    0.698131701   39.034441822  -25.391380895   11.847339964
    0.475998887    0.698131701   33.778760286  -27.949469100   17.153713248
    0.666398442    0.698131701   29.181711032  -18.518013584   22.538434656
    0.856797996    0.698131701   27.410287766    1.075745072   26.946030045
    1.047197551    0.698131701   29.930339247   25.505116160   29.438213020
    1.237597106    0.698131701   36.997885342   47.638137556   29.533537258
    1.427996661    0.698131701   47.546489900   61.305159027   27.363843744
    1.618396215    0.698131701   59.594508783   63.133579222   23.563439352
    1.808795770    0.698131701   70.841176510   53.146557344   18.975795050
    1.999195325    0.698131701   79.255896959   33.970038996   14.362507071
    2.189594880    0.698131701   83.441880898    9.416490072   10.227270471
    2.379994435    0.698131701   82.767076049  -16.417175354    6.815474163
    2.570393989    0.698131701   77.369410935  -39.538655483    4.184098012
    2.760793544    0.698131701   68.125303678  -56.272206743    2.300663815
    2.951193099    0.698131701   56.540919641  -63.825362337    1.079969011

   -3.141592654    1.047197551   43.169117332  -61.442603322   -4.192956918
   -2.951193099    1.047197551   32.520558505  -49.457259520   -3.242830736
   -2.760793544    1.047197551   24.598916679  -33.624137369   -2.038774084
   -2.570393989    1.047197551   19.617168188  -19.461205517   -0.912500273
   -2.379994435    1.047197551   16.800258630  -11.391465300   -0.085802275
   -2.189594880    1.047197551   14.807319133  -10.665136346    0.349837312
   -1.999195325    1.047197551   12.437962961  -14.583552278    0.416969440
   -1.808795770    1.047197551    9.301832879  -17.735869835    0.215416652
   -1.618396215    1.047197551    6.069369094  -14.911726272   -0.134874306
   -1.427996661    1.047197551    4.144071126   -4.020630080   -0.550276483
   -1.237597106    1.047197551    4.916986563   12.719859811   -0.988458361
   -1.047197551    1.047197551    9.030749138   30.054729018   -1.400017760
   -0.856797996    1.047197551   16.053174307   42.378503287   -1.638976472
   -0.666398442    1.047197551   24.643135792   46.158241821   -1.432580843
   -0.475998887    1.047197551   33.069900535   40.790305067   -0.414496158
   -0.285599332    1.047197551   39.739005616   28.218167907    1.750621548
   -0.095199777    1.047197551   43.597024084   11.901343885    5.224260019
    0.095199777    1.047197551   44.329079779   -3.828957971    9.888159798
    0.285599332    1.047197551   42.468179692  -14.628608137   15.273865166
    0.475998887    1.047197551   39.313763749  -16.982660817   20.614373156
    0.666398442    1.047197551   36.657894521   -9.444769930   24.986049526
    0.856797996    1.047197551   36.285248081    6.456470352   27.563353283
    1.047197551    1.047197551   39.397184950   26.287332808   27.875959428
    1.237597106    1.047197551   46.187671557   44.082407853   25.951362182
    1.427996661    1.047197551   55.734845378   54.592576973   22.281362182
    1.618396215    1.047197551   66.326713810   54.801454251   17.597923712
    1.808795770    1.047197551   75.944065888   44.546560989   12.611637485
    1.999195325    1.047197551   82.769971764   25.975866603    7.850075068
    2.189594880    1.047197551   85.529493911    2.472523458    3.633563490
    2.379994435    1.047197551   83.649337927  -22.111652864    0.161845119
    2.570393989    1.047197551   77.296384225  -43.855224436   -2.416876055
    2.760793544    1.047197551   67.367731518  -59.135426568   -3.987603726
    2.951193099    1.047197551   55.373748342  -65.268104176   -4.535468941

   -3.141592654    1.396263402   38.649283342  -59.876056400  -10.799445300
   -2.951193099    1.396263402   28.454126130  -46.369929177   -9.480104834
   -2.760793544    1.396263402   21.201578686  -29.820796972   -7.740946256
   -2.570393989    1.396263402   16.951079981  -15.692989385   -5.898447544
   -2.379994435    1.396263402   14.801773398   -8.215007170   -4.129768453
   -2.189594880    1.396263402   13.329449955   -8.408957417   -2.502330329
   -1.999195325    1.396263402   11.288802978  -13.404675996   -1.058680447
   -1.808795770    1.396263402    8.270082288  -17.686186191    0.115686318
   -1.618396215    1.396263402    4.940672049  -15.974798936    0.889178171
   -1.427996661    1.396263402    2.717997998   -6.052461748    1.151323942
   -1.237597106    1.396263402    3.041388047   10.100487930    0.928096107
   -1.047197551    1.396263402    6.656035549   27.566784651    0.454880931
   -0.856797996    1.396263402   13.295193998   41.016518158    0.175177982
   -0.666398442    1.396263402   21.818852707   46.988003403    0.611013423
   -0.475998887    1.396263402   30.679139672   44.604137013    2.199185811
   -0.285599332    1.396263402   38.380878156   35.215838610    5.138784603
   -0.095199777    1.396263402   43.835337872   21.516571788    9.303436154
    0.095199777    1.396263402   46.546456349    7.070093859   14.247068255
    0.285599332    1.396263402   46.738551697   -4.290951740   19.238829989
    0.475998887    1.396263402   45.344072355   -9.137902779   23.407873815
    0.666398442    1.396263402   43.822274656   -5.554914490   25.934570088
    0.856797996    1.396263402   43.762360392    5.863269580   26.298589274
    1.047197551    1.396263402   46.370020485   21.755643321   24.445472502
    1.237597106    1.396263402   52.026477487   36.962281863   20.782672471
    1.427996661    1.396263402   60.095157584   46.413720540   16.014969248
    1.618396215    1.396263402   69.123513005   46.682194478   10.861428372
    1.808795770    1.396263402   77.243545515   36.957901996    5.837652255
    1.999195325    1.396263402   82.677507175   18.919217939    1.208718605
    2.189594880    1.396263402   84.138354976   -4.103300745   -2.915206569
    2.379994435    1.396263402   81.066304494  -27.985378073   -6.422036961
    2.570393989    1.396263402   73.702722777  -48.480535311   -9.124498751
    2.760793544    1.396263402   63.061785914  -61.891532195  -10.801489414
    2.951193099    1.396263402   50.750939547  -65.798121108  -11.333560961

   -3.141592654    1.745329252   32.038693826  -58.308979971  -17.020185492
   -2.951193099    1.745329252   22.313209532  -43.105708334  -15.846563738
   -2.760793544    1.745329252   15.787274551  -25.576412346  -14.022247039
   -2.570393989    1.745329252   12.385735792  -11.116133245  -11.795745836
   -2.379994435    1.745329252   11.099794160   -3.788572761   -9.298888834
   -2.189594880    1.745329252   10.426705281   -4.497944287   -6.589108053
   -1.999195325    1.745329252    9.054851790  -10.354794433   -3.753670323
   -1.808795770    1.745329252    6.507490100  -15.842943398   -0.993174730
   -1.618396215    1.745329252    3.395756175  -15.555623764    1.397049564
   -1.427996661    1.745329252    1.126010136   -6.913714242    3.143923188
   -1.237597106    1.745329252    1.213710092    8.619129920    4.164583748
   -1.047197551    1.745329252    4.575194529   26.589026512    4.659669398
   -0.856797996    1.745329252   11.175974381   41.777522284    5.081911415
   -0.666398442    1.745329252   20.087333914   50.398808784    5.952775561
   -0.475998887    1.745329252   29.873636391   50.888675754    7.648620182
   -0.285599332    1.745329252   39.006911416   43.801121815   10.244310576
   -0.095199777    1.745329252   46.220761683   31.165485979   13.450337470
    0.095199777    1.745329252   50.740730330   16.129539721   16.682893067
    0.285599332    1.745329252   52.465826385    2.488726472   19.181433691
    0.475998887    1.745329252   52.035353891   -5.965664414   20.235539191
    0.666398442    1.745329252   50.721340768   -6.559051351   19.410711931
    0.856797996    1.745329252   50.094423485    1.064096557   16.737294378
    1.047197551    1.745329252   51.516082867   14.337233459   12.712950047
    1.237597106    1.745329252   55.632223920   28.443818114    8.099526536
    1.427996661    1.745329252   62.078507701   38.046179171    3.625576547
    1.618396215    1.745329252   69.581571437   39.062183885   -0.290302997
    1.808795770    1.745329252   76.322601229   30.045704977   -3.620119586
    1.999195325    1.745329252   80.481447732   12.383301826   -6.589382863
    2.189594880    1.745329252   80.716615938  -10.433594925   -9.436348964
    2.379994435    1.745329252   76.474793873  -33.853702663  -12.199389475
    2.570393989    1.745329252   68.086534811  -53.239466625  -14.659936529
    2.760793544    1.745329252   56.703307162  -64.811195759  -16.452702421
    2.951193099    1.745329252   44.048408418  -66.440681751  -17.271296823

   -3.141592654    2.094395102   24.879115117  -57.562215142  -19.164114216
   -2.951193099    2.094395102   15.442034766  -40.891915369  -18.123635479
   -2.760793544    2.094395102    9.445238428  -22.307909431  -16.257984933
   -2.570393989    2.094395102    6.742047559   -7.089805836  -13.746953989
   -2.379994435    2.094395102    6.283429294    0.857614109  -10.718265240
   -2.189594880    2.094395102    6.546341684    0.658147707   -7.259074490
   -1.999195325    2.094395102    6.185785861   -4.959570777   -3.486753294
   -1.808795770    2.094395102    4.651422354  -10.697647935    0.375703619
   -1.618396215    2.094395102    2.451429527  -11.214043020    4.000634920
   -1.427996661    2.094395102    0.904520359   -3.690861603    7.050468105
   -1.237597106    2.094395102    1.509834983   10.888310123    9.332297778
   -1.047197551    2.094395102    5.262151587   28.552195317   10.898249964
   -0.856797996    2.094395102   12.274182425   44.262655150   12.027230404
   -0.666398442    2.094395102   21.760598669   54.010623078   13.064043185
   -0.475998887    2.094395102   32.351723371   55.682727344   14.227593089
   -0.285599332    2.094395102   42.468692448   49.178554806   15.482737203
   -0.095199777    2.094395102   50.676296012   36.009767303   16.511620974
    0.095199777    2.094395102   55.960375317   19.084727270   16.819179021
    0.285599332    2.094395102   57.972537662    2.393780645   15.884817563
    0.475998887    2.094395102   57.184997914   -9.645469527   13.399321440
    0.666398442    2.094395102   54.852396405  -13.426964909    9.444140343
    0.856797996    2.094395102   52.708462457   -7.722146183    4.560078446
    1.047197551    2.094395102   52.408866499    5.330857656   -0.413254767
    1.237597106    2.094395102   54.912472254   20.708169819   -4.663075471
    1.427996661    2.094395102   60.071751658   32.304886909   -7.718088043
    1.618396215    2.094395102   66.661645501   35.111696273   -9.612108384
    1.808795770    2.094395102   72.756768409   27.052151690  -10.788331248
    1.999195325    2.094395102   76.359739253    9.408833650  -11.829169552
    2.189594880    2.094395102   75.982701187  -13.921025903  -13.164521370
    2.379994435    2.094395102   71.030516585  -37.747305648  -14.891982295
    2.570393989    2.094395102   61.909339619  -56.899350247  -16.768560074
    2.760793544    2.094395102   49.915907141  -67.426169056  -18.357533985
    2.951193099    2.094395102   36.910701538  -67.433215297  -19.237866471

   -3.141592654    2.443460953   18.322299513  -57.570492973  -12.852054112
   -2.951193099    2.443460953    9.019099413  -39.483118578  -11.447498366
   -2.760793544    2.443460953    3.428976293  -19.463963254   -9.461943484
   -2.570393989    2.443460953    1.402844334   -2.835572213   -7.037862479
   -2.379994435    2.443460953    1.884626523    6.460502398   -4.258523640
   -2.189594880    2.443460953    3.330684074    7.433345235   -1.119231994
   -1.999195325    2.443460953    4.343421309    2.597082386    2.417608964
   -1.808795770    2.443460953    4.274311225   -2.988014605    6.303482031
   -1.618396215    2.443460953    3.499039034   -4.082624376   10.316086927
   -1.427996661    2.443460953    3.207134320    2.282078746   14.073988871
   -1.237597106    2.443460953    4.820449151   15.495026175   17.167488607
   -1.047197551    2.443460953    9.333597576   31.992689291   19.319611318
   -0.856797996    2.443460953   16.921297476   46.930891840   20.470585233
   -0.666398442    2.443460953   26.867060380   56.181342980   20.726822118
   -0.475998887    2.443460953   37.820824663   57.265111403   20.223841928
   -0.285599332    2.443460953   48.146431178   49.662356339   19.000791320
   -0.095199777    2.443460953   56.280757179   34.618879346   16.941919420
    0.095199777    2.443460953   61.058700789   15.048914553   13.844014334
    0.285599332    2.443460953   62.016872925   -4.650798880    9.553972113
    0.475998887    2.443460953   59.625092084  -19.320520065    4.176060590
    0.666398442    2.443460953   55.292367125  -24.481112655   -1.807724588
    0.856797996    2.443460953   51.055094887  -18.316655287   -7.572593170
    1.047197551    2.443460953   48.927971653   -3.006649663  -12.212140551
    1.237597106    2.443460953   50.151760281   15.696415049  -15.096003963
    1.427996661    2.443460953   54.677656683   30.566421697  -16.115396638
    1.618396215    2.443460953   61.170415085   35.607979811  -15.704624550
    1.808795770    2.443460953   67.454769995   28.305965803  -14.603278069
    1.999195325    2.443460953   71.260964555   10.127771643  -13.536923103
    2.189594880    2.443460953   70.909757728  -14.413212610  -12.960955300
    2.379994435    2.443460953   65.745553731  -39.412967874  -12.965765774
    2.570393989    2.443460953   56.237067768  -59.173396661  -13.325583811
    2.760793544    2.443460953   43.813902168  -69.534032994  -13.653377424
    2.951193099    2.443460953   30.478483840  -68.696858127  -13.573964373

   -3.141592654    2.792526803   15.549902015  -56.095262562    0.557878916
   -2.951193099    2.792526803    6.588924613  -37.384444311    2.490867218
   -2.760793544    2.792526803    1.457256698  -16.766910685    4.417967888
   -2.570393989    2.792526803    0.000000000    0.440184920    6.301419049
   -2.379994435    2.792526803    1.166441021   10.393613700    8.220005410
   -2.189594880    2.792526803    3.437868639   12.196612440   10.388560451
   -1.999195325    2.792526803    5.449245713    8.327274674   13.068398207
   -1.808795770    2.792526803    6.558763610    3.614435584   16.380924879
   -1.618396215    2.792526803    7.091616347    2.950038641   20.141988245
   -1.427996661    2.792526803    8.123757953    9.021933964   23.843681850
   -1.237597106    2.792526803   10.929846840   21.163295572   26.818212154
   -1.047197551    2.792526803   16.370185567   35.986701637   28.493293032
   -0.856797996    2.792526803   24.530182661   48.911164505   28.577350064
   -0.666398442    2.792526803   34.647610945   55.979609228   27.083648555
   -0.475998887    2.792526803   45.344391948   54.738532540   24.211093125
   -0.285599332    2.792526803   54.952521930   44.615005983   20.196081258
   -0.095199777    2.792526803   61.870990091   26.883710934   15.215483181
    0.095199777    2.792526803   64.922976449    4.704106501    9.406676084
    0.285599332    2.792526803   63.706371270  -16.993968717    2.964135670
    0.475998887    2.792526803   58.871920061  -32.369241303   -3.715583884
    0.666398442    2.792526803   52.129905151  -36.406204535   -9.983960333
    0.856797996    2.792526803   45.877585743  -27.269547370  -15.041314227
    1.047197551    2.792526803   42.431158582   -7.785295743  -18.207669358
    1.237597106    2.792526803   43.158273134   15.187407029  -19.209098355
    1.427996661    2.792526803   47.920304970   33.326764796  -18.291139433
    1.618396215    2.792526803   55.123566426   40.041369285  -16.102165269
    1.808795770    2.792526803   62.284374173   32.867535909  -13.389110331
    1.999195325    2.792526803   66.883718202   13.796185806  -10.732748860
    2.189594880    2.792526803   67.111889378  -11.998081725   -8.415497984
    2.379994435    2.792526803   62.298324935  -38.077678437   -6.458237174
    2.570393989    2.792526803   52.976322135  -58.459202034   -4.725857606
    2.760793544    2.792526803   40.671809119  -68.923295464   -3.049137689
    2.951193099    2.792526803   27.477966378  -67.772801668   -1.302953383
