#! FIELDS phi psi file.free der_phi der_psi
#! SET min_phi -pi
#! SET max_phi pi
#! SET nbins_phi  33
#! SET periodic_phi true
#! SET min_psi -pi
#! SET max_psi pi
#! SET nbins_psi  18
#! SET periodic_psi true
   -3.141592654   -3.141592654   17.862804633  -53.542217366   16.716844451
   -2.951193099   -3.141592654    9.348922841  -35.255233008   19.142153852
   -2.760793544   -3.141592654    4.587389382  -14.998082598   20.800391008
   -2.570393989   -3.141592654    3.445479806    2.025140206   21.792427157
   -2.379994435   -3.141592654    4.926505642   12.195131790   22.441206307
   -2.189594880   -3.141592654    7.609657541   14.825624403   23.243804838
   -1.999195325   -3.141592654   10.250829325   12.388330716   24.691919102
   -1.808795770   -3.141592654   12.293131967    9.337381601   27.009713163
   -1.618396215   -3.141592654   14.044688635    9.894010337   29.954135640
   -1.427996661   -3.141592654   16.431045154   16.078680517   32.833181899
   -1.237597106   -3.141592654   20.476194800   26.883481793   34.753988894
   -1.047197551   -3.141592654   26.769190940   39.041101079   34.976013430
   -0.856797996   -3.141592654   35.184577242   48.448646627   33.161797936
   -0.666398442   -3.141592654   44.853168823   51.730978467   29.426693384
   -0.475998887   -3.141592654   54.395230298   46.933227789   24.191338109
   -0.285599332   -3.141592654   62.222722406   33.843313530   17.989519058
   -0.095199777   -3.141592654   66.873288967   14.004753480   11.308227613
    0.095199777   -3.141592654   67.357744041   -9.181558997    4.548213899
    0.285599332   -3.141592654   63.506806295  -30.539506993   -1.928186814
    0.475998887   -3.141592654   56.244229367  -44.081915718   -7.708231260
    0.666398442   -3.141592654   47.558509952  -44.902235220  -12.307524350
    0.856797996   -3.141592654   40.069206417  -31.670967549  -15.264322523
    1.047197551   -3.141592654   36.184445969   -8.041859927  -16.326985790
    1.237597106   -3.141592654   37.196610351   18.262454034  -15.602319423
    1.427996661   -3.141592654   42.755414758   38.393831861  -13.526882162
    1.618396215   -3.141592654   51.005367625   45.791856548  -10.679783984
    1.808795770   -3.141592654   59.252001485   38.436080825   -7.520599839
    1.999195325   -3.141592654   64.863463258   18.851262775   -4.263622601
    2.189594880   -3.141592654   66.004753222   -7.441754919   -0.906093118
    2.379994435   -3.141592654   62.019741151  -33.916473000    2.621157451
    2.570393989   -3.141592654   53.456691297  -54.653738948    6.321055004
    2.760793544   -3.141592654   41.841809617  -65.503759535   10.064248300
    2.951193099   -3.141592654   29.260492028  -64.778607398   13.617553775

   -3.141592654   -2.792526803   25.356121023  -49.123773474   24.871432120
   -2.951193099   -2.792526803   17.519882650  -32.585031760   27.044824335
   -2.760793544   -2.792526803   13.106342757  -13.964251937   28.160601361
   -2.570393989   -2.792526803   12.042607261    1.933692936   28.432604116
   -2.379994435   -2.792526803   13.469462642   11.894008694   28.290721637
   -2.189594880   -2.792526803   16.163948443   15.424099635   28.304564175
   -1.999195325   -2.792526803   19.077859219   14.751791608   28.986327037
   -1.808795770   -2.792526803   21.755303853   13.584528142   30.523621820
   -1.618396215   -2.792526803   24.432311256   15.145049402   32.593011248
   -1.427996661   -2.792526803   27.783559538   20.650091253   34.410676010
   -1.237597106   -2.792526803   32.480952720   28.884182213   35.020253648
   -1.047197551   -2.792526803   38.789886003   37.052641906   33.685383618
   -0.856797996   -2.792526803   46.399765295   41.996571457   30.158539979
   -0.666398442   -2.792526803   54.447462782   41.322527685   24.733650801
   -0.475998887   -2.792526803   61.724171351   33.803801568   18.064876494
   -0.285599332   -2.792526803   66.912879150   19.526764567   10.923888010
   -0.095199777   -2.792526803   68.841644707   -0.034691304    3.981396925
    0.095199777   -2.792526803   66.775290448  -21.761711718   -2.281611341
    0.285599332   -2.792526803   60.739701719  -40.781677184   -7.547075416
    0.475998887   -2.792526803   51.801449822  -51.349761573  -11.580944508
    0.666398442   -2.792526803   42.048569975  -48.789049294  -14.183886343
    0.856797996   -2.792526803   34.148123037  -32.111531703  -15.230744879
    1.047197551   -2.792526803   30.478313221   -5.432514058  -14.754506787
    1.237597106   -2.792526803   32.211900158   23.088576836  -13.000429466
    1.427996661   -2.792526803   38.819570363   44.435447478  -10.357674917
    1.618396215   -2.792526803   48.269198029   52.265669114   -7.207922155
    1.808795770   -2.792526803   57.758593038   45.004225025   -3.764552145
    1.999195325   -2.792526803   64.631905926   25.570095334   -0.050183542
    2.189594880   -2.792526803   67.081892986   -0.395161831    4.010881459
    2.379994435   -2.792526803   64.473733367  -26.527757674    8.432486519
    2.570393989   -2.792526803   57.330707610  -47.205916478   13.068790199
    2.760793544   -2.792526803   47.100444257  -58.518634742   17.605891554
    2.951193099   -2.792526803   35.759854589  -58.839936299   21.655232078

   -3.141592654   -2.443460953   34.014589309  -44.744744530   23.134109796
   -2.951193099   -2.443460953   26.836286056  -30.065076838   24.900530907
   -2.760793544   -2.443460953   22.737153609  -13.123498821   25.748466852
   -2.570393989   -2.443460953   21.711147421    1.605016429   25.869933208
   -2.379994435   -2.443460953   23.027239784   11.211753265   25.601767443
   -2.189594880   -2.443460953   25.632019945   15.306213566   25.361498566
   -1.999195325   -2.443460953   28.631111284   15.821117680   25.490683560
   -1.808795770   -2.443460953   31.623641128   15.732430247   26.051644869
   -1.618396215   -2.443460953   34.739082660   17.373745750   26.705825164
   -1.427996661   -2.443460953   38.395910075   21.352394510   26.796270163
   -1.237597106   -2.443460953   42.952041628   26.496580668   25.608842817
   -1.047197551   -2.443460953   48.435393090   30.723513382   22.692870764
   -0.856797996   -2.443460953   54.473930474   31.963921451   18.049829860
   -0.666398442   -2.443460953   60.346807734   28.778549625   12.139615912
   -0.475998887   -2.443460953   65.128594119   20.450543285    5.685115106
   -0.285599332   -2.443460953   67.829529799    7.008486887   -0.558372575
   -0.095199777   -2.443460953   67.552519702  -10.526724971   -6.005730821
    0.095199777   -2.443460953   63.733410982  -29.621090514  -10.327556990
    0.285599332   -2.443460953   56.464902746  -45.878440676  -13.415738644
    0.475998887   -2.443460953   46.808451784  -53.824242854  -15.297877961
    0.666398442   -2.443460953   36.813191096  -48.900222909  -16.044743596
    0.856797996   -2.443460953   29.089578844  -30.188961766  -15.743080179
    1.047197551   -2.443460953   25.944922976   -1.901654712  -14.503194085
    1.237597106   -2.443460953   28.462500110   27.723405606  -12.481809473
    1.427996661   -2.443460953   36.019872671   49.716821004   -9.866960255
    1.618396215   -2.443460953   46.514614448   57.947783956   -6.829095679
    1.808795770   -2.443460953   57.123761599   51.101096571   -3.457158066
    1.999195325   -2.443460953   65.211288220   32.254608860    0.232113749
    2.189594880   -2.443460953   69.000464482    6.976838402    4.240905400
    2.379994435   -2.443460953   67.852195860  -18.626579644    8.498900805
    2.570393989   -2.443460953   62.229209605  -39.251679274   12.817556638
    2.760793544   -2.443460953   53.467493120  -51.175787466   16.899836344
    2.951193099   -2.443460953   43.415646566  -52.754842718   20.424252247

   -3.141592654   -2.094395102   40.714736530  -40.879804097   14.133729938
   -2.951193099   -2.094395102   34.151056291  -27.495397742   15.263248556
   -2.760793544   -2.094395102   30.417579458  -11.838007549   15.870427951
   -2.570393989   -2.094395102   29.526115333    1.781771625   16.019380196
   -2.379994435   -2.094395102   30.799566644   10.663358815   15.808490511
   -2.189594880   -2.094395102   33.269460976   14.513046156   15.364297177
   -1.999195325   -2.094395102   36.120373500   15.076922671   14.782710263
   -1.808795770   -2.094395102   38.965402852   14.848681630   14.031417646
   -1.618396215   -2.094395102   41.844985793   15.627962466   12.901917454
   -1.427996661   -2.094395102   45.008487052   17.763612164   11.080022984
   -1.237597106   -2.094395102   48.642019809   20.333510821    8.303855186
   -1.047197551   -2.094395102   52.695184210   21.932033107    4.534375717
   -0.856797996   -2.094395102   56.864666038   21.324706012    0.018604579
   -0.666398442   -2.094395102   60.640494664   17.649646884   -4.753999856
   -0.475998887   -2.094395102   63.375677046   10.327479638   -9.221259502
   -0.285599332   -2.094395102   64.338988792   -0.960051149  -12.908501145
   -0.095199777   -2.094395102   62.796707686  -15.810242704  -15.550434178
    0.095199777   -2.094395102   58.224186884  -32.305371039  -17.126183623
    0.285599332   -2.094395102   50.654120789  -46.462211309  -17.789754223
    0.475998887   -2.094395102   41.036142738  -52.924972286  -17.776295822
    0.666398442   -2.094395102   31.310194012  -47.029735668  -17.283879838
    0.856797996   -2.094395102   24.008815064  -27.646167852  -16.417683544
    1.047197551   -2.094395102   21.402264212    1.211220082  -15.171021588
    1.237597106   -2.094395102   24.565502948   31.404955625  -13.477067771
    1.427996661   -2.094395102   32.880809689   53.996658461  -11.285350340
    1.618396215   -2.094395102   44.250279121   62.855040508   -8.616283391
    1.808795770   -2.094395102   55.854571577   56.634044922   -5.561432795
    1.999195325   -2.094395102   65.052974707   38.367064616   -2.265100840
    2.189594880   -2.094395102   70.052191365   13.530474922    1.118184984
    2.379994435   -2.094395102   70.175233921  -11.887814472    4.429677794
    2.570393989   -2.094395102   65.825233691  -32.696903158    7.515639399
    2.760793544   -2.094395102   58.262915741  -45.206617581   10.227553365
    2.951193099   -2.094395102   49.264514508  -47.718734298   12.453338869

   -3.141592654   -1.745329252   43.010563628  -39.217254750    5.512726844
   -2.951193099   -1.745329252   36.720922286  -26.287197173    5.951559999
   -2.760793544   -1.745329252   33.173351773  -11.106635571    6.188692506
   -2.570393989   -1.745329252   32.368101374    1.935809240    6.207583201
   -2.379994435   -1.745329252   33.606910089   10.122299830    5.938525842
   -2.189594880   -1.745329252   35.897409061   13.144826839    5.285045410
   -1.999195325   -1.745329252   38.393419357   12.676879402    4.139850307
   -1.808795770   -1.745329252   40.659589436   11.113226504    2.389074634
   -1.618396215   -1.745329252   42.676620548   10.267985808   -0.051509334
   -1.427996661   -1.745329252   44.657194901   10.724997943   -3.162963305
   -1.237597106   -1.745329252   46.817601508   12.015313020   -6.769176869
   -1.047197551   -1.745329252   49.231400636   13.212127676  -10.535003982
   -0.856797996   -1.745329252   51.794562600   13.378845258  -14.048723508
   -0.666398442   -1.745329252   54.220537372   11.575843243  -16.915235461
   -0.475998887   -1.745329252   56.036806371    6.824180195  -18.869455253
   -0.285599332   -1.745329252   56.589708894   -1.791681179  -19.824694274
   -0.095199777   -1.745329252   55.110132563  -14.437827776  -19.880835835
    0.095199777   -1.745329252   50.944768393  -29.554621102  -19.296926378
    0.285599332   -1.745329252   43.955852528  -43.254290091  -18.395874534
    0.475998887   -1.745329252   34.930329989  -49.995726239  -17.475729021
    0.666398442   -1.745329252   25.703369922  -44.736262593  -16.696830531
    0.856797996   -1.745329252   18.783041046  -25.883057034  -16.036505304
    1.047197551   -1.745329252   16.497170662    2.911424319  -15.295169922
    1.237597106   -1.745329252   20.024340046   33.607392047  -14.195931796
    1.427996661   -1.745329252   28.841790643   57.093552851  -12.533158059
    1.618396215   -1.745329252   40.893618164   66.889951130  -10.276164712
    1.808795770   -1.745329252   53.335314256   61.313586049   -7.579436983
    1.999195325   -1.745329252   63.451576182   43.241126760   -4.720557474
    2.189594880   -1.745329252   69.363423681   18.168935786   -1.982611599
    2.379994435   -1.745329252   70.323806922   -7.773561599    0.414915456
    2.570393989   -1.745329252   66.695763243  -29.248584126    2.354284468
    2.760793544   -1.745329252   59.725527390  -42.434016510    3.808071359
    2.951193099   -1.745329252   51.196474484  -45.549700348    4.829371675

   -3.141592654   -1.396263402   41.496396435  -39.828023574    3.169682416
   -2.951193099   -1.396263402   35.096409138  -26.819288695    2.977127644
   -2.760793544   -1.396263402   31.463398325  -11.478889384    2.607134045
   -2.570393989   -1.396263402   30.595762172    1.616780591    2.042349750
   -2.379994435   -1.396263402   31.757836100    9.565785763    1.161601030
   -2.189594880   -1.396263402   33.883728571   11.882310603   -0.232499080
   -1.999195325   -1.396263402   36.026957669   10.143188959   -2.348859291
   -1.808795770   -1.396263402   37.652521075    6.869941636   -5.315215447
   -1.618396215   -1.396263402   38.693811917    4.308329719   -9.070582128
   -1.427996661   -1.396263402   39.419423141    3.655808908  -13.293317963
   -1.237597106   -1.396263402   40.215709636    4.977282124  -17.436812575
   -1.047197551   -1.396263402   41.397536575    7.516013604  -20.869481540
   -0.856797996   -1.396263402   43.091556999   10.081511691  -23.079553886
   -0.666398442   -1.396263402   45.160388341   11.140590674  -23.817631693
   -0.475998887   -1.396263402   47.155902021    9.059348197  -23.159848847
   -0.285599332   -1.396263402   48.333180885    2.379324194  -21.447035817
   -0.095199777   -1.396263402   47.750691824   -9.383029037  -19.161995309
    0.095199777   -1.396263402   44.544316085  -24.714095843  -16.806287688
    0.285599332   -1.396263402   38.381058663  -39.549544405  -14.763700316
    0.475998887   -1.396263402   29.907381093  -47.936711797  -13.242525961
    0.666398442   -1.396263402   20.914508330  -44.278825057  -12.238287577
    0.856797996   -1.396263402   13.974554611  -26.411391158  -11.574056973
    1.047197551   -1.396263402   11.571546498    2.372477506  -10.963658042
    1.237597106   -1.396263402   15.072712159   33.987709348  -10.115972528
    1.427996661   -1.396263402   24.096801075   58.901697408   -8.848504696
    1.618396215   -1.396263402   36.626762890   70.027763713   -7.137748321
    1.808795770   -1.396263402   49.747504266   65.168898082   -5.113622642
    1.999195325   -1.396263402   60.603631545   47.021543397   -2.997539936
    2.189594880   -1.396263402   67.173905808   21.208887552   -1.012494708
    2.379994435   -1.396263402   68.613476391   -5.812277088    0.664308449
    2.570393989   -1.396263402   65.253711846  -28.373779815    1.927252198
    2.760793544   -1.396263402   58.364534305  -42.402704189    2.736390881
    2.951193099   -1.396263402   49.788870303  -46.010144396    3.123608643

   -3.141592654   -1.047197551   39.368044709  -42.267925663    3.800513731
   -2.951193099   -1.047197551   32.509170489  -29.149149815    2.649764039
   -2.760793544   -1.047197551   28.466098326  -13.440379317    1.229427041
   -2.570393989   -1.047197551   27.258979521   -0.029759557   -0.374019270
   -2.379994435   -1.047197551   28.107828214    7.822283809   -2.207462468
   -2.189594880   -1.047197551   29.840600335    9.376772603   -4.449266474
   -1.999195325   -1.047197551   31.381744993    6.243256595   -7.319243683
   -1.808795770   -1.047197551   32.109890581    1.360460968  -10.914991235
   -1.618396215   -1.047197551   31.982489498   -2.310402962  -15.045806428
   -1.427996661   -1.047197551   31.432977835   -2.875926540  -19.176714171
   -1.237597106   -1.047197551   31.115083770    0.062119535  -22.555660385
   -1.047197551   -1.047197551   31.621382125    5.496855799  -24.478142140
   -0.856797996   -1.047197551   33.258730427   11.522741406  -24.563147016
   -0.666398442   -1.047197551   35.910735219   15.692301185  -22.886402996
   -0.475998887   -1.047197551   38.987373801   15.632572800  -19.934334601
   -0.285599332   -1.047197551   41.494510583    9.525628618  -16.413210880
   -0.095199777   -1.047197551   42.215435596   -3.056717758  -13.005188905
    0.095199777   -1.047197551   40.053843416  -20.186499437  -10.184690152
    0.285599332   -1.047197551   34.544823547  -37.220111524   -8.101622102
    0.475998887   -1.047197551   26.317973598  -47.584692773   -6.635451792
    0.666398442   -1.047197551   17.258144773  -45.190370220   -5.516951929
    0.856797996   -1.047197551   10.103159177  -27.602229712   -4.499794633
    1.047197551   -1.047197551    7.525540304    1.853118159   -3.454167411
    1.237597106   -1.047197551   11.045680881   34.746778536   -2.366206201
    1.427996661   -1.047197551   20.349930623   61.043184145   -1.284623860
    1.618396215   -1.047197551   33.392265073   73.161110120   -0.235893503
    1.808795770   -1.047197551   47.150490542   68.598365578    0.791572293
    1.999195325   -1.047197551   58.630368648   50.032269676    1.822685204
    2.189594880   -1.047197551   65.689969555   23.267486683    2.847476919
    2.379994435   -1.047197551   67.408186101   -4.964917640    3.782308486
    2.570393989   -1.047197551   64.091444768  -28.755303188    4.477923995
    2.760793544   -1.047197551   57.025570640  -43.829362462    4.766221958
    2.951193099   -1.047197551   48.103961852  -48.154350569    4.541421828

   -3.141592654   -0.698131701   39.162361079  -45.607280278    3.542787744
   -2.951193099   -0.698131701   31.631666916  -32.791666653    1.250900047
   -2.760793544   -0.698131701   26.895573459  -17.033445248   -1.342056648
   -2.570393989   -0.698131701   25.016618953   -3.516432058   -4.007725842
   -2.379994435   -0.698131701   25.190585994    4.141696353   -6.674539886
   -2.189594880   -0.698131701   26.163598436    4.990463021   -9.466458693
   -1.999195325   -0.698131701   26.769518720    0.779404317  -12.592797343
   -1.808795770   -0.698131701   26.362338877   -5.010718274  -16.113693355
   -1.618396215   -0.698131701   25.002025633   -8.678439462  -19.731539790
   -1.427996661   -0.698131701   23.353167119   -7.789769968  -22.771980027
   -1.237597106   -0.698131701   22.354934866   -1.960427304  -24.416934015
   -1.047197551   -0.698131701   22.821036923    7.150526343  -24.077055296
   -0.856797996   -0.698131701   25.113500155   16.618470533  -21.688824769
   -0.666398442   -0.698131701   28.975584036   23.045812233  -17.768707382
   -0.475998887   -0.698131701   33.534185588   23.546309823  -13.204464698
   -0.285599332   -0.698131701   37.469016649   16.373819633   -8.917501356
   -0.095199777   -0.698131701   39.303122735    1.666272309   -5.530178792
    0.095199777   -0.698131701   37.815918234  -17.789816411   -3.203385066
    0.285599332   -0.698131701   32.583087085  -36.567788805   -1.643674737
    0.475998887   -0.698131701   24.395747510  -47.633977794   -0.338348069
    0.666398442   -0.698131701   15.343295272  -44.929917906    1.153110442
    0.856797996   -0.698131701    8.319940766  -26.453844247    2.959489292
    1.047197551   -0.698131701    6.052306898    3.903830338    4.864031586
    1.237597106   -0.698131701   10.020103275   37.295172973    6.483632653
    1.427996661   -0.698131701   19.818314149   63.601177929    7.504623944
    1.618396215   -0.698131701   33.321547018   75.403572789    7.870708949
    1.808795770   -0.698131701   47.467033399   70.419896241    7.767707670
    1.999195325   -0.698131701   59.254428771   51.443323800    7.492078062
    2.189594880   -0.698131701   66.541320032   24.229545579    7.267790397
    2.379994435   -0.698131701   68.387401515   -4.620338758    7.133832875
    2.570393989   -0.698131701   65.057424757  -29.280715748    6.932033685
    2.760793544   -0.698131701   57.792357475  -45.408082630    6.396382479
    2.951193099   -0.698131701   48.470304968  -50.758899727    5.295705375

   -3.141592654   -0.349065850   39.843721262  -50.269861239    2.888787200
   -2.951193099   -0.349065850   31.348869342  -38.159879606   -0.120924258
   -2.760793544   -0.349065850   25.564544485  -22.586923623   -3.317230079
   -2.570393989   -0.349065850   22.638812602   -8.931887153   -6.422467890
   -2.379994435   -0.349065850   21.794339690   -1.176016334   -9.323451701
   -2.189594880   -0.349065850   21.741169326   -0.521538663  -12.111660819
   -1.999195325   -0.349065850   21.263653335   -5.073752901  -14.949084403
   -1.808795770   -0.349065850   19.737557144  -10.773910346  -17.810209623
   -1.618396215   -0.349065850   17.373441303  -13.220106741  -20.297986643
   -1.427996661   -0.349065850   15.092490521   -9.644506591  -21.705882526
   -1.237597106   -0.349065850   14.089816259   -0.034241824  -21.337808361
   -1.047197551   -0.349065850   15.299123026   12.948263983  -18.908194290
   -0.856797996   -0.349065850   18.985778841   25.192048130  -14.763067987
   -0.666398442   -0.349065850   24.596453742   32.486008413   -9.787506267
   -0.475998887   -0.349065850   30.872199130   31.830244208   -5.038363488
   -0.285599332   -0.349065850   36.155082195   22.092847361   -1.332462778
   -0.095199777   -0.349065850   38.797723748    4.467022575    1.063476399
    0.095199777   -0.349065850   37.619372191  -17.144784631    2.475721544
    0.285599332   -0.349065850   32.417559119  -36.619760778    3.634607402
    0.475998887   -0.349065850   24.275574300  -46.897008683    5.277885101
    0.666398442   -0.349065850   15.513061087  -42.575922048    7.765011127
    0.856797996   -0.349065850    9.089231124  -22.643511470   10.872693631
    1.047197551   -0.349065850    7.614805478    8.208768368   13.904556569
    1.237597106   -0.349065850   12.354529466   40.901346704   16.072162520
    1.427996661   -0.349065850   22.705245944   65.721952809   16.880830829
    1.618396215   -0.349065850   36.458709145   75.953028772   16.349071857
    1.808795770   -0.349065850   50.594832549   69.886488949   14.909650181
    1.999195325   -0.349065850   62.230101974   50.482307428   13.147329616
    2.189594880   -0.349065850   69.328853874   23.254963109   11.502763348
    2.379994435   -0.349065850   70.989509502   -5.631390176   10.120456579
    2.570393989   -0.349065850   67.434722647  -30.712078615    8.848729650
    2.760793544   -0.349065850   59.817403213  -47.747329357    7.379414826
    2.951193099   -0.349065850   49.937798871  -54.301515345    5.430294359

   -3.141592654    0.000000000   40.891939445  -55.445594505    1.918030766
   -2.951193099    0.000000000   31.351967835  -43.854623376   -0.928624294
   -2.760793544    0.000000000   24.476027970  -28.259462302   -3.778054461
   -2.570393989    0.000000000   20.505572878  -14.190005975   -6.445593486
   -2.379994435    0.000000000   18.705810827   -5.966854502   -8.878168286
   -2.189594880    0.000000000   17.770933600   -5.020348346  -11.159491133
   -1.999195325    0.000000000   16.459415787   -9.297026849  -13.365612235
   -1.808795770    0.000000000   14.191231612  -14.200525164  -15.347174039
   -1.618396215    0.000000000   11.332322235  -14.779450127  -16.635849825
   -1.427996661    0.000000000    9.025753534   -8.189633856  -16.602584406
   -1.237597106    0.000000000    8.634517504    4.933392582  -14.806827812
   -1.047197551    0.000000000   11.083238544   20.795079804  -11.325123323
   -0.856797996    0.000000000   16.410423692   34.231755062   -6.817936047
   -0.666398442    0.000000000   23.689784864   40.637344568   -2.287323960
   -0.475998887    0.000000000   31.295774536   37.445997928    1.366942337
   -0.285599332    0.000000000   37.352804780   24.619215584    3.711034402
   -0.095199777    0.000000000   40.230779585    4.619563765    4.949910537
    0.095199777    0.000000000   38.984175590  -17.692027057    5.799669008
    0.285599332    0.000000000   33.764554052  -35.971344369    7.150281251
    0.475998887    0.000000000   25.969536579  -43.784217858    9.628820659
    0.666398442    0.000000000   18.048358711  -36.975139843   13.266859975
    0.856797996    0.000000000   12.838351440  -15.810347606   17.435993082
    1.047197551    0.000000000   12.631222207   14.346148789   21.106369947
    1.237597106    0.000000000   18.333976335   44.659431373   23.326891288
    1.427996661    0.000000000   29.108279300   66.403173642   23.626793405
    1.618396215    0.000000000   42.725121176   73.992667123   22.169942694
    1.808795770    0.000000000   56.324911170   66.437569713   19.572852944
    1.999195325    0.000000000   67.259005748   46.741402420   16.576768410
    2.189594880    0.000000000   73.679297290   19.940469784   13.730487937
    2.379994435    0.000000000   74.758730187   -8.463479237   11.254527731
    2.570393989    0.000000000   70.678391231  -33.496716057    9.061089689
    2.760793544    0.000000000   62.487730942  -51.075122656    6.907188925
    2.951193099    0.000000000   51.889173511  -58.562768443    4.558901515

   -3.141592654    0.349065850   42.616058605  -59.614172386    1.712679469
   -2.951193099    0.349065850   32.249656889  -48.294785351   -0.065188598
   -2.760793544    0.349065850   24.525757735  -32.662451158   -1.693866027
   -2.570393989    0.349065850   19.739445712  -18.329043553   -3.183793671
   -2.379994435    0.349065850   17.179488625   -9.813260894   -4.612321203
   -2.189594880    0.349065850   15.535840366   -8.610638632   -6.082045134
   -1.999195325    0.349065850   13.577022545  -12.432627083   -7.592894531
   -1.808795770    0.349065850   10.801400449  -16.248616327   -8.910399170
   -1.618396215    0.349065850    7.726982726  -14.841084765   -9.579926932
   -1.427996661    0.349065850    5.655070461   -5.600507102   -9.135384183
   -1.237597106    0.349065850    6.007607656   10.055260395   -7.390441740
   -1.047197551    0.349065850    9.594449117   27.382671182   -4.618768981
   -0.856797996    0.349065850   16.185124151   40.619086938   -1.473354251
   -0.666398442    0.349065850   24.535875333   45.300984236    1.311043939
   -0.475998887    0.349065850   32.800866747   39.670712386    3.288038556
   -0.285599332    0.349065850   39.075562054   24.841691612    4.495315692
   -0.095199777    0.349065850   41.912473653    4.255365481    5.446101529
    0.095199777    0.349065850   40.685788959  -16.822372804    6.894382885
    0.285599332    0.349065850   35.870240954  -32.428899129    9.482218608
    0.475998887    0.349065850   29.044341745  -37.204287865   13.410522534
    0.666398442    0.349065850   22.597799581  -28.345259471   18.258816321
    0.856797996    0.349065850   19.072470842   -7.143772661   23.075033373
    1.047197551    0.349065850   20.341018205   20.841565435   26.719439450
    1.237597106    0.349065850   26.946767098   47.499557698   28.331995104
    1.427996661    0.349065850   37.884305338   65.359295008   27.657404875
    1.618396215    0.349065850   50.998709748   69.987347941   25.084895435
    1.808795770    0.349065850   63.671775444   60.973575499   21.392843810
    1.999195325    0.349065850   73.539996879   41.201118727   17.402270789
    2.189594880    0.349065850   78.968094958   15.141260650   13.695323984
    2.379994435    0.349065850   79.220398824  -12.381328537   10.531050431
    2.570393989    0.349065850   74.453744966  -36.868703879    7.894414778
    2.760793544    0.349065850   65.631663597  -54.417998460    5.640822972
    2.951193099    0.349065850   54.365786313  -62.270062522    3.611233067

   -3.141592654    0.698131701   44.179636044  -61.655849310    0.349341928
   -2.951193099    0.698131701   33.433625239  -50.227233788    0.096055121
   -2.760793544    0.698131701   25.342997509  -34.583988878    0.056350207
   -2.570393989    0.698131701   20.182909530  -20.345097980    0.025822745
   -2.379994435    0.698131701   17.220681759  -12.023438523   -0.181086860
   -2.189594880    0.698131701   15.138434275  -10.974151371   -0.675585062
   -1.999195325    0.698131701   12.738074038  -14.620385276   -1.423894002
   -1.808795770    0.698131701    9.609753014  -17.645353974   -2.210481725
   -1.618396215    0.698131701    6.395850864  -14.821675737   -2.709739965
   -1.427996661    0.698131701    4.486359158   -3.923906416   -2.658792102
   -1.237597106    0.698131701    5.288612221   12.975653166   -2.016756357
   -1.047197551    0.698131701    9.477494627   30.601949670   -0.999474321
   -0.856797996    0.698131701   16.625851590   43.105317295    0.066452068
   -0.666398442    0.698131701   25.331727197   46.519664730    0.960325414
   -0.475998887    0.698131701   33.722888805   39.888769174    1.752177483
   -0.285599332    0.698131701   40.021222377   25.084228045    2.802238912
   -0.095199777    0.698131701   43.015785398    5.903336897    4.621391510
    0.095199777    0.698131701   42.333570541  -12.603096621    7.639223311
    0.285599332    0.698131701   38.607320998  -25.219944292   11.955295559
    0.475998887    0.698131701   33.395599579  -27.666461465   17.201619716
    0.666398442    0.698131701   28.860241969  -18.161721560   22.551422759
    0.856797996    0.698131701   27.161336146    1.477005725   26.939627508
    1.047197551    0.698131701   29.761926608   25.951780876   29.414957626
    1.237597106    0.698131701   36.920288563   48.147314505   29.486268955
    1.427996661    0.698131701   47.571900636   61.872348672   27.282931363
    1.618396215    0.698131701   59.729265423   63.697149430   23.444427591
    1.808795770    0.698131701   71.073909587   53.587284743   18.823418328
    1.999195325    0.698131701   79.549898886   34.151065177   14.190018106
    2.189594880    0.698131701   83.737697507    9.243604141   10.051969574
    2.379994435    0.698131701   82.995741157  -16.943277113    6.652894489
    2.570393989    0.698131701   77.472169574  -40.309840620    4.044489278
    2.760793544    0.698131701   68.072048491  -57.107964125    2.188533828
    2.951193099    0.698131701   56.338221257  -64.531978206    0.996351853

   -3.141592654    1.047197551   42.832241870  -61.827223476   -4.118161182
   -2.951193099    1.047197551   32.139030513  -49.547760461   -3.131561484
   -2.760793544    1.047197551   24.222500793  -33.501510603   -1.900710945
   -2.570393989    1.047197551   19.273415968  -19.267181939   -0.753459504
   -2.379994435    1.047197551   16.489719977  -11.254874412    0.090930389
   -2.189594880    1.047197551   14.511830227  -10.646184348    0.541821741
   -1.999195325    1.047197551   12.136260481  -14.657979601    0.622396680
   -1.808795770    1.047197551    8.983327653  -17.822653709    0.434383471
   -1.618396215    1.047197551    5.739887737  -14.932417223    0.102158029
   -1.427996661    1.047197551    3.820188433   -3.941411218   -0.285579806
   -1.237597106    1.047197551    4.615592954   12.865946381   -0.684392310
   -1.047197551    1.047197551    8.757759371   30.190761649   -1.048778755
   -0.856797996    1.047197551   15.799008428   42.426880106   -1.243797165
   -0.666398442    1.047197551   24.386417932   46.079581989   -1.010409144
   -0.475998887    1.047197551   32.787054438   40.600182745    0.007663943
   -0.285599332    1.047197551   39.414348867   27.981751304    2.144163784
   -0.095199777    1.047197551   43.230105235   11.707365370    5.568128860
    0.095199777    1.047197551   43.935841940   -3.902406968   10.173675303
    0.285599332    1.047197551   42.075772178  -14.546275364   15.503201111
    0.475998887    1.047197551   38.951094898  -16.760897565   20.794844726
    0.666398442    1.047197551   36.347087651   -9.133046075   25.122751033
    0.856797996    1.047197551   36.038725305    6.813046648   27.654359287
    1.047197551    1.047197551   39.221530346   26.675648854   27.911953857
    1.237597106    1.047197551   46.090052140   44.516301715   25.920362388
    1.427996661    1.047197551   55.724896655   55.076628600   22.176476724
    1.618396215    1.047197551   66.410825707   55.290942121   17.424596361
    1.808795770    1.047197551   76.114232056   44.938548843   12.390283681
    1.999195325    1.047197551   82.995253916   26.141817104    7.612647322
    2.189594880    1.047197551   85.756812495    2.315807150    3.415204214
    2.379994435    1.047197551   83.814865602  -22.599581902   -0.008300205
    2.570393989    1.047197551   77.344512835  -44.576751233   -2.521778196
    2.760793544    1.047197551   67.269780465  -59.917382594   -4.023695047
    2.951193099    1.047197551   55.136781036  -65.919072763   -4.509853942

   -3.141592654    1.396263402   38.341896094  -60.172640308  -10.615903842
   -2.951193099    1.396263402   28.115232602  -46.409259626   -9.261667768
   -2.760793544    1.396263402   20.874777113  -29.673868569   -7.509511128
   -2.570393989    1.396263402   16.660061851  -15.488401818   -5.667027518
   -2.379994435    1.396263402   14.545686399   -8.069625211   -3.901000609
   -2.189594880    1.396263402   13.090568259   -8.375705243   -2.271080628
   -1.999195325    1.396263402   11.047159130  -13.458011990   -0.816738531
   -1.808795770    1.396263402    8.016129306  -17.747608547    0.375505640
   -1.618396215    1.396263402    4.680618674  -15.970291595    1.172444070
   -1.427996661    1.396263402    2.468038023   -5.952000511    1.463568952
   -1.237597106    1.396263402    2.817411806   10.261991108    1.275766987
   -1.047197551    1.396263402    6.462747412   27.711393152    0.844410321
   -0.856797996    1.396263402   13.121762836   41.067566318    0.608970279
   -0.666398442    1.396263402   21.643007139   46.908865341    1.083738296
   -0.475998887    1.396263402   30.477081852   44.414304756    2.697201520
   -0.285599332    1.396263402   38.137356078   34.982992526    5.643324807
   -0.095199777    1.396263402   43.550412253   21.327334567    9.795640380
    0.095199777    1.396263402   46.235635190    6.994480710   14.711574544
    0.285599332    1.396263402   46.426557155   -4.229593346   19.664318813
    0.475998887    1.396263402   45.055021040   -8.968325910   23.785357722
    0.666398442    1.396263402   43.571432777   -5.335281409   26.254489037
    0.856797996    1.396263402   43.554213916    6.085611095   26.549038802
    1.047197551    1.396263402   46.203634998   21.974446876   24.612488789
    1.237597106    1.396263402   51.903807613   37.209097912   20.853847325
    1.427996661    1.396263402   60.024995088   46.720825162   15.985671725
    1.618396215    1.396263402   69.117259737   47.037225516   10.741133121
    1.808795770    1.396263402   77.304064604   37.285579727    5.652745206
    1.999195325    1.396263402   82.788717463   19.103650884    0.999172507
    2.189594880    1.396263402   84.262582653   -4.165758754   -3.104753394
    2.379994435    1.396263402   81.152095809  -28.327117635   -6.552821483
    2.570393989    1.396263402   73.701385000  -49.035632639   -9.171935821
    2.760793544    1.396263402   62.945562607  -62.516449723  -10.758701755
    2.951193099    1.396263402   50.522959813  -66.322142017  -11.209986909

   -3.141592654    1.745329252   31.782215539  -58.517577921  -16.757553034
   -2.951193099    1.745329252   22.037321300  -43.105574823  -15.562854097
   -2.760793544    1.745329252   15.527038179  -25.428650891  -13.748051212
   -2.570393989    1.745329252   12.159342674  -10.929009588  -11.546469069
   -2.379994435    1.745329252   10.905000884   -3.657994728   -9.072595283
   -2.189594880    1.745329252   10.247613558   -4.465163724   -6.371563755
   -1.999195325    1.745329252    8.874312354  -10.395668296   -3.527564909
   -1.808795770    1.745329252    6.317580479  -15.887679788   -0.746317492
   -1.618396215    1.745329252    3.202666449  -15.537321601    1.669730583
   -1.427996661    1.745329252    0.945422990   -6.800923393    3.443552420
   -1.237597106    1.745329252    1.062126074    8.801949592    4.492751726
   -1.047197551    1.745329252    4.460137689   26.775237082    5.021460833
   -0.856797996    1.745329252   11.091014734   41.894567761    5.484334864
   -0.666398442    1.745329252   20.014379014   50.403381512    6.400480357
   -0.475998887    1.745329252   29.790963415   50.785715021    8.140107457
   -0.285599332    1.745329252   38.898257360   43.641424487   10.770594498
   -0.095199777    1.745329252   46.082149629   31.021332286   13.995659681
    0.095199777    1.745329252   50.581336355   16.061249512   17.226603058
    0.285599332    1.745329252   52.302659071    2.515120210   19.700122658
    0.475998887    1.745329252   51.884374319   -5.873684414   20.705530726
    0.666398442    1.745329252   50.589934160   -6.456520407   19.810248660
    0.856797996    1.745329252   49.980068523    1.135319891   17.048285510
    1.047197551    1.745329252   51.412124506   14.379273003   12.921852917
    1.237597106    1.745329252   55.536871736   28.501201160    8.198808940
    1.427996661    1.745329252   61.999902931   38.170956303    3.616802942
    1.618396215    1.745329252   69.534825624   39.267585164   -0.392645799
    1.808795770    1.745329252   76.319285461   30.281841579   -3.786093370
    1.999195325    1.745329252   80.518312068   12.550532097   -6.775820729
    2.189594880    1.745329252   80.770468451  -10.438084285   -9.594739156
    2.379994435    1.745329252   76.507255855  -34.077756631  -12.286609908
    2.570393989    1.745329252   68.057925003  -53.643354740  -14.648528299
    2.760793544    1.745329252   56.589402167  -65.281312950  -16.336800693
    2.951193099    1.745329252   43.850307507  -66.833768197  -17.066453088

   -3.141592654    2.094395102   24.712466957  -57.710363099  -18.891362571
   -2.951193099    2.094395102   15.261058775  -40.896852817  -17.832898561
   -2.760793544    2.094395102    9.274309059  -22.208922026  -15.980578090
   -2.570393989    2.094395102    6.594117253   -6.962243305  -13.499244870
   -2.379994435    2.094395102    6.157137977    0.946753358  -10.498653107
   -2.189594880    2.094395102    6.430760178    0.679975175   -7.053296951
   -1.999195325    2.094395102    6.069264548   -4.987230064   -3.278396990
   -1.808795770    2.094395102    4.529173451  -10.720007520    0.596188744
   -1.618396215    2.094395102    2.330129580  -11.175054471    4.234310519
   -1.427996661    2.094395102    0.799536560   -3.557527730    7.294754538
   -1.237597106    2.094395102    1.438784866   11.104870484    9.587610859
   -1.047197551    2.094395102    5.236459180   28.799568184   11.172667564
   -0.856797996    2.094395102   12.293298774   44.473082536   12.335464502
   -0.666398442    2.094395102   21.811965506   54.132177995   13.421361039
   -0.475998887    2.094395102   32.416424403   55.701365699   14.642695794
   -0.285599332    2.094395102   42.529147034   49.121740518   15.952898132
   -0.095199777    2.094395102   50.722874841   35.928520517   17.021147788
    0.095199777    2.094395102   55.993112547   19.024559459   17.341936894
    0.285599332    2.094395102   57.997314820    2.368031001   16.389516467
    0.475998887    2.094395102   57.206525075   -9.661983322   13.856170863
    0.666398442    2.094395102   54.868307759  -13.477908325    9.830265528
    0.856797996    2.094395102   52.709071176   -7.834833852    4.861993540
    1.047197551    2.094395102   52.383171970    5.173503655   -0.201023217
    1.237597106    2.094395102   54.857149408   20.566011408   -4.540523166
    1.427996661    2.094395102   59.996575399   32.248167046   -7.680595744
    1.618396215    2.094395102   66.587245826   35.176473530   -9.648666340
    1.808795770    2.094395102   72.704804823   27.212323190  -10.878032098
    1.999195325    2.094395102   76.341058927    9.581297527  -11.940222930
    2.189594880    2.094395102   75.989933614  -13.838006435  -13.258073580
    2.379994435    2.094395102   71.039487749  -37.820024748  -14.930035793
    2.570393989    2.094395102   61.889528354  -57.121808984  -16.723615443
    2.760793544    2.094395102   49.845036902  -67.724542395  -18.220101405
    2.951193099    2.094395102   36.784471415  -67.699736696  -19.018855786

   -3.141592654    2.443460953   18.259338137  -57.642384992  -12.612071142
   -2.951193099    2.443460953    8.949882713  -39.479433282  -11.194576988
   -2.760793544    2.443460953    3.365800529  -19.411980814   -9.221728079
   -2.570393989    2.443460953    1.350549558   -2.783041167   -6.824477236
   -2.379994435    2.443460953    1.839423244    6.476305264   -4.071512824
   -2.189594880    2.443460953    3.283990124    7.401727561   -0.947837131
   -1.999195325    2.443460953    4.287837324    2.537597928    2.585315252
   -1.808795770    2.443460953    4.208367122   -3.029037078    6.472901546
   -1.618396215    2.443460953    3.430993373   -4.057141663   10.485012475
   -1.427996661    2.443460953    3.153320425    2.408046596   14.237347962
   -1.237597106    2.443460953    4.800675615   15.722266340   17.323927410
   -1.047197551    2.443460953    9.364142859   32.284102369   19.476279525
   -0.856797996    2.443460953   17.008927243   47.227027512   20.643256899
   -0.666398442    2.443460953   27.006913959   56.425005305   20.934537646
   -0.475998887    2.443460953   37.999241368   57.422518311   20.481494470
   -0.285599332    2.443460953   48.346252428   49.730862512   19.312698738
   -0.095199777    2.443460953   56.486763130   34.618306516   17.298163145
    0.095199777    2.443460953   61.260114554   15.002841680   14.221898362
    0.285599332    2.443460953   62.206150368   -4.733740091    9.924099517
    0.475998887    2.443460953   59.794395390  -19.451950920    4.510854095
    0.666398442    2.443460953   55.430583302  -24.679864308   -1.526768660
    0.856797996    2.443460953   51.148751252  -18.585369500   -7.352099807
    1.047197551    2.443460953   48.966231410   -3.312121116  -12.049801533
    1.237597106    2.443460953   50.133502600   15.420354960  -14.985918155
    1.427996661    2.443460953   54.615601066   30.392602149  -16.051833751
    1.618396215    2.443460953   61.088920279   35.579542931  -15.682065333
    1.808795770    2.443460953   67.381293611   28.410809941  -14.612585831
    1.999195325    2.443460953   71.215169547   10.299072946  -13.561879119
    2.189594880    2.443460953   70.895621726  -14.267704468  -12.978228339
    2.379994435    2.443460953   65.750773806  -39.364720625  -12.949066145
    2.570393989    2.443460953   56.240544000  -59.237460585  -13.253033560
    2.760793544    2.443460953   43.797549519  -69.668608557  -13.514829832
    2.951193099    2.443460953   30.435614882  -68.829452365  -13.374790529

   -3.141592654    2.792526803   15.554605412  -56.144298191    0.791237305
   -2.951193099    2.792526803    6.587803321  -37.398241707    2.722871023
   -2.760793544    2.792526803    1.455914794  -16.760096070    4.629749092
   -2.570393989    2.792526803    0.000000000    0.441289066    6.483202969
   -2.379994435    2.792526803    1.164678420   10.370356642    8.373820404
   -2.189594880    2.792526803    3.428968438   12.144399269   10.524645716
   -1.999195325    2.792526803    5.428859842    8.258650878   13.197487855
   -1.808795770    2.792526803    6.526413981    3.563808117   16.507678939
   -1.618396215    2.792526803    7.054617380    2.958581140   20.263372478
   -1.427996661    2.792526803    8.097269800    9.127344249   23.952395206
   -1.237597106    2.792526803   10.934173749   21.379450823   26.908513267
   -1.047197551    2.792526803   16.424779114   36.290899414   28.566086323
   -0.856797996    2.792526803   24.647134706   49.250375777   28.642487245
   -0.666398442    2.792526803   34.827522428   56.291111862   27.156929828
   -0.475998887    2.792526803   45.576923650   54.972627777   24.308223201
   -0.285599332    2.792526803   55.220216170   44.747664493   20.326285825
   -0.095199777    2.792526803   62.154344737   26.915950987   15.376888789
    0.095199777    2.792526803   65.204110408    4.649516977    9.586809663
    0.285599332    2.792526803   63.969907158  -17.124372194    3.145264534
    0.475998887    2.792526803   59.103737559  -32.573708576   -3.548726816
    0.666398442    2.792526803   52.315723950  -36.685194057   -9.837776238
    0.856797996    2.792526803   46.004180203  -27.610139197  -14.911847880
    1.047197551    2.792526803   42.490196233   -8.146382374  -18.085118407
    1.237597106    2.792526803   43.151775780   14.871620064  -19.084773057
    1.427996661    2.792526803   47.863616166   33.124711120  -18.162552704
    1.618396215    2.792526803   55.042929164   39.994046759  -15.973503992
    1.808795770    2.792526803   62.209269429   32.966273207  -13.266413217
    1.999195325    2.792526803   66.836952817   13.981679059  -10.617915858
    2.189594880    2.792526803   67.101968037  -11.811362437   -8.302722362
    2.379994435    2.792526803   62.318177312  -37.961632886   -6.334720442
    2.570393989    2.792526803   53.009153208  -58.438992537   -4.577278366
    2.760793544    2.792526803   40.701054531  -68.975011121   -2.866711777
    2.951193099    2.792526803   27.494652586  -67.844736691   -1.088461147
