#! FIELDS phi psi file.free der_phi der_psi
#! SET min_phi -pi
#! SET max_phi pi
#! SET nbins_phi  33
#! SET periodic_phi true
#! SET min_psi -pi
#! SET max_psi pi
#! SET nbins_psi  18
#! SET periodic_psi true
   -3.141592654   -3.141592654   17.356740387  -52.821412743   17.460141056
   -2.951193099   -3.141592654    9.012260502  -34.254131023   19.811361082
   -2.760793544   -3.141592654    4.443512120  -14.031754611   21.351934307
   -2.570393989   -3.141592654    3.459852902    2.675554891   22.218172666
   -2.379994435   -3.141592654    5.021430279   12.365375289   22.760945378
   -2.189594880   -3.141592654    7.689672771   14.506392802   23.492543225
   -1.999195325   -3.141592654   10.232808230   11.707147989   24.913504225
   -1.808795770   -3.141592654   12.128798011    8.522660217   27.259474441
   -1.618396215   -3.141592654   13.733273596    9.197176995   30.299902378
   -1.427996661   -3.141592654   16.016030720   15.708251653   33.346373022
   -1.237597106   -3.141592654   20.032571988   26.956742296   35.486135159
   -1.047197551   -3.141592654   26.384473876   39.576600827   35.932940201
   -0.856797996   -3.141592654   34.940538702   49.364542181   34.286337474
   -0.666398442   -3.141592654   44.806604488   52.848414200   30.598874445
   -0.475998887   -3.141592654   54.560321928   47.986194402   25.251890884
   -0.285599332   -3.141592654   62.558873674   34.532839466   18.782088838
   -0.095199777   -3.141592654   67.286031060   14.084414408   11.728870381
    0.095199777   -3.141592654   67.718354055   -9.813807168    4.584867992
    0.285599332   -3.141592654   63.685282384  -31.795362386   -2.183480913
    0.475998887   -3.141592654   56.143658206  -45.711126065   -8.082517358
    0.666398442   -3.141592654   47.138875403  -46.570018401  -12.598979595
    0.856797996   -3.141592654   39.356049309  -33.037600719  -15.305621463
    1.047197551   -3.141592654   35.262990583   -8.829751115  -16.036939011
    1.237597106   -3.141592654   36.194311180   18.205912458  -15.006926894
    1.427996661   -3.141592654   41.811392160   39.031098815  -12.739946253
    1.618396215   -3.141592654   50.229932073   46.859127505   -9.850197972
    1.808795770   -3.141592654   58.687684711   39.503273025   -6.768611760
    1.999195325   -3.141592654   64.468125644   19.497567709   -3.635210637
    2.189594880   -3.141592654   65.673901296   -7.421248146   -0.367140236
    2.379994435   -3.141592654   61.640616677  -34.399963495    3.150319595
    2.570393989   -3.141592654   52.966681469  -55.267204594    6.914476906
    2.760793544   -3.141592654   41.257201606  -65.829592240   10.749672278
    2.951193099   -3.141592654   28.663346627  -64.571486023   14.365293174

   -3.141592654   -2.792526803   25.083244153  -48.707436799   25.735049124
   -2.951193099   -2.792526803   17.352355647  -31.938478558   27.758269160
   -2.760793544   -2.792526803   13.065674803  -13.323250104   28.700014001
   -2.570393989   -2.792526803   12.105766118    2.345170154   28.821002367
   -2.379994435   -2.792526803   13.577804581   11.933920045   28.581639356
   -2.189594880   -2.792526803   16.243078300   15.084668175   28.563132885
   -1.999195325   -2.792526803   19.065849579   14.164863066   29.278274073
   -1.808795770   -2.792526803   21.626855349   12.991888134   30.914139159
   -1.618396215   -2.792526803   24.211771478   14.804083911   33.143214390
   -1.427996661   -2.792526803   27.537746630   20.737301777   35.165587449
   -1.237597106   -2.792526803   32.297002336   29.431803372   35.986279749
   -1.047197551   -2.792526803   38.746620264   37.950240848   34.811690160
   -0.856797996   -2.792526803   46.544334408   43.025045033   31.333524081
   -0.666398442   -2.792526803   54.779247715   42.209514585   25.802408096
   -0.475998887   -2.792526803   62.189838176   34.277326814   18.867293980
   -0.285599332   -2.792526803   67.413275586   19.389167410   11.342358096
   -0.095199777   -2.792526803   69.252363222   -0.836628879    3.983264310
    0.095199777   -2.792526803   66.979132435  -23.099814513   -2.623314614
    0.285599332   -2.792526803   60.659731204  -42.375013282   -8.065686820
    0.475998887   -2.792526803   51.421306379  -52.860282576  -12.061126802
    0.666398442   -2.792526803   41.412736029  -49.929320868  -14.424994111
    0.856797996   -2.792526803   33.345843119  -32.705165198  -15.106949228
    1.047197551   -2.792526803   29.620803314   -5.422462952  -14.249018804
    1.237597106   -2.792526803   31.411506649   23.657199599  -12.201257935
    1.427996661   -2.792526803   38.170482210   45.417923572   -9.415093235
    1.618396215   -2.792526803   47.827808585   53.411089507   -6.271006946
    1.808795770   -2.792526803   57.525845085   45.991021693   -2.923084059
    1.999195325   -2.792526803   64.548568012   26.112868337    0.691901563
    2.189594880   -2.792526803   67.048822936   -0.413384480    4.718177001
    2.379994435   -2.792526803   64.392237005  -26.981893599    9.187858470
    2.570393989   -2.792526803   57.145439713  -47.789678736   13.920547254
    2.760793544   -2.792526803   46.819432951  -58.899810204   18.538981577
    2.951193099   -2.792526803   35.443464498  -58.820581309   22.598905466

   -3.141592654   -2.443460953   33.930391074  -44.568141522   23.539090918
   -2.951193099   -2.443460953   26.805575490  -29.707495499   25.183485572
   -2.760793544   -2.443460953   22.780785326  -12.730942270   25.910437230
   -2.570393989   -2.443460953   21.820468579    1.872194121   25.952926115
   -2.379994435   -2.443460953   23.166132328   11.233662498   25.667764177
   -2.189594880   -2.443460953   25.749865799   15.067708993   25.472612937
   -1.999195325   -2.443460953   28.687152635   15.438628706   25.698099427
   -1.808795770   -2.443460953   31.610677774   15.430070423   26.394347062
   -1.618396215   -2.443460953   34.695125568   17.378127098   27.207427407
   -1.427996661   -2.443460953   38.392976687   21.777590890   27.456481042
   -1.237597106   -2.443460953   43.067274333   27.280187787   26.389899672
   -1.047197551   -2.443460953   48.718032026   31.650433716   23.513064401
   -0.856797996   -2.443460953   54.923792419   32.738752856   18.792021945
   -0.666398442   -2.443460953   60.907472619   29.121746670   12.675562271
   -0.475998887   -2.443460953   65.697840592   20.171751960    5.911119517
   -0.285599332   -2.443460953   68.282575490    6.069121165   -0.686348779
   -0.095199777   -2.443460953   67.774168246  -11.981985043   -6.448942785
    0.095199777   -2.443460953   63.652294916  -31.288475367  -10.964388009
    0.285599332   -2.443460953   56.076528823  -47.382587276  -14.068737013
    0.475998887   -2.443460953   46.175906907  -54.850157041  -15.783410267
    0.666398442   -2.443460953   36.044760684  -49.297352921  -16.228217532
    0.856797996   -2.443460953   28.304760353  -29.985835683  -15.579994509
    1.047197551   -2.443460953   25.244979301   -1.246378802  -14.049163234
    1.237597106   -2.443460953   27.916394208   28.650120878  -11.867185345
    1.427996661   -2.443460953   35.663003387   50.746762696   -9.244547119
    1.618396215   -2.443460953   46.351219783   58.919194268   -6.316254006
    1.808795770   -2.443460953   57.126928232   51.847861895   -3.095127763
    1.999195325   -2.443460953   65.323900056   32.637279705    0.483848472
    2.189594880   -2.443460953   69.146875849    6.947623453    4.472341331
    2.379994435   -2.443460953   67.960681904  -18.973344510    8.796239237
    2.570393989   -2.443460953   62.257955237  -39.711258234   13.218023206
    2.760793544   -2.443460953   53.416983198  -51.523713774   17.376268978
    2.951193099   -2.443460953   43.322410572  -52.848734256   20.904060841

   -3.141592654   -2.094395102   40.632742623  -40.831655455   13.940638915
   -2.951193099   -2.094395102   34.095982928  -27.275051994   15.016176357
   -2.760793544   -2.094395102   30.415480092  -11.522455990   15.585679281
   -2.570393989   -2.094395102   29.584173132    2.071504151   15.738830710
   -2.379994435   -2.094395102   30.901366122   10.810275681   15.581138948
   -2.189594880   -2.094395102   33.382217077   14.480510269   15.231081870
   -1.999195325   -2.094395102   36.215981265   14.952134944   14.767857875
   -1.808795770   -2.094395102   39.043365296   14.821457676   14.141118653
   -1.618396215   -2.094395102   41.942469536   15.879298006   13.121860978
   -1.427996661   -2.094395102   45.186450664   18.345042335   11.372130107
   -1.237597106   -2.094395102   48.953739209   21.114058153    8.604231083
   -1.047197551   -2.094395102   53.154310873   22.647335578    4.759904685
   -0.856797996   -2.094395102   57.430178334   21.676465991    0.084308287
   -0.666398442   -2.094395102   61.220377472   17.417382523   -4.911485557
   -0.475998887   -2.094395102   63.848906059    9.435398628   -9.621197258
   -0.285599332   -2.094395102   64.586862189   -2.408573514  -13.513439584
   -0.095199777   -2.094395102   62.736846174  -17.539110311  -16.267943534
    0.095199777   -2.094395102   57.838705374  -33.931579714  -17.827084897
    0.285599332   -2.094395102   49.999746750  -47.613029454  -18.339432841
    0.475998887   -2.094395102   40.228043941  -53.376167707  -18.072748696
    0.666398442   -2.094395102   30.484594231  -46.787135474  -17.289340703
    0.856797996   -2.094395102   23.281020770  -26.909995884  -16.172678003
    1.047197551   -2.094395102   20.839627971    2.161525610  -14.783640721
    1.237597106   -2.094395102   24.185552570   32.341090015  -13.089355735
    1.427996661   -2.094395102   32.667818907   54.799142343  -11.027321825
    1.618396215   -2.094395102   44.174330757   63.485117462   -8.564747064
    1.808795770   -2.094395102   55.881126079   57.072279413   -5.718371984
    1.999195325   -2.094395102   65.142557304   38.582622350   -2.565280234
    2.189594880   -2.094395102   70.160268502   13.503837726    0.772373655
    2.379994435   -2.094395102   70.258327715  -12.116982517    4.122550607
    2.570393989   -2.094395102   65.854131335  -33.024051793    7.284532828
    2.760793544   -2.094395102   58.231796478  -45.496331612   10.056727910
    2.951193099   -2.094395102   49.191405021  -47.862754590   12.294824435

   -3.141592654   -1.745329252   42.762685241  -39.185089967    4.922121952
   -2.951193099   -1.745329252   36.496386408  -26.080245495    5.386860288
   -2.760793544   -1.745329252   33.002767771  -10.761645143    5.675814818
   -2.570393989   -1.745329252   32.269150804    2.318351701    5.776000686
   -2.379994435   -1.745329252   33.575344212   10.423266300    5.608994277
   -2.189594880   -1.745329252   35.910512920   13.307097958    5.063175065
   -1.999195325   -1.745329252   38.427868745   12.754564233    4.013623243
   -1.808795770   -1.745329252   40.712191515   11.250592013    2.330820323
   -1.618396215   -1.745329252   42.772191419   10.591780979   -0.083924928
   -1.427996661   -1.745329252   44.834049960   11.235150692   -3.222834112
   -1.237597106   -1.745329252   47.098525997   12.554020612   -6.913880283
   -1.047197551   -1.745329252   49.598566268   13.534489541  -10.813360718
   -0.856797996   -1.745329252   52.184352318   13.259689551  -14.485203100
   -0.666398442   -1.745329252   54.536426311   10.907239096  -17.497206420
   -0.475998887   -1.745329252   56.175940682    5.649934573  -19.543061253
   -0.285599332   -1.745329252   56.471812467   -3.280315635  -20.502810718
   -0.095199777   -1.745329252   54.702783704  -15.935018504  -20.461703127
    0.095199777   -1.745329252   50.279222715  -30.715660794  -19.689788877
    0.285599332   -1.745329252   43.124932780  -43.803436663  -18.545926442
    0.475998887   -1.745329252   34.062917856  -49.840742727  -17.382219126
    0.666398442   -1.745329252   24.923329800  -44.018976566  -16.416747531
    0.856797996   -1.745329252   18.169998358  -24.907644911  -15.672333958
    1.047197551   -1.745329252   16.068326314    3.821326032  -14.970014023
    1.237597106   -1.745329252   19.745471905   34.251673332  -14.022639945
    1.427996661   -1.745329252   28.657333564   57.445314070  -12.586469721
    1.618396215   -1.745329252   40.755521867   67.039961933  -10.576562603
    1.808795770   -1.745329252   53.215798684   61.367542699   -8.092610364
    1.999195325   -1.745329252   63.337809828   43.246087755   -5.373490261
    2.189594880   -1.745329252   69.245647676   18.110953283   -2.692230652
    2.379994435   -1.745329252   70.187906914   -7.913671312   -0.286841500
    2.570393989   -1.745329252   66.527243801  -29.452898698    1.690154886
    2.760793544   -1.745329252   59.517696615  -42.637130748    3.180304545
    2.951193099   -1.745329252   50.957236190  -45.668572720    4.223711060

   -3.141592654   -1.396263402   40.983083616  -39.639261236    2.755980339
   -2.951193099   -1.396263402   34.637195715  -26.444669691    2.600669763
   -2.760793544   -1.396263402   31.091253808  -10.954541484    2.288934782
   -2.570393989   -1.396263402   30.329883986    2.181213958    1.798680259
   -2.379994435   -1.396263402   31.593025210   10.035666830    0.995891810
   -2.189594880   -1.396263402   33.793047545   12.180699745   -0.331000285
   -1.999195325   -1.396263402   35.978583800   10.299893035   -2.404298458
   -1.808795770   -1.396263402   37.629608246    6.999359384   -5.361822268
   -1.618396215   -1.396263402   38.701919216    4.510500778   -9.149927478
   -1.427996661   -1.396263402   39.474080445    3.924074480  -13.448633375
   -1.237597106   -1.396263402   40.319064217    5.184671095  -17.702861256
   -1.047197551   -1.396263402   41.521150776    7.491853384  -21.259561820
   -0.856797996   -1.396263402   43.178412292    9.702688112  -23.573844231
   -0.666398442   -1.396263402   45.140235749   10.397727419  -24.358263299
   -0.475998887   -1.396263402   46.967717199    8.055988443  -23.657461002
   -0.285599332   -1.396263402   47.944027822    1.302346309  -21.800026462
   -0.095199777   -1.396263402   47.168159433  -10.299692053  -19.283765795
    0.095199777   -1.396263402   43.820646382  -25.249122122  -16.652500280
    0.285599332   -1.396263402   37.604201096  -39.570118224  -14.348273229
    0.475998887   -1.396263402   29.175205201  -47.475089939  -12.636660004
    0.666398442   -1.396263402   20.300559575  -43.550194210  -11.552581057
    0.856797996   -1.396263402   13.500887089  -25.722095952  -10.931017363
    1.047197551   -1.396263402   11.204197748    2.766588869  -10.471035892
    1.237597106   -1.396263402   14.744220009   34.002157901   -9.846682598
    1.427996661   -1.396263402   23.742309977   58.638496883   -8.830217746
    1.618396215   -1.396263402   36.211916252   69.685115324   -7.352817348
    1.808795770   -1.396263402   49.274492126   64.914325532   -5.507893682
    1.999195325   -1.396263402   60.096151189   46.909120573   -3.497344856
    2.189594880   -1.396263402   66.655444389   21.186136778   -1.547180005
    2.379994435   -1.396263402   68.093330018   -5.825750996    0.143538328
    2.570393989   -1.396263402   64.729094951  -28.416519539    1.439329409
    2.760793544   -1.396263402   57.831685309  -42.443404482    2.278334205
    2.951193099   -1.396263402   49.254734355  -45.973777202    2.687178463

   -3.141592654   -1.047197551   38.645647234  -41.933834953    3.794832659
   -2.951193099   -1.047197551   31.871086440  -28.604663572    2.659939896
   -2.760793544   -1.047197551   27.948220825  -12.742377346    1.272737909
   -2.570393989   -1.047197551   26.878605076    0.683892150   -0.290359561
   -2.379994435   -1.047197551   27.852497339    8.391399257   -2.091088122
   -2.189594880   -1.047197551   29.672000831    9.704954553   -4.318726864
   -1.999195325   -1.047197551   31.253596291    6.348703065   -7.198175703
   -1.808795770   -1.047197551   31.989322141    1.352935281  -10.827277150
   -1.618396215   -1.047197551   31.859384734   -2.320830279  -15.013735565
   -1.427996661   -1.047197551   31.311218226   -2.861969930  -19.218498080
   -1.237597106   -1.047197551   30.994244086    0.033759141  -22.678506132
   -1.047197551   -1.047197551   31.483778880    5.332293482  -24.669448680
   -0.856797996   -1.047197551   33.072666261   11.171593563  -24.783276819
   -0.666398442   -1.047197551   35.642746753   15.188871938  -23.067247357
   -0.475998887   -1.047197551   38.617224122   15.076155383  -19.989230849
   -0.285599332   -1.047197551   41.023717441    9.040934697  -16.258499543
   -0.095199777   -1.047197551   41.669314587   -3.347250574  -12.587577614
    0.095199777   -1.047197551   39.478336877  -20.196103466   -9.504779560
    0.285599332   -1.047197551   33.996872743  -36.934302506   -7.221547747
    0.475998887   -1.047197551   25.846508365  -47.100376005   -5.666160311
    0.666398442   -1.047197551   16.882157135  -44.715834480   -4.590071084
    0.856797996   -1.047197551    9.797931276  -27.373709405   -3.734579726
    1.047197551   -1.047197551    7.227555089    1.685508784   -2.931260893
    1.237597106   -1.047197551   10.678630786   34.205478592   -2.112750780
    1.427996661   -1.047197551   19.858502364   60.312576624   -1.273181350
    1.618396215   -1.047197551   32.763915664   72.485237619   -0.396219515
    1.808795770   -1.047197551   46.414324612   68.153692244    0.550564419
    1.999195325   -1.047197551   57.835713442   49.851841868    1.586353063
    2.189594880   -1.047197551   64.879992726   23.260909075    2.671663743
    2.379994435   -1.047197551   66.604357083   -4.917569284    3.683150802
    2.570393989   -1.047197551   63.296741518  -28.717733619    4.437769251
    2.760793544   -1.047197551   56.239086442  -43.776001686    4.753835562
    2.951193099   -1.047197551   47.335948555  -48.002262718    4.533835924

   -3.141592654   -0.698131701   38.400428856  -45.291131582    3.743911440
   -2.951193099   -0.698131701   30.955602112  -32.213107939    1.428783015
   -2.760793544   -0.698131701   26.349930537  -16.268080801   -1.163548302
   -2.570393989   -0.698131701   24.621439844   -2.741262208   -3.822141428
   -2.379994435   -0.698131701   24.928596400    4.730106932   -6.494989322
   -2.189594880   -0.698131701   25.986481595    5.278262887   -9.316744344
   -1.999195325   -0.698131701   26.619820393    0.790459792  -12.496025339
   -1.808795770   -0.698131701   26.198727946   -5.144988770  -16.083680056
   -1.618396215   -0.698131701   24.811087921   -8.817219163  -19.768915439
   -1.427996661   -0.698131701   23.141812385   -7.869426701  -22.862828689
   -1.237597106   -0.698131701   22.132875403   -2.010891526  -24.531157726
   -1.047197551   -0.698131701   22.587489193    7.067432529  -24.170030852
   -0.856797996   -0.698131701   24.858738880   16.473926234  -21.706659270
   -0.666398442   -0.698131701   28.690400830   22.874840002  -17.655224457
   -0.475998887   -0.698131701   33.220098535   23.419473391  -12.912092823
   -0.285599332   -0.698131701   37.140522497   16.352651832   -8.420372135
   -0.095199777   -0.698131701   38.983713586    1.782480936   -4.836505998
    0.095199777   -0.698131701   37.531529614  -17.544410217   -2.362732658
    0.285599332   -0.698131701   32.354647379  -36.246139958   -0.742512089
    0.475998887   -0.698131701   24.228159644  -47.347178195    0.517619928
    0.666398442   -0.698131701   15.214430761  -44.842332738    1.863698017
    0.856797996   -0.698131701    8.176707880  -26.716716349    3.454397128
    1.047197551   -0.698131701    5.820882220    3.241623220    5.118993891
    1.237597106   -0.698131701    9.632568277   36.347419554    6.526573491
    1.427996661   -0.698131701   19.242738023   62.615725622    7.409161994
    1.618396215   -0.698131701   32.577176473   74.647358306    7.737051157
    1.808795770   -0.698131701   46.614708989   70.046311416    7.693521455
    1.999195325   -0.698131701   58.366830022   51.422585950    7.542202290
    2.189594880   -0.698131701   65.670772164   24.391120070    7.455004365
    2.379994435   -0.698131701   67.550148335   -4.463464077    7.421556649
    2.570393989   -0.698131701   64.242024114  -29.218158644    7.256471305
    2.760793544   -0.698131701   56.983149105  -45.393465050    6.698383174
    2.951193099   -0.698131701   47.670022262  -50.659033981    5.545111667

   -3.141592654   -0.349065850   39.128301531  -50.094071463    3.191564473
   -2.951193099   -0.349065850   30.698799349  -37.657117513    0.094142834
   -2.760793544   -0.349065850   25.035099697  -21.855737880   -3.146382457
   -2.570393989   -0.349065850   22.253782143   -8.193904823   -6.274235804
   -2.379994435   -0.349065850   21.532072608   -0.664367232   -9.200572907
   -2.189594880   -0.349065850   21.544445671   -0.359396887  -12.030476688
   -1.999195325   -0.349065850   21.067233259   -5.216261078  -14.924507631
   -1.808795770   -0.349065850   19.498438412  -11.048584513  -17.844350567
   -1.618396215   -0.349065850   17.085358445  -13.437978537  -20.374661041
   -1.427996661   -0.349065850   14.778198989   -9.699291887  -21.790746337
   -1.237597106   -0.349065850   13.781345486    0.066184652  -21.382238310
   -1.047197551   -0.349065850   15.019700328   13.135660615  -18.859869698
   -0.856797996   -0.349065850   18.745692177   25.405296439  -14.580175193
   -0.666398442   -0.349065850   24.398287721   32.707643438   -9.448988900
   -0.475998887   -0.349065850   30.718282453   32.069095713   -4.549762669
   -0.285599332   -0.349065850   36.048844513   22.348752562   -0.725272809
   -0.095199777   -0.349065850   38.740558009    4.718476542    1.736658207
    0.095199777   -0.349065850   37.606761877  -16.937955791    3.147972454
    0.285599332   -0.349065850   32.436793232  -36.509279260    4.234208897
    0.475998887   -0.349065850   24.301859867  -46.955111896    5.741438146
    0.666398442   -0.349065850   15.504935904  -42.898953025    8.050757363
    0.856797996   -0.349065850    8.988583730  -23.304070255   10.972198932
    1.047197551   -0.349065850    7.357555216    7.236734793   13.849340595
    1.237597106   -0.349065850   11.895366410   39.790054618   15.934092184
    1.427996661   -0.349065850   22.043596965   64.750842118   16.761404954
    1.618396215   -0.349065850   35.647673076   75.381403652   16.356106265
    1.808795770   -0.349065850   49.723186442   69.812660519   15.124338992
    1.999195325   -0.349065850   61.384034311   50.783654212   13.593687289
    2.189594880   -0.349065850   68.555105974   23.660862407   12.135729770
    2.379994435   -0.349065850   70.282206906   -5.376427448   10.842048738
    2.570393989   -0.349065850   66.752817442  -30.705564146    9.545287325
    2.760793544   -0.349065850   59.120024682  -47.891912164    7.963155057
    2.951193099   -0.349065850   49.215525170  -54.384339129    5.865550599

   -3.141592654    0.000000000   40.272944225  -55.543427753    2.090408487
   -2.951193099    0.000000000   30.756912501  -43.514271044   -0.869281680
   -2.760793544    0.000000000   23.979365938  -27.608031194   -3.766344106
   -2.570393989    0.000000000   20.141798972  -13.502708148   -6.444967930
   -2.379994435    0.000000000   18.454277957   -5.520683993   -8.883823322
   -2.189594880    0.000000000   17.569713280   -4.952075230  -11.186103679
   -1.999195325    0.000000000   16.239061592   -9.543876625  -13.429545175
   -1.808795770    0.000000000   13.910198477  -14.551221807  -15.451817834
   -1.618396215    0.000000000   10.994181265  -14.999197708  -16.763189039
   -1.427996661    0.000000000    8.671053838   -8.136108169  -16.712866951
   -1.237597106    0.000000000    8.317470542    5.258455838  -14.845979581
   -1.047197551    0.000000000   10.846707191   21.287933812  -11.241876176
   -0.856797996    0.000000000   16.273748942   34.761098376   -6.583888706
   -0.666398442    0.000000000   23.649363623   41.100244141   -1.908179581
   -0.475998887    0.000000000   31.332576367   37.781635649    1.851581318
   -0.285599332    0.000000000   37.439194383   24.797486188    4.239523952
   -0.095199777    0.000000000   40.335730635    4.633695452    5.454349895
    0.095199777    0.000000000   39.077159208  -17.832028441    6.218274124
    0.285599332    0.000000000   33.818236913  -36.249576473    7.434993826
    0.475998887    0.000000000   25.957712759  -44.205414183    9.751393115
    0.666398442    0.000000000   17.940073435  -37.578639108   13.224595381
    0.856797996    0.000000000   12.595534140  -16.625853588   17.258049913
    1.047197551    0.000000000   12.217080327   13.379185248   20.857251997
    1.237597106    0.000000000   17.736141847   43.736971951   23.102976520
    1.427996661    0.000000000   28.361716293   65.805293402   23.540062233
    1.618396215    0.000000000   41.914761358   73.935901065   22.319114552
    1.808795770    0.000000000   55.558116926   66.923442980   20.008925331
    1.999195325    0.000000000   66.618310360   47.516415677   17.277288532
    2.189594880    0.000000000   73.183113845   20.615706189   14.598980646
    2.379994435    0.000000000   74.355620853   -8.199706712   12.149842809
    2.570393989    0.000000000   70.279327439  -33.711376730    9.844709573
    2.760793544    0.000000000   62.016890568  -51.569961805    7.487835152
    2.951193099    0.000000000   51.324311532  -59.002535017    4.915249231

   -3.141592654    0.349065850   42.084048984  -60.065725393    1.822782110
   -2.951193099    0.349065850   31.687977890  -48.165192992   -0.061717409
   -2.760793544    0.349065850   24.033866301  -32.109584537   -1.723157159
   -2.570393989    0.349065850   19.367855782  -17.685115020   -3.200927171
   -2.379994435    0.349065850   16.913097944   -9.403575049   -4.603023964
   -2.189594880    0.349065850   15.311654696   -8.590766976   -6.052148455
   -1.999195325    0.349065850   13.324098190  -12.726517381   -7.554121978
   -1.808795770    0.349065850   10.481529305  -16.610288409   -8.869872807
   -1.618396215    0.349065850    7.354530833  -14.995986832   -9.533766576
   -1.427996661    0.349065850    5.287634243   -5.382629760   -9.068014639
   -1.237597106    0.349065850    5.717808333   10.630869217   -7.279350703
   -1.047197551    0.349065850    9.436974843   28.155418302   -4.446415862
   -0.856797996    0.349065850   16.177148789   41.374972263   -1.240653318
   -0.666398442    0.349065850   24.655754060   45.859042218    1.580099738
   -0.475998887    0.349065850   33.000045293   39.931403745    3.552143065
   -0.285599332    0.349065850   39.294715322   24.790851315    4.709950035
   -0.095199777    0.349065850   42.096371146    3.944956600    5.577177144
    0.095199777    0.349065850   40.792973878  -17.305951337    6.924622660
    0.285599332    0.349065850   35.876541355  -33.000125067    9.410312916
    0.475998887    0.349065850   28.938395754  -37.816652061   13.249145811
    0.666398442    0.349065850   22.371471782  -29.004813672   18.034842795
    0.856797996    0.349065850   18.715413139   -7.861299983   22.833204240
    1.047197551    0.349065850   19.846745706   20.135069745   26.525371287
    1.237597106    0.349065850   26.333388582   46.991807355   28.268473470
    1.427996661    0.349065850   37.213259796   65.294781532   27.808693637
    1.618396215    0.349065850   50.371180222   70.510219746   25.510625043
    1.808795770    0.349065850   63.194257120   61.978842946   22.100105544
    1.999195325    0.349065850   73.272569924   42.320947039   18.329256302
    2.189594880    0.349065850   78.887207341   15.904144003   14.720014076
    2.379994435    0.349065850   79.222787566  -12.303924538   11.505542928
    2.570393989    0.349065850   74.402834895  -37.483892143    8.690706147
    2.760793544    0.349065850   65.421308543  -55.411564883    6.188292074
    2.951193099    0.349065850   53.967316238  -63.180602222    3.910915632

   -3.141592654    0.698131701   43.688195292  -62.418571461    0.525060805
   -2.951193099    0.698131701   32.866248776  -50.273924720    0.239496198
   -2.760793544    0.698131701   24.823000249  -34.096605353    0.218889165
   -2.570393989    0.698131701   19.778031640  -19.696635182    0.232917424
   -2.379994435    0.698131701   16.925836425  -11.571576074    0.074657601
   -2.189594880    0.698131701   14.896100077  -10.888477324   -0.378981720
   -1.999195325    0.698131701   12.481480336  -14.826835134   -1.098306966
   -1.808795770    0.698131701    9.304850233  -17.898074914   -1.870572023
   -1.618396215    0.698131701    6.060673741  -14.853250627   -2.372708932
   -1.427996661    0.698131701    4.179615802   -3.586983775   -2.344279891
   -1.237597106    0.698131701    5.079252857   13.633945989   -1.744314620
   -1.047197551    0.698131701    9.409737417   31.382253834   -0.786847370
   -0.856797996    0.698131701   16.699543772   43.765678970    0.205109352
   -0.666398442    0.698131701   25.504890295   46.878262759    1.018571440
   -0.475998887    0.698131701   33.929982117   39.881545371    1.735435897
   -0.285599332    0.698131701   40.195687640   24.760203354    2.729267415
   -0.095199777    0.698131701   43.107781268    5.379184042    4.519834805
    0.095199777    0.698131701   42.317453820  -13.199548411    7.536291311
    0.285599332    0.698131701   38.479235599  -25.796237211   11.868769132
    0.475998887    0.698131701   33.163191395  -28.194646475   17.138343789
    0.666398442    0.698131701   28.530070713  -18.671161268   22.514518241
    0.856797996    0.698131701   26.734339363    0.965733862   26.941278525
    1.047197551    0.698131701   29.242971797   25.517308990   29.486818858
    1.237597106    0.698131701   36.341551170   47.992497985   29.678843005
    1.427996661    0.698131701   47.010308454   62.237303848   27.649944633
    1.618396215    0.698131701   59.296926066   64.680385370   24.017361934
    1.808795770    0.698131701   70.875391842   54.995332102   19.587922494
    1.999195325    0.698131701   79.624539164   35.513847821   15.077675520
    2.189594880    0.698131701   84.023774639   10.017463621   10.956112067
    2.379994435    0.698131701   83.343889068  -17.094454376    7.462987163
    2.570393989    0.698131701   77.705291035  -41.329754947    4.682535501
    2.760793544    0.698131701   68.060444447  -58.572915191    2.630819584
    2.951193099    0.698131701   56.051386458  -65.870149184    1.273393658

   -3.141592654    1.047197551   42.309662907  -62.610513415   -3.874198253
   -2.951193099    1.047197551   31.544626061  -49.536498756   -2.818758670
   -2.760793544    1.047197551   23.691300406  -32.910919557   -1.517209627
   -2.570393989    1.047197551   18.879207437  -18.495202433   -0.318071024
   -2.379994435    1.047197551   16.230045492  -10.670988255    0.555585541
   -2.189594880    1.047197551   14.329855896  -10.429025734    1.020245973
   -1.999195325    1.047197551   11.963445086  -14.753652351    1.105845112
   -1.808795770    1.047197551    8.778844352  -18.016742613    0.908948777
   -1.618396215    1.047197551    5.508684132  -14.990716974    0.539044207
   -1.427996661    1.047197551    3.602443657   -3.736542816    0.068843486
   -1.237597106    1.047197551    4.460021488   13.289020647   -0.461155170
   -1.047197551    1.047197551    8.691258694   30.660509395   -0.991047673
   -0.856797996    1.047197551   15.811579332   42.752040921   -1.354903328
   -0.666398442    1.047197551   24.437202136   46.141347888   -1.255202123
   -0.475998887    1.047197551   32.823713147   40.394189836   -0.303202298
   -0.285599332    1.047197551   39.393282930   27.596268416    1.849259022
   -0.095199777    1.047197551   43.128454580   11.260928597    5.360952779
    0.095199777    1.047197551   43.751468603   -4.319155833   10.094746282
    0.285599332    1.047197551   41.818455479  -14.903068097   15.552509930
    0.475998887    1.047197551   38.630064237  -17.089876038   20.939230880
    0.666398442    1.047197551   35.961467682   -9.494851374   25.316220040
    0.856797996    1.047197551   35.579906159    6.407689212   27.862865237
    1.047197551    1.047197551   38.690098374   26.346827505   28.131313192
    1.237597106    1.047197551   45.522584247   44.510576826   26.177191938
    1.427996661    1.047197551   55.208455932   55.646162473   22.510401326
    1.618396215    1.047197551   66.065313033   56.497530905   17.860239693
    1.808795770    1.047197551   76.041187738   46.515371035   12.914462071
    1.999195325    1.047197551   83.216622367   27.549264127    8.171414094
    2.189594880    1.047197551   86.183835792    2.984688704    3.935367420
    2.379994435    1.047197551   84.271992876  -22.971314740    0.415391348
    2.570393989    1.047197551   77.639539869  -45.856557530   -2.210168517
    2.760793544    1.047197551   67.273491545  -61.599780660   -3.793336777
    2.951193099    1.047197551   54.832335529  -67.380566760   -4.301588965

   -3.141592654    1.396263402   37.772087473  -60.730854274  -10.285586618
   -2.951193099    1.396263402   27.519148686  -46.156609506   -8.792508269
   -2.760793544    1.396263402   20.384575338  -28.882832478   -6.955437685
   -2.570393989    1.396263402   16.339158321  -14.577961393   -5.087594171
   -2.379994435    1.396263402   14.380551703   -7.398723875   -3.336797238
   -2.189594880    1.396263402   13.016100331   -8.106888014   -1.736720783
   -1.999195325    1.396263402   10.987898191  -13.545474573   -0.311434728
   -1.808795770    1.396263402    7.919880114  -18.013725440    0.846064509
   -1.618396215    1.396263402    4.532521148  -16.228290592    1.581744978
   -1.427996661    1.396263402    2.281133454   -6.097144414    1.765052535
   -1.237597106    1.396263402    2.613760925   10.216022982    1.421213972
   -1.047197551    1.396263402    6.254321943   27.683273455    0.809289533
   -0.856797996    1.396263402   12.904630971   40.989820267    0.412349878
   -0.666398442    1.396263402   21.405601557   46.774892909    0.791502886
   -0.475998887    1.396263402   30.212973226   44.275635206    2.406352870
   -0.285599332    1.396263402   37.852219293   34.904857456    5.452805603
   -0.095199777    1.396263402   43.258962727   21.333211137    9.774225175
    0.095199777    1.396263402   45.951069617    7.044048479   14.876301771
    0.285599332    1.396263402   46.149271615   -4.226358436   19.976959032
    0.475998887    1.396263402   44.766384674   -9.112570744   24.169095393
    0.666398442    1.396263402   43.236262934   -5.685491461   26.624196123
    0.856797996    1.396263402   43.136244422    5.582848104   26.843133483
    1.047197551    1.396263402   45.691437229   21.531402692   24.813297209
    1.237597106    1.396263402   51.338562683   37.146864193   20.985770984
    1.427996661    1.396263402   59.507712358   47.311566247   16.092452363
    1.618396215    1.396263402   68.779452724   48.300487942   10.854936634
    1.808795770    1.396263402   77.247021740   38.879542003    5.773426009
    1.999195325    1.396263402   83.020824762   20.432713850    1.097775045
    2.189594880    1.396263402   84.676084390   -3.667070922   -3.059024590
    2.379994435    1.396263402   81.559368423  -28.895348690   -6.560759635
    2.570393989    1.396263402   73.913910340  -50.447425067   -9.190362872
    2.760793544    1.396263402   62.853403025  -64.200326385  -10.715412433
    2.951193099    1.396263402   50.135837531  -67.647475639  -11.037879232

   -3.141592654    1.745329252   31.183098509  -58.602061854  -16.511845792
   -2.951193099    1.745329252   21.492937447  -42.490188537  -15.172547598
   -2.760793544    1.745329252   15.142407250  -24.437067309  -13.287329668
   -2.570393989    1.745329252   11.967466314   -9.966268159  -11.085677689
   -2.379994435    1.745329252   10.868885561   -3.030373268   -8.654328806
   -2.189594880    1.745329252   10.288965957   -4.284787492   -6.008059013
   -1.999195325    1.745329252    8.911349203  -10.600502149   -3.215518016
   -1.808795770    1.745329252    6.291342136  -16.318040079   -0.489502658
   -1.618396215    1.745329252    3.086513785  -16.036471731    1.848485807
   -1.427996661    1.745329252    0.736484475   -7.270614996    3.507642807
   -1.237597106    1.745329252    0.769610728    8.389025379    4.413161941
   -1.047197551    1.745329252    4.095624009   26.425691988    4.802302116
   -0.856797996    1.745329252   10.669298649   41.646118896    5.178219713
   -0.666398442    1.745329252   19.560901103   50.328865579    6.101730329
   -0.475998887    1.745329252   29.345762389   50.951671808    7.957696546
   -0.285599332    1.745329252   38.508956059   44.049878488   10.791026180
   -0.095199777    1.745329252   45.786864177   31.570190504   14.250359143
    0.095199777    1.745329252   50.389968626   16.563671184   17.678649663
    0.285599332    1.745329252   52.186370740    2.763378206   20.254668529
    0.475998887    1.745329252   51.778981528   -6.029827350   21.240687191
    0.666398442    1.745329252   50.413347274   -7.041603300   20.217145946
    0.856797996    1.745329252   49.662127861    0.272188179   17.264815123
    1.047197551    1.745329252   50.928577513   13.564216365   12.947438821
    1.237597106    1.745329252   54.935192711   28.134489667    8.082721750
    1.427996661    1.745329252   61.396406222   38.539202660    3.426603989
    1.618396215    1.745329252   69.073278944   40.349151255   -0.605959267
    1.808795770    1.745329252   76.103552411   31.683430777   -4.007479007
    1.999195325    1.745329252   80.552847575   13.667027367   -7.018483378
    2.189594880    1.745329252   80.947899971  -10.117356872   -9.870587632
    2.379994435    1.745329252   76.655177701  -34.696357891  -12.576457685
    2.570393989    1.745329252   68.019845643  -54.904963737  -14.893603250
    2.760793544    1.745329252   56.295084961  -66.612761517  -16.459851445
    2.951193099    1.745329252   43.341552307  -67.684116603  -17.009465242

   -3.141592654    2.094395102   24.141667759  -57.451767943  -18.896693373
   -2.951193099    2.094395102   14.797624362  -40.080444596  -17.671023485
   -2.760793544    2.094395102    8.993562869  -21.174691340  -15.726497953
   -2.570393989    2.094395102    6.502186786   -6.073757699  -13.222084005
   -2.379994435    2.094395102    6.200953108    1.448005526  -10.243331941
   -2.189594880    2.094395102    6.527107806    0.730371004   -6.841585076
   -1.999195325    2.094395102    6.137247737   -5.316562115   -3.121168705
   -1.808795770    2.094395102    4.509192858  -11.290591393    0.685716092
   -1.618396215    2.094395102    2.189982353  -11.855181815    4.238329416
   -1.427996661    2.094395102    0.528292009   -4.245679369    7.200521625
   -1.237597106    2.094395102    1.042317658   10.483653559    9.403170766
   -1.047197551    2.094395102    4.735515173   28.332599295   10.939239004
   -0.856797996    2.094395102   11.727716953   44.275120724   12.126873540
   -0.666398442    2.094395102   21.243363731   54.309739718   13.324643951
   -0.475998887    2.094395102   31.920958725   56.284873091   14.727894695
   -0.285599332    2.094395102   42.177216364   50.011870612   16.244320884
   -0.095199777    2.094395102   50.552159672   36.889042186   17.482793418
    0.095199777    2.094395102   55.988191705   19.749066968   17.885004570
    0.285599332    2.094395102   58.086081003    2.585628953   16.898398954
    0.475998887    2.094395102   57.276733052  -10.087511133   14.223278631
    0.666398442    2.094395102   54.799526246  -14.487297346    9.987351178
    0.856797996    2.094395102   52.412836693   -9.157213412    4.796265724
    1.047197551    2.094395102   51.839478059    3.972324954   -0.451519716
    1.237597106    2.094395102   54.133916743   19.943255188   -4.911526891
    1.427996661    2.094395102   59.235023079   32.482059283   -8.114241779
    1.618396215    2.094395102   65.949491208   36.190499515  -10.117708309
    1.808795770    2.094395102   72.301679426   28.556805609  -11.388885884
    1.999195325    2.094395102   76.176644999   10.636191922  -12.512193007
    2.189594880    2.094395102   75.959048936  -13.543333829  -13.890743335
    2.379994435    2.094395102   70.982946400  -38.360494834  -15.580918631
    2.570393989    2.094395102   61.675752594  -58.155559682  -17.311390665
    2.760793544    2.094395102   49.431710451  -68.697350456  -18.654475205
    2.951193099    2.094395102   36.231146330  -68.144711323  -19.240429666

   -3.141592654    2.443460953   17.669027464  -57.070579196  -12.638437014
   -2.951193099    2.443460953    8.515368857  -38.473299889  -11.098654402
   -2.760793544    2.443460953    3.137551685  -18.316751996   -9.062229798
   -2.570393989    2.443460953    1.313093032   -1.927775406   -6.652707469
   -2.379994435    2.443460953    1.925880379    6.891673019   -3.921493396
   -2.189594880    2.443460953    3.403714536    7.338008053   -0.839370232
   -1.999195325    2.443460953    4.355213269    2.069796896    2.640393223
   -1.808795770    2.443460953    4.159173541   -3.761263792    6.468675984
   -1.618396215    2.443460953    3.229827122   -4.905184290   10.426489155
   -1.427996661    2.443460953    2.791692172    1.587244693   14.148232543
   -1.237597106    2.443460953    4.296667907   15.062916599   17.249421952
   -1.047197551    2.443460953    8.761767512   31.927369835   19.478230912
   -0.856797996    2.443460953   16.378708589   47.304713172   20.785141744
   -0.666398442    2.443460953   26.439350301   57.005553709   21.257186343
   -0.475998887    2.443460953   37.586607890   58.443207758   20.980712479
   -0.285599332    2.443460953   48.154098299   50.971254818   19.929537016
   -0.095199777    2.443460953   56.525412754   35.735234883   17.929617959
    0.095199777    2.443460953   61.471014339   15.636051385   14.751185161
    0.285599332    2.443460953   62.470654722   -4.836290528   10.258438688
    0.475998887    2.443460953   59.963787743  -20.343202279    4.611041357
    0.666398442    2.443460953   55.367698975  -26.183301855   -1.636567617
    0.856797996    2.443460953   50.770554386  -20.321427132   -7.598619124
    1.047197551    2.443460953   48.274834762   -4.785593466  -12.343171471
    1.237597106    2.443460953   49.224540139   14.664010806  -15.257881700
    1.427996661    2.443460953   53.652046240   30.577032646  -16.282551289
    1.618396215    2.443460953   60.242082959   36.558009702  -15.902366685
    1.808795770    2.443460953   66.759880649   29.691575522  -14.880722173
    1.999195325    2.443460953   70.818100800   11.274543560  -13.925373315
    2.189594880    2.443460953   70.619964412  -14.008241020  -13.440876445
    2.379994435    2.443460953   65.452711430  -39.825514702  -13.461550073
    2.570393989    2.443460953   55.814424393  -60.043225316  -13.730691769
    2.760793544    2.443460953   43.227407214  -70.296783440  -13.873576628
    2.951193099    2.443460953   29.795745835  -68.897848134  -13.566260500

   -3.141592654    2.792526803   14.979044255  -55.405192545    1.029296219
   -2.951193099    2.792526803    6.191501286  -36.314604964    2.999860148
   -2.760793544    2.792526803    1.272414904  -15.670705077    4.899354198
   -2.570393989    2.792526803    0.000000000    1.229821532    6.712881189
   -2.379994435    2.792526803    1.271709430   10.677756035    8.547247476
   -2.189594880    2.792526803    3.545960559   11.946110704   10.637171722
   -1.999195325    2.792526803    5.466904028    7.650130514   13.254160813
   -1.808795770    2.792526803    6.423319938    2.721230931   16.527690036
   -1.618396215    2.792526803    6.785261004    2.079703599   20.285611640
   -1.427996661    2.792526803    7.672932632    8.400411666   24.035097340
   -1.237597106    2.792526803   10.399280478   20.960733735   27.116235897
   -1.047197551    2.792526803   15.850111867   36.303113421   28.949944433
   -0.856797996    2.792526803   24.122070048   49.758306668   29.218591596
   -0.666398442    2.792526803   34.444800642   57.258657506   27.889749396
   -0.475998887    2.792526803   45.409414002   56.220913956   25.108605023
   -0.285599332    2.792526803   55.293956241   45.968521433   21.068801801
   -0.095199777    2.792526803   62.429329891   27.745761240   15.934769764
    0.095199777    2.792526803   65.575532254    4.791090960    9.874178368
    0.285599332    2.792526803   64.291801050  -17.793396595    3.149522968
    0.475998887    2.792526803   59.227557804  -33.956370478   -3.759321737
    0.666398442    2.792526803   52.130563801  -38.489595245  -10.135688293
    0.856797996    2.792526803   45.468393187  -29.417290012  -15.154416018
    1.047197551    2.792526803   41.646390434   -9.508637485  -18.164944194
    1.237597106    2.792526803   42.120692129   14.301527426  -18.967243450
    1.427996661    2.792526803   46.811135310   33.454727291  -17.893927975
    1.618396215    2.792526803   54.124736973   41.005523152  -15.654946902
    1.808795770    2.792526803   61.511519704   34.168984725  -13.005510124
    1.999195325    2.792526803   66.342835423   14.833379302  -10.480235500
    2.189594880    2.792526803   66.708497030  -11.631769964   -8.287141619
    2.379994435    2.792526803   61.896937202  -38.391925179   -6.383197809
    2.570393989    2.792526803   52.477489086  -59.093131671   -4.608799831
    2.760793544    2.792526803   40.062522200  -69.376378054   -2.816710380
    2.951193099    2.792526803   26.831015964  -67.684315285   -0.934329614
