#! FIELDS phi psi file.free der_phi der_psi
#! SET min_phi -pi
#! SET max_phi pi
#! SET nbins_phi  33
#! SET periodic_phi true
#! SET min_psi -pi
#! SET max_psi pi
#! SET nbins_psi  18
#! SET periodic_psi true
   -3.141592654   -3.141592654   17.527406902  -53.238754541   17.293316358
   -2.951193099   -3.141592654    9.099272792  -34.696975758   19.613046750
   -2.760793544   -3.141592654    4.451302669  -14.404875928   21.134270473
   -2.570393989   -3.141592654    3.408588304    2.436500500   21.992217150
   -2.379994435   -3.141592654    4.939059853   12.281566386   22.536444417
   -2.189594880   -3.141592654    7.604764512   14.559489980   23.277666228
   -1.999195325   -3.141592654   10.168382677   11.864546928   24.713902124
   -1.808795770   -3.141592654   12.100973939    8.742622440   27.074665796
   -1.618396215   -3.141592654   13.749459200    9.432563207   30.120526922
   -1.427996661   -3.141592654   16.073707825   15.901389794   33.155336399
   -1.237597106   -3.141592654   20.117806433   27.045350966   35.265767637
   -1.047197551   -3.141592654   26.472560196   39.515298184   35.674864284
   -0.856797996   -3.141592654   35.002313848   49.156329746   34.000049167
   -0.666398442   -3.141592654   44.819595969   52.562118346   30.314649926
   -0.475998887   -3.141592654   54.520867354   47.745401757   25.014425167
   -0.285599332   -3.141592654   62.488437173   34.469519457   18.636219353
   -0.095199777   -3.141592654   67.227734364   14.283688685   11.701359398
    0.095199777   -3.141592654   67.723612905   -9.352579079    4.670552985
    0.285599332   -3.141592654   63.796600602  -31.161414445   -2.024436480
    0.475998887   -3.141592654   56.380762304  -45.048619669   -7.913003653
    0.666398442   -3.141592654   47.493054375  -46.023635353  -12.484293009
    0.856797996   -3.141592654   39.794727829  -32.705960684  -15.292078039
    1.047197551   -3.141592654   35.741408926   -8.741437228  -16.138513916
    1.237597106   -3.141592654   36.668940230   18.091589039  -15.203662433
    1.427996661   -3.141592654   42.251117377   38.797001396  -12.987265505
    1.618396215   -3.141592654   50.621082949   46.598441835  -10.095437615
    1.808795770   -3.141592654   59.033008257   39.294352471   -6.968839778
    1.999195325   -3.141592654   64.782222428   19.383087776   -3.770910262
    2.189594880   -3.141592654   65.975259247   -7.445198736   -0.445784827
    2.379994435   -3.141592654   61.942161074  -34.385368963    3.101450223
    2.570393989   -3.141592654   53.267892854  -55.297002097    6.861843937
    2.760793544   -3.141592654   41.541862093  -65.982580535   10.666711644
    2.951193099   -3.141592654   28.904154526  -64.876228834   14.239740977

   -3.141592654   -2.792526803   25.194207696  -49.099484546   25.506163812
   -2.951193099   -2.792526803   17.384965861  -32.352684056   27.532775791
   -2.760793544   -2.792526803   13.024058345  -13.673982697   28.486989188
   -2.570393989   -2.792526803   12.008374065    2.118053763   28.621255383
   -2.379994435   -2.792526803   13.450728471   11.853069650   28.389694079
   -2.189594880   -2.792526803   16.113469203   15.135058356   28.370007100
   -1.999195325   -2.792526803   18.955524158   14.311397015   29.073944572
   -1.808795770   -2.792526803   21.549590127   13.183581271   30.687169809
   -1.618396215   -2.792526803   24.170678996   14.983722915   32.881068986
   -1.427996661   -2.792526803   27.524830309   20.847659006   34.858019003
   -1.237597106   -2.792526803   32.294602138   29.428911589   35.632734553
   -1.047197551   -2.792526803   38.731565668   37.824206431   34.428584562
   -0.856797996   -2.792526803   46.496553578   42.820876822   30.956572443
   -0.666398442   -2.792526803   54.692594822   42.026568464   25.481150474
   -0.475998887   -2.792526803   62.080352954   34.241966227   18.651579966
   -0.285599332   -2.792526803   67.319306058   19.600263098   11.265343458
   -0.095199777   -2.792526803   69.224468636   -0.357656432    4.046699663
    0.095199777   -2.792526803   67.062617610  -22.428057578   -2.454712781
    0.285599332   -2.792526803   60.877950779  -41.657162592   -7.857282996
    0.475998887   -2.792526803   51.767415078  -52.258819782  -11.889023295
    0.666398442   -2.792526803   41.852271645  -49.562566732  -14.352099066
    0.856797996   -2.792526803   33.828798424  -32.614310047  -15.163909025
    1.047197551   -2.792526803   30.097084713   -5.570734843  -14.428029116
    1.237597106   -2.792526803   31.843632076   23.361683053  -12.463775056
    1.427996661   -2.792526803   38.540682580   45.082408336   -9.708734239
    1.618396215   -2.792526803   48.137577941   53.124368916   -6.548139112
    1.808795770   -2.792526803   57.790055897   45.805133350   -3.154733935
    1.999195325   -2.792526803   64.787947868   26.036880829    0.509804811
    2.189594880   -2.792526803   67.282066980   -0.409231737    4.568523460
    2.379994435   -2.792526803   64.629139052  -26.958334410    9.043529985
    2.570393989   -2.792526803   57.382374373  -47.821902534   13.757735520
    2.760793544   -2.792526803   47.039385851  -59.052204884   18.346802664
    2.951193099   -2.792526803   35.620814438  -59.112129413   22.381518197

   -3.141592654   -2.443460953   33.990138891  -44.953224952   23.400991169
   -2.951193099   -2.443460953   26.790085855  -30.098367098   25.057229423
   -2.760793544   -2.443460953   22.695840713  -13.057824470   25.800438538
   -2.570393989   -2.443460953   21.683083190    1.654198324   25.852282854
   -2.379994435   -2.443460953   22.998642987   11.137644288   25.562237943
   -2.189594880   -2.443460953   25.574411277   15.076198533   25.345205218
   -1.999195325   -2.443460953   28.520487195   15.517316591   25.533055743
   -1.808795770   -2.443460953   31.461956019   15.531814012   26.178385964
   -1.618396215   -2.443460953   34.564092947   17.455757431   26.931343245
   -1.427996661   -2.443460953   38.271152093   21.795287724   27.118898416
   -1.237597106   -2.443460953   42.941738761   27.226744002   26.002909337
   -1.047197551   -2.443460953   48.577144224   31.551866206   23.106123335
   -0.856797996   -2.443460953   54.764926450   32.664057902   18.410136169
   -0.666398442   -2.443460953   60.744091349   29.167016094   12.370420683
   -0.475998887   -2.443460953   65.561796175   20.426650814    5.726752163
   -0.285599332   -2.443460953   68.218386822    6.569814583   -0.728228647
   -0.095199777   -2.443460953   67.825432943  -11.285356071   -6.358787409
    0.095199777   -2.443460953   63.844811153  -30.527848597  -10.784968640
    0.285599332   -2.443460953   56.406378352  -46.726243284  -13.864221924
    0.475998887   -2.443460953   46.609093027  -54.437801694  -15.619104305
    0.666398442   -2.443460953   36.527757989  -49.187687621  -16.149284982
    0.856797996   -2.443460953   28.781623951  -30.146374955  -15.598102255
    1.047197551   -2.443460953   25.672935778   -1.579018655  -14.143144057
    1.237597106   -2.443460953   28.274205727   28.267551620  -11.996194790
    1.427996661   -2.443460953   35.951511353   50.417026147   -9.366594091
    1.618396215   -2.443460953   46.586940505   58.700480238   -6.403448361
    1.808795770   -2.443460953   57.332614965   51.749773849   -3.140768894
    1.999195325   -2.443460953   65.520214457   32.630662684    0.466234017
    2.189594880   -2.443460953   69.346542847    6.980471280    4.457354644
    2.379994435   -2.443460953   68.165319328  -18.962559122    8.758452093
    2.570393989   -2.443460953   62.457467885  -39.780506104   13.142552759
    2.760793544   -2.443460953   53.592071651  -51.712976593   17.263913802
    2.951193099   -2.443460953   43.449510474  -53.157993860   20.769120592

   -3.141592654   -2.094395102   40.687747136  -41.218789552   13.938292650
   -2.951193099   -2.094395102   34.077116616  -27.652561153   15.035595660
   -2.760793544   -2.094395102   30.329614194  -11.840379722   15.626644992
   -2.570393989   -2.094395102   29.445667988    1.840255192   15.787849177
   -2.379994435   -2.094395102   30.727293908   10.668873889   15.616806132
   -2.189594880   -2.094395102   33.188394505   14.411222664   15.230125937
   -1.999195325   -2.094395102   36.013425775   14.926001292   14.710710064
   -1.808795770   -2.094395102   38.836941232   14.800891122   14.015080386
   -1.618396215   -2.094395102   41.729917627   15.832258354   12.923756538
   -1.427996661   -2.094395102   44.960874005   18.258287864   11.111349263
   -1.237597106   -2.094395102   48.708749572   21.005070604    8.305021372
   -1.047197551   -2.094395102   52.890282580   22.569118268    4.460276466
   -0.856797996   -2.094395102   57.160485352   21.711201135   -0.170459637
   -0.666398442   -2.094395102   60.974856406   17.650787812   -5.080170978
   -0.475998887   -2.094395102   63.671368878    9.921632771   -9.679106277
   -0.285599332   -2.094395102   64.525290991   -1.685338134  -13.460908580
   -0.095199777   -2.094395102   62.827924149  -16.682495684  -16.131391659
    0.095199777   -2.094395102   58.092300650  -33.111966113  -17.651580618
    0.285599332   -2.094395102   50.391376116  -47.006647504  -18.174936676
    0.475998887   -2.094395102   40.705028450  -53.095581482  -17.957558343
    0.666398442   -2.094395102   30.982644768  -46.837605560  -17.237487219
    0.856797996   -2.094395102   23.744468347  -27.200560993  -16.170499020
    1.047197551   -2.094395102   21.235755172    1.769756604  -14.797768358
    1.237597106   -2.094395102   24.508107294   31.980084441  -13.082271116
    1.427996661   -2.094395102   32.931530509   54.552131307  -10.973231183
    1.618396215   -2.094395102   44.403978381   63.373824921   -8.458492248
    1.808795770   -2.094395102   56.100424497   57.067593527   -5.575012116
    1.999195325   -2.094395102   65.366603479   38.627599048   -2.412994776
    2.189594880   -2.094395102   70.392553847   13.536724334    0.903499612
    2.379994435   -2.094395102   70.491228461  -12.148551738    4.211288239
    2.570393989   -2.094395102   66.071532673  -33.155127384    7.325504339
    2.760793544   -2.094395102   58.413263628  -45.740460640   10.061061415
    2.951193099   -2.094395102   49.316669062  -48.201735782   12.284460212

   -3.141592654   -1.745329252   42.846812579  -39.554555552    5.046230220
   -2.951193099   -1.745329252   36.512093337  -26.422467635    5.529832486
   -2.760793544   -1.745329252   32.957713346  -11.053728194    5.831076516
   -2.570393989   -1.745329252   32.173577858    2.080700225    5.926651196
   -2.379994435   -1.745329252   33.438879643   10.231377795    5.733142529
   -2.189594880   -1.745329252   35.740478234   13.144372970    5.139630381
   -1.999195325   -1.745329252   38.228076206   12.604106263    4.026972301
   -1.808795770   -1.745329252   40.483459450   11.095032438    2.274184851
   -1.618396215   -1.745329252   42.512688520   10.425806568   -0.207321553
   -1.427996661   -1.745329252   44.542721033   11.074729999   -3.398754587
   -1.237597106   -1.745329252   46.780117011   12.441290936   -7.118000925
   -1.047197551   -1.745329252   49.268114368   13.533504990  -11.014763444
   -0.856797996   -1.745329252   51.869962813   13.441558208  -14.652973637
   -0.666398442   -1.745329252   54.278340822   11.324129828  -17.609092018
   -0.475998887   -1.745329252   56.020539888    6.309219911  -19.592495698
   -0.285599332   -1.745329252   56.460745007   -2.438450713  -20.500940234
   -0.095199777   -1.745329252   54.859464039  -15.040881065  -20.432750749
    0.095199777   -1.745329252   50.597514654  -29.941091648  -19.661253158
    0.285599332   -1.745329252   43.566599854  -43.299939321  -18.537463360
    0.475998887   -1.745329252   34.568176939  -49.677885574  -17.397041405
    0.666398442   -1.745329252   25.429644274  -44.154548231  -16.439734119
    0.856797996   -1.745329252   18.631575537  -25.215635929  -15.675843535
    1.047197551   -1.745329252   16.466715645    3.489443618  -14.925548442
    1.237597106   -1.745329252   20.087813288   34.009285588  -13.912930664
    1.427996661   -1.745329252   28.966103394   57.337625236  -12.412546541
    1.618396215   -1.745329252   41.055299442   67.046394665  -10.356487301
    1.808795770   -1.745329252   53.522854769   61.426434132   -7.853736441
    1.999195325   -1.745329252   63.655344262   43.287444130   -5.143296567
    2.189594880   -1.745329252   69.564845618   18.081657244   -2.490625060
    2.379994435   -1.745329252   70.492224672   -8.040150734   -0.122148871
    2.570393989   -1.745329252   66.797501192  -29.678281023    1.821904151
    2.760793544   -1.745329252   59.736521984  -42.945900375    3.292624255
    2.951193099   -1.745329252   51.111664489  -46.028322386    4.334446230

   -3.141592654   -1.396263402   41.134762662  -40.000456526    2.865437331
   -2.951193099   -1.396263402   34.722436284  -26.777303746    2.736613673
   -2.760793544   -1.396263402   31.116259148  -11.252955733    2.444959772
   -2.570393989   -1.396263402   30.300616503    1.909512997    1.958680855
   -2.379994435   -1.396263402   31.513357577    9.778164722    1.138934095
   -2.189594880   -1.396263402   33.664571507   11.924924899   -0.225423814
   -1.999195325   -1.396263402   35.800826984   10.039832084   -2.351321309
   -1.808795770   -1.396263402   37.401701592    6.733713909   -5.368389302
   -1.618396215   -1.396263402   38.423724522    4.253246708   -9.213269118
   -1.427996661   -1.396263402   39.149876600    3.708578927  -13.555970254
   -1.237597106   -1.396263402   39.961626060    5.062846538  -17.833644621
   -1.047197551   -1.396263402   41.154211560    7.524823609  -21.390330510
   -0.856797996   -1.396263402   42.836789793    9.943806672  -23.685214588
   -0.666398442   -1.396263402   44.866431319   10.871601502  -24.442443312
   -0.475998887   -1.396263402   46.805003850    8.742775985  -23.721957176
   -0.285599332   -1.396263402   47.926784529    2.127723378  -21.864657771
   -0.095199777   -1.396263402   47.311607297   -9.460340519  -19.370959138
    0.095199777   -1.396263402   44.113527806  -24.541988405  -16.775240547
    0.285599332   -1.396263402   38.009407990  -39.108546783  -14.501639458
    0.475998887   -1.396263402   29.641439833  -47.292110393  -12.797091723
    0.666398442   -1.396263402   20.779365951  -43.583638391  -11.685367306
    0.856797996   -1.396263402   13.961906323  -25.852801350  -11.002550284
    1.047197551   -1.396263402   11.640414527    2.653071287  -10.460688294
    1.237597106   -1.396263402   15.165992369   33.969522313   -9.753316041
    1.427996661   -1.396263402   24.165824471   58.685424735   -8.671429137
    1.618396215   -1.396263402   36.648295437   69.764561055   -7.157597324
    1.808795770   -1.396263402   49.724078448   64.964609794   -5.306755452
    1.999195325   -1.396263402   60.548411691   46.881925003   -3.314471657
    2.189594880   -1.396263402   67.093090380   21.059765869   -1.396084821
    2.379994435   -1.396263402   68.497299471   -6.048039989    0.260742998
    2.570393989   -1.396263402   65.082649600  -28.715509295    1.530762335
    2.760793544   -1.396263402   58.122824641  -42.793444137    2.359172722
    2.951193099   -1.396263402   49.476669010  -46.344059984    2.775199727

   -3.141592654   -1.047197551   38.854987647  -42.256933909    3.811240730
   -2.951193099   -1.047197551   32.021661208  -28.897634311    2.715472063
   -2.760793544   -1.047197551   28.044897704  -13.016175307    1.359462328
   -2.570393989   -1.047197551   26.923167468    0.408997936   -0.188095753
   -2.379994435   -1.047197551   27.842992041    8.098414280   -1.992355100
   -2.189594880   -1.047197551   29.604213995    9.386863725   -4.242230145
   -1.999195325   -1.047197551   31.123093840    6.012594503   -7.159328818
   -1.808795770   -1.047197551   31.794234728    1.014778460  -10.836444457
   -1.618396215   -1.047197551   31.601826482   -2.630912417  -15.074459220
   -1.427996661   -1.047197551   31.000227953   -3.101939561  -19.326042404
   -1.237597106   -1.047197551   30.647965600   -0.086939348  -22.820730157
   -1.047197551   -1.047197551   31.129587127    5.377498407  -24.830468432
   -0.856797996   -1.047197551   32.745362010   11.412799725  -24.949766197
   -0.666398442   -1.047197551   35.380219499   15.627576569  -23.235651171
   -0.475998887   -1.047197551   38.454587769   15.679942180  -20.168788507
   -0.285599332   -1.047197551   40.986629652    9.743278291  -16.467139469
   -0.095199777   -1.047197551   41.767871052   -2.641386654  -12.840980788
    0.095199777   -1.047197551   39.703246864  -19.590428150   -9.804147760
    0.285599332   -1.047197551   34.321078992  -36.502890213   -7.546754890
    0.475998887   -1.047197551   26.234546164  -46.856841277   -5.978810840
    0.666398442   -1.047197551   17.302442917  -44.606898123   -4.845041904
    0.856797996   -1.047197551   10.232830430  -27.313450258   -3.895127585
    1.047197551   -1.047197551    7.675093207    1.766773653   -2.981508782
    1.237597106   -1.047197551   11.145893694   34.331262959   -2.062727297
    1.427996661   -1.047197551   20.352170687   60.458022134   -1.155228774
    1.618396215   -1.047197551   33.283103792   72.600365536   -0.253972797
    1.808795770   -1.047197551   46.948491650   68.190122915    0.675979065
    1.999195325   -1.047197551   58.366814428   49.781791531    1.667454728
    2.189594880   -1.047197551   65.387178358   23.082548245    2.699654586
    2.379994435   -1.047197551   67.068390482   -5.185273647    3.666425613
    2.570393989   -1.047197551   63.703292062  -29.044521585    4.396409846
    2.760793544   -1.047197551   56.580227210  -44.129311746    4.712241724
    2.951193099   -1.047197551   47.609673234  -48.350966030    4.514137341

   -3.141592654   -0.698131701   38.615024594  -45.525379503    3.704783973
   -2.951193099   -0.698131701   31.127567721  -32.428467484    1.443653420
   -2.760793544   -0.698131701   26.480461410  -16.489736889   -1.104468768
   -2.570393989   -0.698131701   24.706907675   -2.994069707   -3.734249591
   -2.379994435   -0.698131701   24.961547414    4.432208066   -6.395357027
   -2.189594880   -0.698131701   25.958113825    4.934295745   -9.221471936
   -1.999195325   -0.698131701   26.522239242    0.412622545  -12.419030210
   -1.808795770   -0.698131701   26.027409989   -5.537002731  -16.036069554
   -1.618396215   -0.698131701   24.566142203   -9.189773150  -19.757696488
   -1.427996661   -0.698131701   22.831029966   -8.176656882  -22.889783546
   -1.237597106   -0.698131701   21.773896403   -2.199862025  -24.593398097
   -1.047197551   -0.698131701   22.207650830    7.044775091  -24.262393686
   -0.856797996   -0.698131701   24.492639689   16.643949479  -21.825491504
   -0.666398442   -0.698131701   28.374686505   23.232562044  -17.802354196
   -0.475998887   -0.698131701   32.987624252   23.929614239  -13.095133179
   -0.285599332   -0.698131701   37.015155738   16.957717885   -8.648124847
   -0.095199777   -0.698131701   38.976923817    2.411451205   -5.110354177
    0.095199777   -0.698131701   37.640946482  -16.962788769   -2.668918302
    0.285599332   -0.698131701   32.566050173  -35.759366478   -1.050044749
    0.475998887   -0.698131701   24.522188351  -46.962738898    0.250344302
    0.666398442   -0.698131701   15.574199093  -44.527988248    1.676762125
    0.856797996   -0.698131701    8.593060456  -26.429258220    3.373219660
    1.047197551   -0.698131701    6.291145132    3.520930675    5.145364946
    1.237597106   -0.698131701   10.153957873   36.599125638    6.636978671
    1.427996661   -0.698131701   19.805705841   62.793030716    7.560514892
    1.618396215   -0.698131701   33.162945293   74.705080556    7.878862844
    1.808795770   -0.698131701   47.198133459   69.964501020    7.782384332
    1.999195325   -0.698131701   58.922123268   51.214608735    7.553980454
    2.189594880   -0.698131701   66.177295951   24.095304968    7.389787526
    2.379994435   -0.698131701   67.995481935   -4.800189085    7.300533712
    2.570393989   -0.698131701   64.622365561  -29.555084195    7.112978921
    2.760793544   -0.698131701   57.301437546  -45.703805344    6.566963625
    2.951193099   -0.698131701   47.932752063  -50.929829573    5.452714653

   -3.141592654   -0.349065850   39.336561616  -50.209319513    3.080105426
   -2.951193099   -0.349065850   30.885959247  -37.768310069    0.061179622
   -2.760793544   -0.349065850   25.198125094  -22.000439385   -3.116528600
   -2.570393989   -0.349065850   22.383590982   -8.398833720   -6.200069565
   -2.379994435   -0.349065850   21.616001349   -0.939602586   -9.099343222
   -2.189594880   -0.349065850   21.569254157   -0.702426794  -11.916776271
   -1.999195325   -0.349065850   21.021026210   -5.614066296  -14.811021272
   -1.808795770   -0.349065850   19.372694369  -11.481554289  -17.742507650
   -1.618396215   -0.349065850   16.876324043  -13.870512492  -20.293680480
   -1.427996661   -0.349065850   14.490524099  -10.080127800  -21.736727094
   -1.237597106   -0.349065850   13.430796226   -0.202443398  -21.358193359
   -1.047197551   -0.349065850   14.633085573   13.033742315  -18.866756587
   -0.856797996   -0.349065850   18.357924041   25.498061191  -14.618722333
   -0.666398442   -0.349065850   24.046243226   32.988233267   -9.521567073
   -0.475998887   -0.349065850   30.434744259   32.501977060   -4.659861010
   -0.285599332   -0.349065850   35.858228804   22.884408125   -0.874208458
   -0.095199777   -0.349065850   38.657455571    5.304466313    1.555332727
    0.095199777   -0.349065850   37.636061124  -16.349211076    2.952862254
    0.285599332   -0.349065850   32.575639661  -35.948688655    4.056010012
    0.475998887   -0.349065850   24.543825415  -46.431005399    5.615700062
    0.666398442   -0.349065850   15.843856772  -42.401460911    8.006828915
    0.856797996   -0.349065850    9.420162281  -22.828010972   11.022003355
    1.047197551   -0.349065850    7.876033508    7.666993113   13.980712760
    1.237597106   -0.349065850   12.487139597   40.118613640   16.110970621
    1.427996661   -0.349065850   22.682846697   64.911936393   16.931039516
    1.618396215   -0.349065850   36.297986047   75.334910554   16.462621199
    1.808795770   -0.349065850   50.345103551   69.568211796   15.124774086
    1.999195325   -0.349065850   61.944827027   50.399937418   13.471911629
    2.189594880   -0.349065850   69.036213437   23.222861597   11.907392617
    2.379994435   -0.349065850   70.681096923   -5.788379838   10.548804530
    2.570393989   -0.349065850   67.079875372  -31.039719804    9.240754421
    2.760793544   -0.349065850   59.392245904  -48.132772509    7.696740253
    2.951193099   -0.349065850   49.449707923  -54.545539081    5.670361603

   -3.141592654    0.000000000   40.449439783  -55.502491166    2.002065989
   -2.951193099    0.000000000   30.939125879  -43.501887359   -0.876897813
   -2.760793544    0.000000000   24.157353742  -27.666314731   -3.713488258
   -2.570393989    0.000000000   20.299967518  -13.651774979   -6.350302350
   -2.379994435    0.000000000   18.575073220   -5.760925145   -8.761156630
   -2.189594880    0.000000000   17.636550439   -5.275264028  -11.044824266
   -1.999195325    0.000000000   16.237318208   -9.936733877  -13.277254935
   -1.808795770    0.000000000   13.828302031  -14.996223889  -15.296233036
   -1.618396215    0.000000000   10.824924679  -15.462747279  -16.611985948
   -1.427996661    0.000000000    8.415523919   -8.566117618  -16.573376177
   -1.237597106    0.000000000    7.988330701    4.926949994  -14.725199300
   -1.047197551    0.000000000   10.468776829   21.116716264  -11.146356386
   -0.856797996    0.000000000   15.881502954   34.786307018   -6.519873343
   -0.666398442    0.000000000   23.280797332   41.323071168   -1.881437294
   -0.475998887    0.000000000   31.023056256   38.174002609    1.837184186
   -0.285599332    0.000000000   37.217092188   25.317279826    4.184668509
   -0.095199777    0.000000000   40.221110376    5.236698201    5.368082478
    0.095199777    0.000000000   39.081897370  -17.186022849    6.120470474
    0.285599332    0.000000000   33.947371091  -35.591064864    7.355014285
    0.475998887    0.000000000   26.211664717  -43.554167911    9.720277173
    0.666398442    0.000000000   18.316056402  -36.949910876   13.264213943
    0.856797996    0.000000000   13.086915092  -16.048161281   17.370910322
    1.047197551    0.000000000   12.809143631   13.847472975   21.022166045
    1.237597106    0.000000000   18.400627398   44.015582140   23.278151016
    1.427996661    0.000000000   29.055211262   65.823605644   23.672773366
    1.618396215    0.000000000   42.584730868   73.674233202   22.359963606
    1.808795770    0.000000000   56.155235434   66.436380607   19.926409595
    1.999195325    0.000000000   67.109996288   46.919543770   17.069161431
    2.189594880    0.000000000   73.561471400   20.044021517   14.294244796
    2.379994435    0.000000000   74.636218840   -8.639872095   11.800382635
    2.570393989    0.000000000   70.492588306  -33.973744015    9.509348578
    2.760793544    0.000000000   62.196165002  -51.670261006    7.215371734
    2.951193099    0.000000000   51.495484044  -58.996664986    4.732914428

   -3.141592654    0.349065850   42.223424606  -59.875420717    1.750059506
   -2.951193099    0.349065850   31.858650337  -48.034640275   -0.066094380
   -2.760793544    0.349065850   24.219662443  -32.081640157   -1.680065984
   -2.570393989    0.349065850   19.547875690  -17.771472265   -3.126413511
   -2.379994435    0.349065850   17.066193215   -9.595555087   -4.506629456
   -2.189594880    0.349065850   15.418943669   -8.876366024   -5.938541286
   -1.999195325    0.349065850   13.368925178  -13.093529471   -7.426122867
   -1.808795770    0.349065850   10.449858437  -17.043225558   -8.730142642
   -1.618396215    0.349065850    7.236386916  -15.462532688   -9.384826814
   -1.427996661    0.349065850    5.081363890   -5.829259268   -8.912470572
   -1.237597106    0.349065850    5.433809086   10.273432572   -7.120653644
   -1.047197551    0.349065850    9.098781185   27.954505354   -4.289459431
   -0.856797996    0.349065850   15.819051257   41.372072620   -1.092411173
   -0.666398442    0.349065850   24.316455271   46.059021106    1.710778120
   -0.475998887    0.349065850   32.716114767   40.308046622    3.656039481
   -0.285599332    0.349065850   39.095971501   25.303499538    4.780513322
   -0.095199777    0.349065850   42.004821289    4.553011161    5.614745372
    0.095199777    0.349065850   40.823332405  -16.637121280    6.939264393
    0.285599332    0.349065850   36.037497322  -32.299653578    9.420780814
    0.475998887    0.349065850   29.233393041  -37.112629358   13.275588604
    0.666398442    0.349065850   22.798088011  -28.332148475   18.089149136
    0.856797996    0.349065850   19.262975414   -7.273442801   22.911104113
    1.047197551    0.349065850   20.491945608   20.558515674   26.605135122
    1.237597106    0.349065850   27.036352041   47.161005394   28.316282173
    1.427996661    0.349065850   37.918632827   65.145647283   27.788287032
    1.618396215    0.349065850   51.017323078   70.045661475   25.394265155
    1.808795770    0.349065850   63.728304139   61.289396456   21.877774052
    1.999195325    0.349065850   73.665915466   41.562898468   18.014694282
    2.189594880    0.349065850   79.143289842   15.246689648   14.349507086
    2.379994435    0.349065850   79.373476772  -12.738023209   11.129060168
    2.570393989    0.349065850   74.495673727  -37.655934652    8.357925229
    2.760793544    0.349065850   65.503226446  -55.366038205    5.935007327
    2.951193099    0.349065850   54.071175405  -63.010987121    3.751117060

   -3.141592654    0.698131701   43.803480486  -62.102949814    0.472682661
   -2.951193099    0.698131701   33.033415772  -50.051852284    0.208923039
   -2.760793544    0.698131701   25.020031646  -34.003550783    0.194598583
   -2.570393989    0.698131701   19.980109380  -19.733188819    0.208737356
   -2.379994435    0.698131701   17.109558032  -11.722669737    0.052689079
   -2.189594880    0.698131701   15.040906790  -11.143025366   -0.391969334
   -1.999195325    0.698131701   12.568580456  -15.175707214   -1.095055264
   -1.808795770    0.698131701    9.317670908  -18.325658107   -1.844937671
   -1.618396215    0.698131701    5.987190776  -15.322383709   -2.319776448
   -1.427996661    0.698131701    4.017433001   -4.036077827   -2.260466468
   -1.237597106    0.698131701    4.839532892   13.282039938   -1.628532910
   -1.047197551    0.698131701    9.117894633   31.197658587   -0.642072300
   -0.856797996    0.698131701   16.391639600   43.785638045    0.370119720
   -0.666398442    0.698131701   25.219945562   47.096785557    1.189102223
   -0.475998887    0.698131701   33.702525719   40.259760516    1.892833585
   -0.285599332    0.698131701   40.051361777   25.249297627    2.855354356
   -0.095199777    0.698131701   43.063849460    5.940841722    4.602648928
    0.095199777    0.698131701   42.385337913  -12.587414999    7.574234033
    0.285599332    0.698131701   38.667113240  -25.148237723   11.870592839
    0.475998887    0.698131701   33.476174419  -27.531535311   17.117293654
    0.666398442    0.698131701   28.967722236  -18.032370847   22.480208064
    0.856797996    0.698131701   27.286141472    1.513371303   26.893355582
    1.047197551    0.698131701   29.882914652   25.878938936   29.414525816
    1.237597106    0.698131701   37.024535860   48.067991048   29.566006988
    1.427996661    0.698131701   47.674720835   61.962518320   27.482591358
    1.618396215    0.698131701   59.876097678   64.071361325   23.790367059
    1.808795770    0.698131701   71.315177459   54.169390805   19.308756876
    1.999195325    0.698131701   79.901027116   34.661031533   14.767155053
    2.189594880    0.698131701   84.151312416    9.335573307   10.644689281
    2.379994435    0.698131701   83.369130533  -17.472214825    7.183093540
    2.570393989    0.698131701   77.690153022  -41.378872480    4.459277863
    2.760793544    0.698131701   68.061569914  -58.371177903    2.474720642
    2.951193099    0.698131701   56.104412914  -65.547501640    1.178190036

   -3.141592654    1.047197551   42.433669823  -62.281920612   -3.889391567
   -2.951193099    1.047197551   31.720084100  -49.329568983   -2.866241272
   -2.760793544    1.047197551   23.892287352  -32.845758181   -1.596644465
   -2.570393989    1.047197551   19.079963289  -18.557512351   -0.417419314
   -2.379994435    1.047197551   16.408519220  -10.836146828    0.453552936
   -2.189594880    1.047197551   14.468167511  -10.682366490    0.932005076
   -1.999195325    1.047197551   12.045930041  -15.083779131    1.043679229
   -1.808795770    1.047197551    8.792498690  -18.405500951    0.882129420
   -1.618396215    1.047197551    5.445514124  -15.398962642    0.555775531
   -1.427996661    1.047197551    3.464172833   -4.104622600    0.136619451
   -1.237597106    1.047197551    4.260927944   13.029784444   -0.338257987
   -1.047197551    1.047197551    8.457571334   30.564480817   -0.816460568
   -0.856797996    1.047197551   15.576779761   42.837436297   -1.142809794
   -0.666398442    1.047197551   24.234261350   46.385660841   -1.030228059
   -0.475998887    1.047197551   32.678729896   40.751104024   -0.096066777
   -0.285599332    1.047197551   39.323117125   28.021234721    2.009040545
   -0.095199777    1.047197551   43.143537746   11.730897151    5.452814196
    0.095199777    1.047197551   43.859898627   -3.805804181   10.111797247
    0.285599332    1.047197551   42.028805677  -14.344038443   15.501068306
    0.475998887    1.047197551   38.950170722  -16.498721016   20.832902280
    0.666398442    1.047197551   36.393981282   -8.914260610   25.168249123
    0.856797996    1.047197551   36.116120332    6.902126774   27.681044009
    1.047197551    1.047197551   39.304172461   26.652815434   27.918473715
    1.237597106    1.047197551   46.168679727   44.526505069   25.936000402
    1.427996661    1.047197551   55.824637366   55.313425806   22.248810030
    1.618396215    1.047197551   66.586207274   55.842924891   17.593681048
    1.808795770    1.047197551   76.416227584   45.669465708   12.663981272
    1.999195325    1.047197551   83.427859194   26.712757637    7.959232306
    2.189594880    1.047197551   86.252986823    2.358044963    3.778866547
    2.379994435    1.047197551   84.252490659  -23.263713639    0.321299346
    2.570393989    1.047197551   77.597245795  -45.810027266   -2.249213269
    2.760793544    1.047197551   67.264711913  -61.316397838   -3.797669810
    2.951193099    1.047197551   54.888154042  -67.008223595   -4.298758986

   -3.141592654    1.396263402   37.926118149  -60.488878990  -10.324064520
   -2.951193099    1.396263402   27.706800790  -46.045415567   -8.905233359
   -2.760793544    1.396263402   20.580858502  -28.896194233   -7.125284656
   -2.570393989    1.396263402   16.523267187  -14.686098570   -5.286468059
   -2.379994435    1.396263402   14.537012623   -7.574390203   -3.535447532
   -2.189594880    1.396263402   13.133362346   -8.340765591   -1.911040360
   -1.999195325    1.396263402   11.055576397  -13.829748404   -0.444397244
   -1.808795770    1.396263402    7.930022653  -18.329226419    0.767276870
   -1.618396215    1.396263402    4.482598032  -16.533405332    1.567798663
   -1.427996661    1.396263402    2.178332328   -6.336222039    1.823413073
   -1.237597106    1.396263402    2.475937996   10.095222365    1.551449128
   -1.047197551    1.396263402    6.106973387   27.706987812    0.998253370
   -0.856797996    1.396263402   12.774685780   41.145178586    0.632854465
   -0.666398442    1.396263402   21.314202373   47.016957387    1.007044952
   -0.475998887    1.396263402   30.171748620   44.553910886    2.580188389
   -0.285599332    1.396263402   37.864689996   35.190848764    5.557528244
   -0.095199777    1.396263402   43.326873782   21.634998254    9.797829696
    0.095199777    1.396263402   46.080312582    7.394683035   14.822522973
    0.285599332    1.396263402   46.352121619   -3.799047369   19.860355946
    0.475998887    1.396263402   45.057688368   -8.613572091   24.007327529
    0.666398442    1.396263402   43.625765378   -5.164160429   26.431288022
    0.856797996    1.396263402   43.620296089    6.038338999   26.627073394
    1.047197551    1.396263402   46.247190476   21.811256011   24.579118621
    1.237597106    1.396263402   51.922699533   37.152385691   20.741655101
    1.427996661    1.396263402   60.062207065   46.994224874   15.854689846
    1.618396215    1.396263402   69.244853843   47.696692255   10.647469229
    1.808795770    1.396263402   77.579841672   38.121888325    5.621843511
    1.999195325    1.396263402   83.209540887   19.712696264    1.020640122
    2.189594880    1.396263402   84.746095991   -4.168645339   -3.058177219
    2.379994435    1.396263402   81.563349502  -29.079964218   -6.497389286
    2.570393989    1.396263402   73.911935731  -50.335355354   -9.096883709
    2.760793544    1.396263402   62.892045169  -63.909340521  -10.632881034
    2.951193099    1.396263402   50.234980644  -67.324037667  -11.004260522

   -3.141592654    1.745329252   31.368057594  -58.578313147  -16.551629031
   -2.951193099    1.745329252   21.672227652  -42.566277195  -15.284537904
   -2.760793544    1.745329252   15.300481337  -24.573405175  -13.451057213
   -2.570393989    1.745329252   12.097077288  -10.122908817  -11.271962898
   -2.379994435    1.745329252   10.968044878   -3.189073905   -8.834027774
   -2.189594880    1.745329252   10.357014793   -4.453704091   -6.157011433
   -1.999195325    1.745329252    8.945577504  -10.785866611   -3.315676317
   -1.808795770    1.745329252    6.289388484  -16.509048840   -0.526529918
   -1.618396215    1.745329252    3.050058032  -16.198576473    1.885612834
   -1.427996661    1.745329252    0.675052796   -7.362415329    3.623420424
   -1.237597106    1.745329252    0.699675573    8.394924577    4.599783283
   -1.047197551    1.745329252    4.035850872   26.524574293    5.035423980
   -0.856797996    1.745329252   10.634280008   41.800598964    5.418614953
   -0.666398442    1.745329252   19.556358830   50.487698734    6.304428049
   -0.475998887    1.745329252   29.368889070   51.081096086    8.084946212
   -0.285599332    1.745329252   38.553798237   44.155253209   10.823067390
   -0.095199777    1.745329252   45.852849575   31.698498504   14.189331590
    0.095199777    1.745329252   50.487529079   16.779038993   17.544542121
    0.285599332    1.745329252   52.336730625    3.108174981   20.075864520
    0.475998887    1.745329252   52.006957152   -5.564163933   21.043540751
    0.666398442    1.745329252   50.736719490   -6.519431019   20.018604649
    0.856797996    1.745329252   50.082212467    0.747684620   17.071131294
    1.047197551    1.745329252   51.425550206   13.879147393   12.759067395
    1.237597106    1.745329252   55.469310654   28.199993679    7.902164195
    1.427996661    1.745329252   61.915901915   38.322458450    3.264488944
    1.618396215    1.745329252   69.527466631   39.894647437   -0.731190763
    1.808795770    1.745329252   76.457546213   31.113061612   -4.076033246
    1.999195325    1.745329252   80.799633962   13.140598091   -7.018315999
    2.189594880    1.745329252   81.109958569  -10.463421386   -9.804741066
    2.379994435    1.745329252   76.773755336  -34.805750822  -12.465270476
    2.570393989    1.745329252   68.137009686  -54.822335822  -14.770994308
    2.760793544    1.745329252   56.437352476  -66.452291201  -16.364397048
    2.951193099    1.745329252   43.512227021  -67.560074025  -16.973431357

   -3.141592654    2.094395102   24.330042825  -57.562194193  -18.893817428
   -2.951193099    2.094395102   14.957329627  -40.259891225  -17.749247732
   -2.760793544    2.094395102    9.116896646  -21.365462822  -15.866180275
   -2.570393989    2.094395102    6.591664048   -6.233386650  -13.395219588
   -2.379994435    2.094395102    6.263664288    1.329624096  -10.420344571
   -2.189594880    2.094395102    6.569637862    0.634199169   -6.995121498
   -1.999195325    2.094395102    6.162290740   -5.403774597   -3.227609943
   -1.808795770    2.094395102    4.518740997  -11.363293809    0.645912804
   -1.618396215    2.094395102    2.188804390  -11.888036452    4.277808078
   -1.427996661    2.094395102    0.526296189   -4.216894309    7.319765836
   -1.237597106    2.094395102    1.051601291   10.571655026    9.585518977
   -1.047197551    2.094395102    4.764416074   28.444344708   11.149909232
   -0.856797996    2.094395102   11.775760530   44.356745158   12.319684810
   -0.666398442    2.094395102   21.300331943   54.318636271   13.455662942
   -0.475998887    2.094395102   31.972232946   56.220889219   14.770133443
   -0.285599332    2.094395102   42.212909850   49.926771933   16.196212920
   -0.095199777    2.094395102   50.576451792   36.871583854   17.366137316
    0.095199777    2.094395102   56.022571339   19.886163882   17.734195837
    0.285599332    2.094395102   58.164867638    2.918429387   16.746474830
    0.475998887    2.094395102   57.435631159   -9.588234839   14.091297702
    0.666398442    2.094395102   55.062357339  -13.913609018    9.880451197
    0.856797996    2.094395102   52.782109768   -8.633272716    4.707337231
    1.047197551    2.094395102   52.294057245    4.328122420   -0.532846461
    1.237597106    2.094395102   54.633500560   20.053817858   -4.988983461
    1.427996661    2.094395102   59.730324035   32.331845656   -8.178846563
    1.618396215    2.094395102   66.395038650   35.833136174  -10.149584904
    1.808795770    2.094395102   72.667971857   28.106237568  -11.365969391
    1.999195325    2.094395102   76.458903493   10.228254505  -12.421527803
    2.189594880    2.094395102   76.176582146  -13.802919681  -13.736845022
    2.379994435    2.094395102   71.168298168  -38.441096927  -15.387354587
    2.570393989    2.094395102   61.858695063  -58.112545801  -17.115376037
    2.760793544    2.094395102   49.626221431  -68.636433715  -18.496396835
    2.951193099    2.094395102   36.431325063  -68.154715096  -19.152321971

   -3.141592654    2.443460953   17.864706225  -57.313378380  -12.632141351
   -2.951193099    2.443460953    8.658457093  -38.768346090  -11.160237927
   -2.760793544    2.443460953    3.225257948  -18.589716278   -9.179003098
   -2.570393989    2.443460953    1.355171175   -2.127951731   -6.804681157
   -2.379994435    2.443460953    1.937676334    6.777449486   -4.084454703
   -2.189594880    2.443460953    3.400447102    7.291189235   -0.987263737
   -1.999195325    2.443460953    4.348014107    2.074964266    2.532809413
   -1.808795770    2.443460953    4.157474602   -3.708072468    6.421715549
   -1.618396215    2.443460953    3.243037139   -4.799127735   10.449601029
   -1.427996661    2.443460953    2.829319593    1.736626483   14.234452011
   -1.237597106    2.443460953    4.363913666   15.217608529   17.373934659
   -1.047197551    2.443460953    8.853948911   32.025481832   19.602588804
   -0.856797996    2.443460953   16.479349317   47.289534001   20.868369244
   -0.666398442    2.443460953   26.524441741   56.860708791   21.270459328
   -0.475998887    2.443460953   37.634982332   58.215888578   20.918828648
   -0.285599332    2.443460953   48.158897030   50.762616282   19.813133817
   -0.095199777    2.443460953   56.501796675   35.665431239   17.795829953
    0.095199777    2.443460953   61.454774984   15.794845084   14.637607523
    0.285599332    2.443460953   62.508358900   -4.430412556   10.187822036
    0.475998887    2.443460953   60.097643143  -19.754801026    4.584135144
    0.666398442    2.443460953   55.621332611  -25.536769377   -1.638418856
    0.856797996    2.443460953   51.141402765  -19.758302027   -7.602696675
    1.047197551    2.443460953   48.735315517   -4.421251483  -12.371567482
    1.237597106    2.443460953   49.730215881   14.772747322  -15.316308753
    1.427996661    2.443460953   54.154150565   30.440506175  -16.356247469
    1.618396215    2.443460953   60.700022339   36.247259814  -15.961873594
    1.808795770    2.443460953   67.150673631   29.319371802  -14.894688614
    1.999195325    2.443460953   71.141351261   10.956441243  -13.874731428
    2.189594880    2.443460953   70.894299516  -14.196888889  -13.327326999
    2.379994435    2.443460953   65.704293717  -39.881662896  -13.307078237
    2.570393989    2.443460953   56.062626830  -60.035593110  -13.569734770
    2.760793544    2.443460953   43.475007480  -70.326000511  -13.741796346
    2.951193099    2.443460953   30.028152282  -69.032637854  -13.490670580

   -3.141592654    2.792526803   15.173927311  -55.752627768    0.976716822
   -2.951193099    2.792526803    6.315118385  -36.698836990    2.894234921
   -2.760793544    2.792526803    1.326213408  -16.004510498    4.750567775
   -2.570393989    2.792526803    0.000000000    1.005997548    6.535880530
   -2.379994435    2.792526803    1.240919472   10.582191903    8.360479121
   -2.189594880    2.792526803    3.507778493   11.960686297   10.460836652
   -1.999195325    2.792526803    5.439938676    7.750877766   13.107454759
   -1.808795770    2.792526803    6.421844204    2.884823683   16.423787079
   -1.618396215    2.792526803    6.818940497    2.282660126   20.226220174
   -1.427996661    2.792526803    7.745766012    8.603324120   24.007652252
   -1.237597106    2.792526803   10.505937353   21.103938185   27.096995977
   -1.047197551    2.792526803   15.972932601   36.322090439   28.911918758
   -0.856797996    2.792526803   24.233405141   49.618304103   29.142845186
   -0.666398442    2.792526803   34.515707932   56.985260640   27.775489945
   -0.475998887    2.792526803   45.422527213   55.908085519   24.976389890
   -0.285599332    2.792526803   55.254071781   45.749366589   20.954119289
   -0.095199777    2.792526803   62.366641073   27.742919756   15.872967223
    0.095199777    2.792526803   65.538340254    5.066260966    9.883921798
    0.285599332    2.792526803   64.331852738  -17.267171474    3.222521974
    0.475998887    2.792526803   59.383529238  -33.286724682   -3.656466934
    0.666398442    2.792526803   52.415973525  -37.824508333  -10.049427868
    0.856797996    2.792526803   45.868629092  -28.894790777  -15.126924447
    1.047197551    2.792526803   42.124927510   -9.216526073  -18.218940232
    1.237597106    2.792526803   42.630769374   14.346012366  -19.098016214
    1.427996661    2.792526803   47.308996625   33.296155745  -18.070872372
    1.618396215    2.792526803   54.579576876   40.729033838  -15.832692318
    1.808795770    2.792526803   61.910368042   33.875278994  -13.140331983
    1.999195325    2.792526803   66.690940859   14.606675699  -10.545851102
    2.189594880    2.792526803   67.023427851  -11.751878266   -8.282667603
    2.379994435    2.792526803   62.197824989  -38.427786767   -6.330573754
    2.570393989    2.792526803   52.773597272  -59.120002683   -4.542398276
    2.760793544    2.792526803   40.346976462  -69.484142928   -2.770502210
    2.951193099    2.792526803   27.082686237  -67.921595324   -0.932254243
