#! FIELDS phi psi file.free der_phi der_psi
#! SET min_phi -pi
#! SET max_phi pi
#! SET nbins_phi  33
#! SET periodic_phi true
#! SET min_psi -pi
#! SET max_psi pi
#! SET nbins_psi  18
#! SET periodic_psi true
   -3.141592654   -3.141592654   17.556423218  -53.453300840   17.283027792
   -2.951193099   -3.141592654    9.100533739  -34.780271974   19.617925518
   -2.760793544   -3.141592654    4.445960746  -14.399277561   21.153799786
   -2.570393989   -3.141592654    3.409176368    2.486860865   22.027864008
   -2.379994435   -3.141592654    4.951114782   12.346504937   22.589481020
   -2.189594880   -3.141592654    7.629393426   14.624234013   23.347080749
   -1.999195325   -3.141592654   10.204430069   11.917902049   24.796035345
   -1.808795770   -3.141592654   12.145184551    8.773590240   27.166037496
   -1.618396215   -3.141592654   13.796972470    9.436881265   30.220888640
   -1.427996661   -3.141592654   16.120596932   15.893724154   33.268544532
   -1.237597106   -3.141592654   20.165255484   27.065873988   35.397684555
   -1.047197551   -3.141592654   26.530801545   39.614823569   35.829177294
   -0.856797996   -3.141592654   35.089938941   49.366759120   34.174441033
   -0.666398442   -3.141592654   44.957272209   52.869529789   30.499086785
   -0.475998887   -3.141592654   54.721571169   48.085459814   25.192629450
   -0.285599332   -3.141592654   62.749982367   34.752404581   18.789619127
   -0.095199777   -3.141592654   67.531516486   14.434413407   11.814912835
    0.095199777   -3.141592654   68.041047512   -9.360133610    4.738057570
    0.285599332   -3.141592654   64.099942729  -31.293338818   -1.997379168
    0.475998887   -3.141592654   56.653202757  -45.227011167   -7.910649232
    0.666398442   -3.141592654   47.734115989  -46.161754462  -12.486380009
    0.856797996   -3.141592654   40.018646884  -32.741160097  -15.281598029
    1.047197551   -3.141592654   35.970589295   -8.651147749  -16.107884167
    1.237597106   -3.141592654   36.926207819   18.288967807  -15.156876725
    1.427996661   -3.141592654   42.552782452   39.054499148  -12.937292663
    1.618396215   -3.141592654   50.972323079   46.849197457  -10.058430473
    1.808795770   -3.141592654   59.425103511   39.458725109   -6.957707124
    1.999195325   -3.141592654   65.191453100   19.387681813   -3.790305413
    2.189594880   -3.141592654   66.366580920   -7.640062746   -0.490757574
    2.379994435   -3.141592654   62.278435740  -34.759997369    3.043067954
    2.570393989   -3.141592654   53.521793522  -55.770922847    6.804540267
    2.760793544   -3.141592654   41.704908595  -66.445570885   10.621791573
    2.951193099   -3.141592654   28.987909104  -65.235304544   14.212225492

   -3.141592654   -2.792526803   25.239346471  -49.344696535   25.550839871
   -2.951193099   -2.792526803   17.396112854  -32.468177937   27.572530868
   -2.760793544   -2.792526803   13.023512163  -13.687652742   28.521321111
   -2.570393989   -2.792526803   12.011975136    2.169233428   28.656974162
   -2.379994435   -2.792526803   13.467735583   11.936814289   28.436522252
   -2.189594880   -2.792526803   16.147759558   15.229100412   28.436160291
   -1.999195325   -2.792526803   19.007379970   14.399610764   29.164077761
   -1.808795770   -2.792526803   21.616779144   13.255546741   30.804141981
   -1.618396215   -2.792526803   24.249855649   15.038826707   33.028099877
   -1.427996661   -2.792526803   27.614062815   20.900953145   35.038329937
   -1.237597106   -2.792526803   32.396387284   29.512489696   35.846402148
   -1.047197551   -2.792526803   38.855106181   37.972914775   34.668315721
   -0.856797996   -2.792526803   46.656055343   43.048261738   31.206031910
   -0.666398442   -2.792526803   54.901214376   42.305710124   25.717427227
   -0.475998887   -2.792526803   62.342057741   34.506385785   18.851226047
   -0.285599332   -2.792526803   67.623671246   19.770609045   11.410987504
   -0.095199777   -2.792526803   69.547740342   -0.335264105    4.132264187
    0.095199777   -2.792526803   67.375676329  -22.553362981   -2.422186354
    0.285599332   -2.792526803   61.157440536  -41.872614615   -7.859458455
    0.475998887   -2.792526803   52.004562131  -52.472675706  -11.902112614
    0.666398442   -2.792526803   42.055946908  -49.688553709  -14.354650694
    0.856797996   -2.792526803   34.021182614  -32.603311815  -15.144116589
    1.047197551   -2.792526803   30.305134390   -5.420912358  -14.387056071
    1.237597106   -2.792526803   32.090749071   23.612332007  -12.413741994
    1.427996661   -2.792526803   38.840718849   45.375368610   -9.666204913
    1.618396215   -2.792526803   48.492122612   53.392311490   -6.526455827
    1.808795770   -2.792526803   58.187623113   45.977216197   -3.158456189
    1.999195325   -2.792526803   65.204132541   26.051146906    0.486846291
    2.189594880   -2.792526803   67.683001897   -0.585518132    4.540305395
    2.379994435   -2.792526803   64.979334148  -27.307541940    9.025794258
    2.570393989   -2.792526803   57.654908555  -48.273995933   13.761335619
    2.760793544   -2.792526803   47.223910058  -59.509110130   18.373094073
    2.951193099   -2.792526803   35.725199717  -59.486211363   22.422746326

   -3.141592654   -2.443460953   34.034261381  -45.206400034   23.413885873
   -2.951193099   -2.443460953   26.797930065  -30.227295630   25.061138147
   -2.760793544   -2.443460953   22.690112441  -13.075425616   25.795747633
   -2.570393989   -2.443460953   21.682556657    1.721251696   25.848690498
   -2.379994435   -2.443460953   23.016609123   11.258740894   25.573349020
   -2.189594880   -2.443460953   25.618444148   15.223928494   25.383200153
   -1.999195325   -2.443460953   28.593408711   15.669958422   25.606022002
   -1.808795770   -2.443460953   31.563184713   15.675183573   26.291463774
   -1.618396215   -2.443460953   34.691301263   17.585288862   27.088297172
   -1.427996661   -2.443460953   38.422232074   21.917210791   27.321237149
   -1.237597106   -2.443460953   43.116625005   27.356842588   26.246844317
   -1.047197551   -2.443460953   48.778987217   31.705875644   23.379081116
   -0.856797996   -2.443460953   54.998728849   32.842980798   18.690283806
   -0.666398442   -2.443460953   61.012727350   29.346299791   12.630614598
   -0.475998887   -2.443460953   65.861009284   20.558576803    5.941580837
   -0.285599332   -2.443460953   68.534183533    6.603957838   -0.575659829
   -0.095199777   -2.443460953   68.136240119  -11.373333686   -6.272481914
    0.095199777   -2.443460953   64.128627862  -30.716358670  -10.755743822
    0.285599332   -2.443460953   56.649770903  -46.950556914  -13.873256702
    0.475998887   -2.443460953   46.813108156  -54.614171246  -15.644833693
    0.666398442   -2.443460953   36.708290683  -49.250420878  -16.174897472
    0.856797996   -2.443460953   28.963297150  -30.072357167  -15.617011065
    1.047197551   -2.443460953   25.880404043   -1.388691872  -14.159689968
    1.237597106   -2.443460953   28.525306981   28.525353389  -12.021593749
    1.427996661   -2.443460953   36.253820543   50.686746367   -9.412037771
    1.618396215   -2.443460953   46.937474732   58.928523090   -6.473998805
    1.808795770   -2.443460953   57.718435749   51.883609817   -3.232401606
    1.999195325   -2.443460953   65.918825211   32.623814599    0.366275100
    2.189594880   -2.443460953   69.728214988    6.807746736    4.366383149
    2.379994435   -2.443460953   68.499116029  -19.286737626    8.692120994
    2.570393989   -2.443460953   62.719477104  -40.198820196   13.108775831
    2.760793544   -2.443460953   53.772084353  -52.143165366   17.259354964
    2.951193099   -2.443460953   43.552877287  -53.523011938   20.780999771

   -3.141592654   -2.094395102   40.718780454  -41.479458586   13.843287922
   -2.951193099   -2.094395102   34.069480309  -27.795744270   14.937727170
   -2.760793544   -2.094395102   30.306616037  -11.859598909   15.528660795
   -2.570393989   -2.094395102   29.429868349    1.930857669   15.700736680
   -2.379994435   -2.094395102   30.737035698   10.839820095   15.554741347
   -2.189594880   -2.094395102   33.235642415   14.627579769   15.205375507
   -1.999195325   -2.094395102   36.103735700   15.157647397   14.730859465
   -1.808795770   -2.094395102   38.971131605   15.028223689   14.083557145
   -1.618396215   -2.094395102   41.906276336   16.046762959   13.040999452
   -1.427996661   -2.094395102   45.176883792   18.459313150   11.273983288
   -1.237597106   -2.094395102   48.962037980   21.195213228    8.503852197
   -1.047197551   -2.094395102   53.178826324   22.747806171    4.678410307
   -0.856797996   -2.094395102   57.481344292   21.867989814    0.043563877
   -0.666398442   -2.094395102   61.321800550   17.761380485   -4.895002480
   -0.475998887   -2.094395102   64.032388990    9.951976627   -9.541840667
   -0.285599332   -2.094395102   64.882172042   -1.763134216  -13.379548122
   -0.095199777   -2.094395102   63.159450434  -16.868753454  -16.101350305
    0.095199777   -2.094395102   58.380913575  -33.367173600  -17.658539331
    0.285599332   -2.094395102   50.630436975  -47.260272007  -18.200699706
    0.475998887   -2.094395102   40.902191480  -53.271397967  -17.987122234
    0.666398442   -2.094395102   31.157905547  -46.887851093  -17.264453404
    0.856797996   -2.094395102   23.922721792  -27.122740879  -16.198964616
    1.047197551   -2.094395102   21.438462310    1.940748101  -14.839565319
    1.237597106   -2.094395102   24.748241227   32.193066109  -13.151147844
    1.427996661   -2.094395102   33.212570608   54.761246246  -11.078429637
    1.618396215   -2.094395102   44.721523643   63.542440348   -8.600856013
    1.808795770   -2.094395102   56.443490171   57.161076836   -5.746568780
    1.999195325   -2.094395102   65.717629033   38.611681471   -2.598951993
    2.189594880   -2.094395102   70.728178786   13.388506048    0.720571343
    2.379994435   -2.094395102   70.786214556  -12.423788044    4.046483811
    2.570393989   -2.094395102   66.304978565  -33.518417373    7.186904386
    2.760793544   -2.094395102   58.574152671  -46.129540735    9.947135324
    2.951193099   -2.094395102   49.406364329  -48.551429773   12.185775866

   -3.141592654   -1.745329252   42.828970380  -39.813327569    4.880907984
   -2.951193099   -1.745329252   36.455099127  -26.569787102    5.377327773
   -2.760793544   -1.745329252   32.885405666  -11.065519336    5.694915509
   -2.570393989   -1.745329252   32.112079061    2.203021584    5.814957069
   -2.379994435   -1.745329252   33.411576707   10.460975212    5.655190717
   -2.189594880   -1.745329252   35.763966111   13.440001644    5.102267669
   -1.999195325   -1.745329252   38.310907915   12.925778833    4.032604460
   -1.808795770   -1.745329252   40.627581389   11.413769859    2.321519713
   -1.618396215   -1.745329252   42.715859451   10.724245202   -0.121713309
   -1.427996661   -1.745329252   44.800072510   11.342503827   -3.280459268
   -1.237597106   -1.745329252   47.084870490   12.669308965   -6.975601327
   -1.047197551   -1.745329252   49.611739598   13.711206127  -10.861004398
   -0.856797996   -1.745329252   52.241789525   13.556653438  -14.504101113
   -0.666398442   -1.745329252   54.665127445   11.361941422  -17.481302243
   -0.475998887   -1.745329252   56.406072500    6.254807051  -19.497267143
   -0.285599332   -1.745329252   56.826579490   -2.591612201  -20.441721602
   -0.095199777   -1.745329252   55.187825441  -15.277232884  -20.404750688
    0.095199777   -1.745329252   50.876343008  -30.215816832  -19.654488735
    0.285599332   -1.745329252   43.794611881  -43.549269502  -18.541765861
    0.475998887   -1.745329252   34.756187581  -49.841107939  -17.406912232
    0.666398442   -1.745329252   25.597467781  -44.202413293  -16.456741930
    0.856797996   -1.745329252   18.800660034  -25.160084286  -15.707675591
    1.047197551   -1.745329252   16.653179766    3.608555948  -14.982162367
    1.237597106   -1.745329252   20.299387905   34.146929375  -14.002404942
    1.427996661   -1.745329252   29.203072817   57.462235925  -12.538376309
    1.618396215   -1.745329252   41.313187835   67.138601754  -10.517403271
    1.808795770   -1.745329252   53.793741008   61.466940200   -8.044759572
    1.999195325   -1.745329252   63.927143584   43.251389852   -5.356324908
    2.189594880   -1.745329252   69.820696335   17.947145763   -2.715025999
    2.379994435   -1.745329252   70.712701977   -8.276055123   -0.346024573
    2.570393989   -1.745329252   66.965164092  -29.992452423    1.608902599
    2.760793544   -1.745329252   59.840463598  -43.293951945    3.096258586
    2.951193099   -1.745329252   51.150419434  -46.357001940    4.155015204

   -3.141592654   -1.396263402   41.042184928  -40.214996165    2.733751573
   -2.951193099   -1.396263402   34.599373432  -26.877729036    2.629446573
   -2.760793544   -1.396263402   30.987226780  -11.213212300    2.360617921
   -2.570393989   -1.396263402   30.192793347    2.089410777    1.897932055
   -2.379994435   -1.396263402   31.451201839   10.070367864    1.104120230
   -2.189594880   -1.396263402   33.665350292   12.284907630   -0.232193709
   -1.999195325   -1.396263402   35.873106773   10.424316600   -2.329888184
   -1.808795770   -1.396263402   37.546896967    7.111382250   -5.320823432
   -1.618396215   -1.396263402   38.638665926    4.604072845   -9.143308233
   -1.427996661   -1.396263402   39.428097571    4.018494940  -13.469226734
   -1.237597106   -1.396263402   40.293857024    5.317356132  -17.737667946
   -1.047197551   -1.396263402   41.528456583    7.708509097  -21.294678909
   -0.856797996   -1.396263402   43.238357199   10.044096120  -23.600195898
   -0.666398442   -1.396263402   45.278591512   10.879702626  -24.376133017
   -0.475998887   -1.396263402   47.209680893    8.654590854  -23.677161625
   -0.285599332   -1.396263402   48.305836248    1.947658291  -21.837902001
   -0.095199777   -1.396263402   47.649251987   -9.710721840  -19.354465504
    0.095199777   -1.396263402   44.400087205  -24.820086511  -16.761085690
    0.285599332   -1.396263402   38.244727651  -39.361110807  -14.486317218
    0.475998887   -1.396263402   29.835033977  -47.472497038  -12.783908281
    0.666398442   -1.396263402   20.947283748  -43.673231781  -11.683655067
    0.856797996   -1.396263402   14.120596017  -25.864935806  -11.023904114
    1.047197551   -1.396263402   11.801751456    2.687235327  -10.514204974
    1.237597106   -1.396263402   15.335725767   34.019118148   -9.842853775
    1.427996661   -1.396263402   24.344896419   58.731149519   -8.795724879
    1.618396215   -1.396263402   36.834652205   69.792816337   -7.312771148
    1.808795770   -1.396263402   49.912730985   64.956519108   -5.488309395
    1.999195325   -1.396263402   60.730111422   46.811865910   -3.517082395
    2.189594880   -1.396263402   67.253834888   20.907084548   -1.611928200
    2.379994435   -1.396263402   68.620929952   -6.283886182    0.042899776
    2.570393989   -1.396263402   65.155274418  -29.011116819    1.323689533
    2.760793544   -1.396263402   58.136721644  -43.108408958    2.173534430
    2.951193099   -1.396263402   49.432528395  -46.631778573    2.616513750

   -3.141592654   -1.047197551   38.712388772  -42.419092835    3.779352402
   -2.951193099   -1.047197551   31.858112361  -28.950912547    2.718700816
   -2.760793544   -1.047197551   27.883753744  -12.935523546    1.391288668
   -2.570393989   -1.047197551   26.790611401    0.625765531   -0.135532069
   -2.379994435   -1.047197551   27.762896594    8.425350259   -1.926083051
   -2.189594880   -1.047197551   29.593387080    9.778290397   -4.166919519
   -1.999195325   -1.047197551   31.189169283    6.421572542   -7.077009642
   -1.808795770   -1.047197551   31.936914846    1.406123491  -10.746979514
   -1.618396215   -1.047197551   31.815674898   -2.279374532  -14.976567871
   -1.427996661   -1.047197551   31.276374240   -2.802712549  -19.219328296
   -1.237597106   -1.047197551   30.975345695    0.150181638  -22.707193149
   -1.047197551   -1.047197551   31.495563257    5.543972125  -24.715225045
   -0.856797996   -1.047197551   33.136041304   11.504119908  -24.839970130
   -0.666398442   -1.047197551   35.781136422   15.641869087  -23.137491619
   -0.475998887   -1.047197551   38.850972560   15.616692483  -20.084416260
   -0.285599332   -1.047197551   41.363799295    9.604713376  -16.393708569
   -0.095199777   -1.047197551   42.112490121   -2.842051040  -12.772712859
    0.095199777   -1.047197551   40.006028449  -19.823542125   -9.736367336
    0.285599332   -1.047197551   34.579577021  -36.729441302   -7.480036606
    0.475998887   -1.047197551   26.453543152  -47.041110295   -5.920221303
    0.666398442   -1.047197551   17.491865856  -44.733397055   -4.806125653
    0.856797996   -1.047197551   10.403280859  -27.389305885   -3.887150965
    1.047197551   -1.047197551    7.834493528    1.723153530   -3.010547668
    1.237597106   -1.047197551   11.298628399   34.302511922   -2.127725488
    1.427996661   -1.047197551   20.499990057   60.433034061   -1.249632044
    1.618396215   -1.047197551   33.425653466   72.567283669   -0.369775157
    1.808795770   -1.047197551   47.082428793   68.128579238    0.545053078
    1.999195325   -1.047197551   58.484402339   49.667074963    1.525841857
    2.189594880   -1.047197551   65.476556314   22.899659546    2.552474785
    2.379994435   -1.047197551   67.116887454   -5.429448848    3.521971466
    2.570393989   -1.047197551   63.701634236  -29.322806032    4.266058640
    2.760793544   -1.047197551   56.525323886  -44.405020837    4.607879881
    2.951193099   -1.047197551   47.505517848  -48.587615750    4.444506544

   -3.141592654   -0.698131701   38.476755495  -45.624410332    3.805135712
   -2.951193099   -0.698131701   30.979665129  -32.427777667    1.567947381
   -2.760793544   -0.698131701   26.343731041  -16.372103717   -0.967492969
   -2.570393989   -0.698131701   24.603908646   -2.760495197   -3.597685019
   -2.379994435   -0.698131701   24.912415217    4.757959536   -6.270361861
   -2.189594880   -0.698131701   25.976757570    5.312607083   -9.114240807
   -1.999195325   -0.698131701   26.614770385    0.804312096  -12.329951463
   -1.808795770   -0.698131701   26.193467536   -5.159665959  -15.961046544
   -1.618396215   -0.698131701   24.801446468   -8.844101799  -19.690473038
   -1.427996661   -0.698131701   23.128470151   -7.873332787  -22.824582733
   -1.237597106   -0.698131701   22.124182834   -1.950290246  -24.526610325
   -1.047197551   -0.698131701   22.599400717    7.228192301  -24.193177795
   -0.856797996   -0.698131701   24.912419614   16.752709082  -21.755217807
   -0.666398442   -0.698131701   28.807810074   23.261874743  -17.733040741
   -0.475998887   -0.698131701   33.418697880   23.877244950  -13.027997507
   -0.285599332   -0.698131701   37.428543385   16.823956435   -8.583322894
   -0.095199777   -0.698131701   39.357808769    2.205855108   -5.048165285
    0.095199777   -0.698131701   37.977705346  -17.216085402   -2.611482042
    0.285599332   -0.698131701   32.852790720  -36.026457107   -1.002910492
    0.475998887   -0.698131701   24.759610277  -47.209242973    0.279012476
    0.666398442   -0.698131701   15.768553534  -44.732452941    1.678701901
    0.856797996   -0.698131701    8.753103063  -26.585678952    3.343949624
    1.047197551   -0.698131701    6.425797388    3.409688541    5.087161875
    1.237597106   -0.698131701   10.271263386   36.527004070    6.558926273
    1.427996661   -0.698131701   19.912363620   62.750686604    7.475519546
    1.618396215   -0.698131701   33.262980925   74.673480462    7.798976550
    1.808795770   -0.698131701   47.290804465   69.913012144    7.715518837
    1.999195325   -0.698131701   59.000598275   51.112114603    7.503493349
    2.189594880   -0.698131701   66.230080496   23.927450881    7.356922595
    2.379994435   -0.698131701   68.010942565   -5.020987143    7.287250973
    2.570393989   -0.698131701   64.593376674  -29.796048194    7.123108106
    2.760793544   -0.698131701   57.227744393  -45.927241054    6.605334785
    2.951193099   -0.698131701   47.820827790  -51.104293785    5.522603834

   -3.141592654   -0.349065850   39.233207104  -50.271196928    3.297537861
   -2.951193099   -0.349065850   30.779035734  -37.743061460    0.278738296
   -2.760793544   -0.349065850   25.105103158  -21.879997317   -2.910251986
   -2.570393989   -0.349065850   22.322502541   -8.186778046   -6.018323753
   -2.379994435   -0.349065850   21.602767639   -0.653800501   -8.953318768
   -2.189594880   -0.349065850   21.615330405   -0.370751526  -11.811600508
   -1.999195325   -0.349065850   21.132467989   -5.263434486  -14.744099637
   -1.808795770   -0.349065850   19.551106626  -11.131105221  -17.705168860
   -1.618396215   -0.349065850   17.120450920  -13.535102137  -20.274650628
   -1.427996661   -0.349065850   14.796208363   -9.773444329  -21.725665663
   -1.237597106   -0.349065850   13.790769197    0.057769105  -21.348073717
   -1.047197551   -0.349065850   15.036679854   13.228081363  -18.854611060
   -0.856797996   -0.349065850   18.791217599   25.612917207  -14.605028499
   -0.666398442   -0.349065850   24.493362517   33.016683883   -9.508780377
   -0.475998887   -0.349065850   30.878988867   32.442135072   -4.650884135
   -0.285599332   -0.349065850   36.282810988   22.737416773   -0.871601882
   -0.095199777   -0.349065850   39.046428286    5.079343105    1.549045076
    0.095199777   -0.349065850   37.976421270  -16.630724220    2.934433482
    0.285599332   -0.349065850   32.859610381  -36.254526425    4.020696528
    0.475998887   -0.349065850   24.770149451  -46.725649254    5.558528751
    0.666398442   -0.349065850   16.017547909  -42.656771555    7.925117361
    0.856797996   -0.349065850    9.550485490  -23.026605378   10.918736144
    1.047197551   -0.349065850    7.974724100    7.534096738   13.866301742
    1.237597106   -0.349065850   12.566953341   40.052653858   16.002122431
    1.427996661   -0.349065850   22.755794539   64.902136385   16.846773419
    1.618396215   -0.349065850   36.372310652   75.352787213   16.419119477
    1.808795770   -0.349065850   50.422071792   69.570211026   15.131635981
    1.999195325   -0.349065850   62.017304222   50.344770037   13.530822447
    2.189594880   -0.349065850   69.091075263   23.092656109   12.013564329
    2.379994435   -0.349065850   70.705067749   -5.978347756   10.693684458
    2.570393989   -0.349065850   67.065108342  -31.250318710    9.414788378
    2.760793544   -0.349065850   59.338930807  -48.321316839    7.891620710
    2.951193099   -0.349065850   49.365279858  -54.680794976    5.879603452

   -3.141592654    0.000000000   40.429902546  -55.575833888    2.244271417
   -2.951193099    0.000000000   30.912878363  -43.499466814   -0.655844896
   -2.760793544    0.000000000   24.139066825  -27.586585868   -3.520446055
   -2.570393989    0.000000000   20.303896966  -13.500962325   -6.194478497
   -2.379994435    0.000000000   18.613578786   -5.551650465   -8.650828756
   -2.189594880    0.000000000   17.719234219   -5.023572353  -10.983147867
   -1.999195325    0.000000000   16.370856457   -9.656533345  -13.260189169
   -1.808795770    0.000000000   14.017087311  -14.697480180  -15.314023367
   -1.618396215    0.000000000   11.071601424  -15.157560448  -16.652775595
   -1.427996661    0.000000000    8.719803155   -8.271396074  -16.626555972
   -1.237597106    0.000000000    8.345829251    5.186621410  -14.783688394
   -1.047197551    0.000000000   10.870241463   21.313836811  -11.207071008
   -0.856797996    0.000000000   16.312882755   34.899680021   -6.582928216
   -0.666398442    0.000000000   23.724816766   41.340180740   -1.948757502
   -0.475998887    0.000000000   31.460852148   38.090321832    1.763421456
   -0.285599332    0.000000000   37.629504310   25.134204094    4.103132337
   -0.095199777    0.000000000   40.590032388    4.965469505    5.278246555
    0.095199777    0.000000000   39.392741348  -17.520283964    6.021900267
    0.285599332    0.000000000   34.191588751  -35.950484168    7.246404729
    0.475998887    0.000000000   26.388630410  -43.894471609    9.600415497
    0.666398442    0.000000000   18.433379734  -37.231061767   13.134412952
    0.856797996    0.000000000   13.158825998  -16.240593343   17.238276063
    1.047197551    0.000000000   12.854324635   13.760622407   20.900812448
    1.237597106    0.000000000   18.439556063   44.035256067   23.187379086
    1.427996661    0.000000000   29.106631832   65.929084236   23.632349441
    1.618396215    0.000000000   42.661001485   73.820395828   22.384662262
    1.808795770    0.000000000   56.258360900   66.561483375   20.022284643
    1.999195325    0.000000000   67.230376000   46.967734050   17.232134699
    2.189594880    0.000000000   73.681329711   19.989357954   14.511482153
    2.379994435    0.000000000   74.736750395   -8.783568231   12.053543540
    2.570393989    0.000000000   70.560728987  -34.162707873    9.778834142
    2.760793544    0.000000000   62.228158852  -51.853800655    7.484792273
    2.951193099    0.000000000   51.496356310  -59.136271429    4.991668594

   -3.141592654    0.349065850   42.298928788  -60.004292602    1.975756731
   -2.951193099    0.349065850   31.915973156  -48.097625436    0.122957904
   -2.760793544    0.349065850   24.271392248  -32.079376941   -1.528873314
   -2.570393989    0.349065850   19.605847980  -17.710529065   -3.015521883
   -2.379994435    0.349065850   17.140852957   -9.482764767   -4.437998085
   -2.189594880    0.349065850   15.519641201   -8.716571946   -5.910970631
   -1.999195325    0.349065850   13.504303534  -12.889700567   -7.434077351
   -1.808795770    0.349065850   10.627945514  -16.799342031   -8.765580396
   -1.618396215    0.349065850    7.463928928  -15.191248327   -9.440421471
   -1.427996661    0.349065850    5.361555930   -5.553553979   -8.983633647
   -1.237597106    0.349065850    5.764363607   10.520728622   -7.206200831
   -1.047197551    0.349065850    9.470974688   28.138463895   -4.390470196
   -0.856797996    0.349065850   16.218131859   41.466355748   -1.210223030
   -0.666398442    0.349065850   24.723795110   46.049559224    1.576259921
   -0.475998887    0.349065850   33.111587231   40.192441844    3.507472398
   -0.285599332    0.349065850   39.459833755   25.087649623    4.623195725
   -0.095199777    0.349065850   42.319238928    4.252648172    5.455163272
    0.095199777    0.349065850   41.074700286  -16.994317691    6.783010816
    0.285599332    0.349065850   36.218641368  -32.673588466    9.270919386
    0.475998887    0.349065850   29.345616650  -37.455142489   13.133565864
    0.666398442    0.349065850   22.851970071  -28.595909925   17.957560561
    0.856797996    0.349065850   19.277336472   -7.420074236   22.797019970
    1.047197551    0.349065850   20.491516794   20.551781930   26.520894711
    1.237597106    0.349065850   27.048178104   47.293980370   28.277458902
    1.427996661    0.349065850   37.967012458   65.388351618   27.809460157
    1.618396215    0.349065850   51.117810567   70.338299042   25.484933557
    1.808795770    0.349065850   63.883130495   61.553932263   22.039826806
    1.999195325    0.349065850   73.862698528   41.728786290   18.241187408
    2.189594880    0.349065850   79.358959789   15.276739717   14.625119948
    2.379994435    0.349065850   79.582242132  -12.836445530   11.432295147
    2.570393989    0.349065850   74.676912925  -37.838322047    8.665105412
    2.760793544    0.349065850   65.646462117  -55.573790109    6.225684815
    2.951193099    0.349065850   54.176639467  -63.194582606    4.012128854

   -3.141592654    0.698131701   43.948810438  -62.306762558    0.631332547
   -2.951193099    0.698131701   33.145975178  -50.192956283    0.338396158
   -2.760793544    0.698131701   25.111894692  -34.081826247    0.299165351
   -2.570393989    0.698131701   20.062703775  -19.753911985    0.289504092
   -2.379994435    0.698131701   17.193633615  -11.686627838    0.108847523
   -2.189594880    0.698131701   15.137676272  -11.044925905   -0.360751192
   -1.999195325    0.698131701   12.690364186  -15.010816316   -1.087033744
   -1.808795770    0.698131701    9.477012180  -18.097616016   -1.857488556
   -1.618396215    0.698131701    6.194552893  -15.051708755   -2.351656759
   -1.427996661    0.698131701    4.277698025   -3.759123021   -2.312748191
   -1.237597106    0.698131701    5.149516522   13.519403092   -1.704222694
   -1.047197551    0.698131701    9.465911557   31.352987302   -0.744063220
   -0.856797996    0.698131701   16.759262290   43.832941085    0.241548492
   -0.666398442    0.698131701   25.585752033   47.030707631    1.037834363
   -0.475998887    0.698131701   34.045858801   40.092130555    1.727174850
   -0.285599332    0.698131701   40.354798298   25.000317340    2.686876631
   -0.095199777    0.698131701   43.314053171    5.634290119    4.443419514
    0.095199777    0.698131701   42.573823447  -12.925597172    7.433724780
    0.285599332    0.698131701   38.790767250  -25.486394368   11.753805379
    0.475998887    0.698131701   33.538582073  -27.830577019   17.025713448
    0.666398442    0.698131701   28.980412929  -18.249027759   22.414690747
    0.856797996    0.698131701   27.268747043    1.419476045   26.857313847
    1.047197551    0.698131701   29.861709298   25.935721405   29.414690607
    1.237597106    0.698131701   37.029079590   48.279535917   29.610787473
    1.427996661    0.698131701   47.732316871   62.299760688   27.578843748
    1.618396215    0.698131701   60.005058513   64.470799345   23.940761676
    1.808795770    0.698131701   71.519343112   54.544224255   19.510195052
    1.999195325    0.698131701   80.167457852   34.927046183   15.009962494
    2.189594880    0.698131701   84.453455063    9.439574698   10.912994196
    2.379994435    0.698131701   83.674848022  -17.536062436    7.456892888
    2.570393989    0.698131701   77.970776185  -41.569908017    4.718414510
    2.760793544    0.698131701   68.298942919  -58.623339653    2.704130499
    2.951193099    0.698131701   56.293270284  -65.797075835    1.371427800

   -3.141592654    1.047197551   42.609051487  -62.553846944   -3.803580588
   -2.951193099    1.047197551   31.850934803  -49.525800201   -2.794377654
   -2.760793544    1.047197551   23.993195135  -32.966281025   -1.537013644
   -2.570393989    1.047197551   19.164559075  -18.610166326   -0.372338119
   -2.379994435    1.047197551   16.489358712  -10.823627878    0.480475957
   -2.189594880    1.047197551   14.557975673  -10.600022143    0.938532626
   -1.999195325    1.047197551   12.158270450  -14.929831878    1.030146253
   -1.808795770    1.047197551    8.940294794  -18.189855329    0.849450656
   -1.618396215    1.047197551    5.638172520  -15.149895973    0.502825155
   -1.427996661    1.047197551    3.704204800   -3.864545127    0.059755910
   -1.237597106    1.047197551    4.542144084   13.214789272   -0.443513112
   -1.047197551    1.047197551    8.765874267   30.658755763   -0.951900337
   -0.856797996    1.047197551   15.893125840   42.826521958   -1.304403587
   -0.666398442    1.047197551   24.539013981   46.277133506   -1.207154534
   -0.475998887    1.047197551   32.955268761   40.567022053   -0.272280721
   -0.285599332    1.047197551   39.559525132   27.786271516    1.851646694
   -0.095199777    1.047197551   43.332116623   11.465893824    5.330076691
    0.095199777    1.047197551   43.996604054   -4.084069022   10.033522569
    0.285599332    1.047197551   42.112972651  -14.614783083   15.469463347
    0.475998887    1.047197551   38.985947727  -16.731156337   20.843997761
    0.666398442    1.047197551   36.392343831   -9.068250394   25.215339714
    0.856797996    1.047197551   36.096023675    6.868132091   27.758137173
    1.047197551    1.047197551   39.291639002   26.769675518   28.021648639
    1.237597106    1.047197551   46.193553454   44.800542597   26.062939288
    1.427996661    1.047197551   55.914760105   55.716122498   22.397393462
    1.618396215    1.047197551   66.760296780   56.308642123   17.761143038
    1.808795770    1.047197551   76.677803923   46.105484933   12.846267583
    1.999195325    1.047197551   83.762132048   27.025044397    8.149983276
    2.189594880    1.047197551   86.629449957    2.482094531    3.968915524
    2.379994435    1.047197551   84.633166886  -23.341582997    0.499692965
    2.570393989    1.047197551   77.946928498  -46.047967050   -2.092291176
    2.760793544    1.047197551   67.559888236  -61.637421535   -3.667232520
    2.951193099    1.047197551   55.120858636  -67.332873958   -4.193468848

   -3.141592654    1.396263402   38.098806580  -60.805283898  -10.271406895
   -2.951193099    1.396263402   27.828107288  -46.269682667   -8.851235389
   -2.760793544    1.396263402   20.668009460  -29.033952530   -7.073597105
   -2.570393989    1.396263402   16.591275960  -14.751847473   -5.244258222
   -2.379994435    1.396263402   14.598835506   -7.575001289   -3.509612715
   -2.189594880    1.396263402   13.201554425   -8.272774376   -1.905912889
   -1.999195325    1.396263402   11.143273091  -13.693767966   -0.461464189
   -1.808795770    1.396263402    8.049032384  -18.140108916    0.726777086
   -1.618396215    1.396263402    4.640151330  -16.324531323    1.500658487
   -1.427996661    1.396263402    2.374162179   -6.150961122    1.725180505
   -1.237597106    1.396263402    2.701657080   10.218165771    1.419710897
   -1.047197551    1.396263402    6.348429005   27.746889793    0.837036009
   -0.856797996    1.396263402   13.015928998   41.104637573    0.454935515
   -0.666398442    1.396263402   21.541660683   46.916429773    0.832390498
   -0.475998887    1.396263402   30.376484977   44.419420772    2.431119813
   -0.285599332    1.396263402   38.042279134   35.040793414    5.453306540
   -0.095199777    1.396263402   43.475049553   21.475429101    9.750301338
    0.095199777    1.396263402   46.197184757    7.223931659   14.834214884
    0.285599332    1.396263402   46.435841761   -3.975875289   19.925369383
    0.475998887    1.396263402   45.108900047   -8.773705631   24.114188228
    0.666398442    1.396263402   43.651235643   -5.267046167   26.566571079
    0.856797996    1.396263402   43.635430795    6.039685596   26.778268098
    1.047197551    1.396263402   46.275614446   21.953745807   24.735921124
    1.237597106    1.396263402   51.992815722   37.445967848   20.896265286
    1.427996661    1.396263402   60.200878114   47.412108565   16.001688799
    1.618396215    1.396263402   69.469989780   48.173352455   10.783952692
    1.808795770    1.396263402   77.894014382   38.562446826    5.746932432
    1.999195325    1.396263402   83.596315436   20.018234342    1.133957308
    2.189594880    1.396263402   85.172185002   -4.068989168   -2.957755746
    2.379994435    1.396263402   81.986997121  -29.203281860   -6.411517626
    2.570393989    1.396263402   74.294171426  -50.635836445   -9.025849611
    2.760793544    1.396263402   63.207094569  -64.298682650  -10.573736062
    2.951193099    1.396263402   50.475081668  -67.709342696  -10.951194462

   -3.141592654    1.745329252   31.511622868  -58.838144211  -16.549093569
   -2.951193099    1.745329252   21.775185448  -42.737073760  -15.290743473
   -2.760793544    1.745329252   15.377804828  -24.676903434  -13.465271613
   -2.570393989    1.745329252   12.159348939  -10.179839536  -11.295862212
   -2.379994435    1.745329252   11.023602437   -3.203321767   -8.870087685
   -2.189594880    1.745329252   10.414807874   -4.414396140   -6.207749254
   -1.999195325    1.745329252    9.016397837  -10.688795908   -3.383630529
   -1.808795770    1.745329252    6.383187164  -16.368805564   -0.615607263
   -1.618396215    1.745329252    3.172063079  -16.049380418    1.769927853
   -1.427996661    1.745329252    0.823209741   -7.243819392    3.476781505
   -1.237597106    1.745329252    0.865316091    8.456720590    4.423412854
   -1.047197551    1.745329252    4.207581025   26.527458432    4.840322890
   -0.856797996    1.745329252   10.802457979   41.764356013    5.226053413
   -0.666398442    1.745329252   19.716231932   50.440650007    6.141386180
   -0.475998887    1.745329252   29.520580582   51.044091730    7.976347096
   -0.285599332    1.745329252   38.699889851   44.130814965   10.784942332
   -0.095199777    1.745329252   45.994467489   31.671570983   14.225368058
    0.095199777    1.745329252   50.622131620   16.727705992   17.646822903
    0.285599332    1.745329252   52.458428586    3.022655500   20.228834652
    0.475998887    1.745329252   52.110203597   -5.668493427   21.228687537
    0.666398442    1.745329252   50.821383720   -6.602391299   20.218446436
    0.856797996    1.745329252   50.157235346    0.737410451   17.271259004
    1.047197551    1.745329252   51.509163480   13.984980778   12.948563215
    1.237597106    1.745329252   55.585804514   28.438461745    8.073534007
    1.427996661    1.745329252   62.089235890   38.673145908    3.413745094
    1.618396215    1.745329252   69.773767941   40.297489131   -0.604126266
    1.808795770    1.745329252   76.778530058   31.477118411   -3.968047931
    1.999195325    1.745329252   81.178675371   13.370456828   -6.925563694
    2.189594880    1.745329252   81.514379792  -10.433225606   -9.725315001
    2.379994435    1.745329252   77.163812322  -34.982863238  -12.400274552
    2.570393989    1.745329252   68.477819713  -55.149409838  -14.722839689
    2.760793544    1.745329252   56.709155533  -66.833592770  -16.334060467
    2.951193099    1.745329252   43.713755399  -67.905719225  -16.958952084

   -3.141592654    2.094395102   24.452241609  -57.828177466  -18.975832269
   -2.951193099    2.094395102   15.038077032  -40.433710091  -17.827753553
   -2.760793544    2.094395102    9.171450380  -21.472198299  -15.936860533
   -2.570393989    2.094395102    6.630334524   -6.295877875  -13.457344060
   -2.379994435    2.094395102    6.294252840    1.306079982  -10.476037002
   -2.189594880    2.094395102    6.600211281    0.658635225   -7.049152895
   -1.999195325    2.094395102    6.202245138   -5.330927732   -3.287271710
   -1.808795770    2.094395102    4.575852150  -11.260454235    0.571120464
   -1.618396215    2.094395102    2.265717706  -11.788804049    4.178068050
   -1.427996661    2.094395102    0.619299196   -4.151783799    7.189301311
   -1.237597106    2.094395102    1.153006231   10.594907428    9.427583115
   -1.047197551    2.094395102    4.867752270   28.445416262   10.980037141
   -0.856797996    2.094395102   11.879988020   44.370468762   12.163913217
   -0.666398442    2.094395102   21.410868465   54.373641469   13.343226074
   -0.475998887    2.094395102   32.097824786   56.322221148   14.723650557
   -0.285599332    2.094395102   42.360705126   50.051503186   16.224507850
   -0.095199777    2.094395102   50.747123350   36.978905692   17.462897870
    0.095199777    2.094395102   56.208855402   19.936142144   17.882209941
    0.285599332    2.094395102   58.353736242    2.893799833   16.924958403
    0.475998887    2.094395102   57.613858779   -9.670607330   14.281982678
    0.666398442    2.094395102   55.222942844  -14.007409228   10.070603728
    0.856797996    2.094395102   52.928425355   -8.680191675    4.889212686
    1.047197551    2.094395102   52.440055348    4.378012561   -0.364284905
    1.237597106    2.094395102   54.800435868   20.223725551   -4.838002078
    1.427996661    2.094395102   59.940544282   32.610046599   -8.049546630
    1.618396215    2.094395102   66.664826489   36.169218385  -10.045282695
    1.808795770    2.094395102   73.000873656   28.416316849  -11.288818654
    1.999195325    2.094395102   76.840963342   10.418406617  -12.373042260
    2.189594880    2.094395102   76.577525869  -13.802174884  -13.718348118
    2.379994435    2.094395102   71.549809395  -38.642565329  -15.399468033
    2.570393989    2.094395102   62.186561687  -58.461360964  -17.156158570
    2.760793544    2.094395102   49.881264649  -69.035711913  -18.560112841
    2.951193099    2.094395102   36.613204830  -68.512343606  -19.230075994

   -3.141592654    2.443460953   17.949704856  -57.581900145  -12.749409370
   -2.951193099    2.443460953    8.703234155  -38.927394934  -11.269595483
   -2.760793544    2.443460953    3.247789601  -18.670784227   -9.270698098
   -2.570393989    2.443460953    1.367163136   -2.161202767   -6.872992311
   -2.379994435    2.443460953    1.946855990    6.778486740   -4.129305616
   -2.189594880    2.443460953    3.413149338    7.326762811   -1.015053902
   -1.999195325    2.443460953    4.370317594    2.138004350    2.510152368
   -1.808795770    2.443460953    4.192788721   -3.638860312    6.389897387
   -1.618396215    2.443460953    3.289857964   -4.751463969   10.396674826
   -1.427996661    2.443460953    2.881924906    1.748434179   14.156114348
   -1.237597106    2.443460953    4.416513478   15.209905695   17.277145860
   -1.047197551    2.443460953    8.906611723   32.040970854   19.505833543
   -0.856797996    2.443460953   16.540966722   47.373760612   20.797040434
   -0.666398442    2.443460953   26.610607976   57.033482895   21.248275723
   -0.475998887    2.443460953   37.761114304   58.455573285   20.958855010
   -0.285599332    2.443460953   48.332858991   51.012857506   19.912905965
   -0.095199777    2.443460953   56.719112200   35.859155483   17.939266106
    0.095199777    2.443460953   61.699540169   15.882830589   14.802271487
    0.285599332    2.443460953   62.758869597   -4.457384849   10.354087272
    0.475998887    2.443460953   60.334622256  -19.861796064    4.741057666
    0.666398442    2.443460953   55.835322417  -25.659527481   -1.492316102
    0.856797996    2.443460953   51.336112944  -19.827905973   -7.463469617
    1.047197551    2.443460953   48.926182326   -4.386198158  -12.235454305
    1.237597106    2.443460953   49.939591682   14.930608712  -15.183746559
    1.427996661    2.443460953   54.404243878   30.702352596  -16.232804135
    1.618396215    2.443460953   61.005669852   36.556650965  -15.856333469
    1.808795770    2.443460953   67.513035828   29.588652032  -14.816268349
    1.999195325    2.443460953   71.543664099   11.091149756  -13.830848951
    2.189594880    2.443460953   71.303771793  -14.262857144  -13.322259410
    2.379994435    2.443460953   66.081154383  -40.153099769  -13.341314392
    2.570393989    2.443460953   56.373027682  -60.447205904  -13.639353544
    2.760793544    2.443460953   43.702097117  -70.771412626  -13.838748929
    2.951193099    2.443460953   30.175339737  -69.414434111  -13.603978450

   -3.141592654    2.792526803   15.223180276  -55.995766594    0.874488085
   -2.951193099    2.792526803    6.330543011  -36.817143566    2.808434297
   -2.760793544    2.792526803    1.327927098  -16.038266065    4.688678625
   -2.570393989    2.792526803    0.000000000    1.016318335    6.502533794
   -2.379994435    2.792526803    1.245205027   10.612727804    8.355438318
   -2.189594880    2.792526803    3.519194845   12.003679106   10.477878315
   -1.999195325    2.792526803    5.460060388    7.797332390   13.135346563
   -1.808795770    2.792526803    6.449908082    2.918938552   16.450301193
   -1.618396215    2.792526803    6.851034237    2.289523906   20.243008462
   -1.427996661    2.792526803    7.776711062    8.586031111   24.014009112
   -1.237597106    2.792526803   10.533867298   21.096128196   27.100753887
   -1.047197551    2.792526803   16.004591999   36.377014626   28.926975271
   -0.856797996    2.792526803   24.285259423   49.779510686   29.183860241
   -0.666398442    2.792526803   34.609167784   57.256373565   27.851512530
   -0.475998887    2.792526803   45.574713373   56.241797198   25.086152716
   -0.285599332    2.792526803   55.469531646   46.064447399   21.085349662
   -0.095199777    2.792526803   62.633819196   27.958780009   16.006980818
    0.095199777    2.792526803   65.833243056    5.137028035   10.003280043
    0.285599332    2.792526803   64.626746570  -17.333864524    3.318603506
    0.475998887    2.792526803   59.656887810  -33.434670664   -3.580441655
    0.666398442    2.792526803   52.659730802  -37.974076658   -9.980886961
    0.856797996    2.792526803   46.089752476  -28.973211215  -15.051019770
    1.047197551    2.792526803   42.341770894   -9.179067405  -18.126261422
    1.237597106    2.792526803   42.866699591   14.505301963  -18.989399246
    1.427996661    2.792526803   47.584911004   33.547199156  -17.957513887
    1.618396215    2.792526803   54.907278928   41.009076042  -15.731970192
    1.808795770    2.792526803   62.287342575   34.096340059  -13.069736218
    1.999195325    2.792526803   67.097231961   14.679372939  -10.517452002
    2.189594880    2.792526803   67.424453859  -11.884627405   -8.300120628
    2.379994435    2.792526803   62.553953974  -38.759517099   -6.389166640
    2.570393989    2.792526803   53.053214094  -59.575354588   -4.631235123
    2.760793544    2.792526803   40.537086539  -69.950408168   -2.876108261
    2.951193099    2.792526803   27.191279780  -68.299614510   -1.041731066
