#! FIELDS phi psi file.free der_phi der_psi
#! SET min_phi -pi
#! SET max_phi pi
#! SET nbins_phi  33
#! SET periodic_phi true
#! SET min_psi -pi
#! SET max_psi pi
#! SET nbins_psi  18
#! SET periodic_psi true
   -3.141592654   -3.141592654   18.429713123  -54.471022951   16.234326254
   -2.951193099   -3.141592654    9.720005742  -36.327397456   18.699464336
   -2.760793544   -3.141592654    4.764150755  -15.910448470   20.476594038
   -2.570393989   -3.141592654    3.481655832    1.499460457   21.598834541
   -2.379994435   -3.141592654    4.905588135   12.121759126   22.327604632
   -2.189594880   -3.141592654    7.611227613   15.111542988   23.125012138
   -1.999195325   -3.141592654   10.324387395   12.834418938   24.476959521
   -1.808795770   -3.141592654   12.446692890    9.706472368   26.623765486
   -1.618396215   -3.141592654   14.244904898    9.993163397   29.349118953
   -1.427996661   -3.141592654   16.614349604   15.796706929   31.989630672
   -1.237597106   -3.141592654   20.565016117   26.179415179   33.681793672
   -1.047197551   -3.141592654   26.684169949   37.936938706   33.715877246
   -0.856797996   -3.141592654   34.855801100   47.016084640   31.787660575
   -0.666398442   -3.141592654   44.230902507   50.114780182   28.045581919
   -0.475998887   -3.141592654   53.465100240   45.370746431   22.935267871
   -0.285599332   -3.141592654   61.024375176   32.651568134   16.992581215
   -0.095199777   -3.141592654   65.509294824   13.512148126   10.670336620
    0.095199777   -3.141592654   65.984715317   -8.755631044    4.296088247
    0.285599332   -3.141592654   62.304359002  -29.187326205   -1.864429518
    0.475998887   -3.141592654   55.369913524  -42.035758275   -7.482679163
    0.666398442   -3.141592654   47.106879942  -42.581062504  -12.106952267
    0.856797996   -3.141592654   40.047113502  -29.550630258  -15.235402681
    1.047197551   -3.141592654   36.513676980   -6.516697137  -16.514568487
    1.237597106   -3.141592654   37.742322588   19.009705515  -15.932828049
    1.427996661   -3.141592654   43.374158406   38.457513731  -13.847157957
    1.618396215   -3.141592654   51.595003772   45.495896466  -10.834393007
    1.808795770   -3.141592654   59.782261344   38.174466269   -7.429900456
    1.999195325   -3.141592654   65.370167030   18.897146804   -3.962583744
    2.189594880   -3.141592654   66.553577157   -7.058731988   -0.527648139
    2.379994435   -3.141592654   62.659163774  -33.390109792    2.907773268
    2.570393989   -3.141592654   54.186096262  -54.282897138    6.386312185
    2.760793544   -3.141592654   42.605650414  -65.536534924    9.868760652
    2.951193099   -3.141592654   29.969923635  -65.309602281   13.219109769

   -3.141592654   -2.792526803   25.882752807  -49.875710895   24.082054828
   -2.951193099   -2.792526803   17.895191320  -33.384976493   26.476576548
   -2.760793544   -2.792526803   13.339080187  -14.625714457   27.845131165
   -2.570393989   -2.792526803   12.172094821    1.534082269   28.312969034
   -2.379994435   -2.792526803   13.549109277   11.766255177   28.246582621
   -2.189594880   -2.792526803   16.237608314   15.468653894   28.195060216
   -1.999195325   -2.792526803   19.161767846   14.798005347   28.687792745
   -1.808795770   -2.792526803   21.831512447   13.442056723   29.954053532
   -1.618396215   -2.792526803   24.451595883   14.678018319   31.724001048
   -1.427996661   -2.792526803   27.678580954   19.819180616   33.268873019
   -1.237597106   -2.792526803   32.185406845   27.734905387   33.684136149
   -1.047197551   -2.792526803   38.252973239   35.699366387   32.275147078
   -0.856797996   -2.792526803   45.596935243   40.591382205   28.818897465
   -0.666398442   -2.792526803   53.386410161   40.052837844   23.611062710
   -0.475998887   -2.792526803   60.450772682   32.889228001   17.282167362
   -0.285599332   -2.792526803   65.516484566   19.190399474   10.553711758
   -0.095199777   -2.792526803   67.449463527    0.369579007    4.023861199
    0.095199777   -2.792526803   65.532607987  -20.602305398   -1.910383086
    0.285599332   -2.792526803   59.776702392  -39.041352430   -7.007287833
    0.475998887   -2.792526803   51.199506878  -49.349432492  -11.073651069
    0.666398442   -2.792526803   41.822189698  -46.896355698  -13.894402135
    0.856797996   -2.792526803   34.247032801  -30.619235527  -15.268272851
    1.047197551   -2.792526803   30.809459481   -4.490097834  -15.115081972
    1.237597106   -2.792526803   32.670048027   23.503266383  -13.574421204
    1.427996661   -2.792526803   39.318896610   44.496411130  -10.982812600
    1.618396215   -2.792526803   48.765819002   52.225393116   -7.745163131
    1.808795770   -2.792526803   58.255676182   45.082054008   -4.160865318
    1.999195325   -2.792526803   65.162926694   25.853790223   -0.355923846
    2.189594880   -2.792526803   67.681417673    0.018804311    3.676106294
    2.379994435   -2.792526803   65.150436700  -26.159382264    7.947289307
    2.570393989   -2.792526803   58.057820799  -47.067302215   12.377664380
    2.760793544   -2.792526803   47.822183626  -58.713840457   16.750232157
    2.951193099   -2.792526803   36.411171306  -59.366962168   20.757816871

   -3.141592654   -2.443460953   34.398663577  -45.040080672   22.839116649
   -2.951193099   -2.443460953   27.162441496  -30.367201396   24.861233204
   -2.760793544   -2.443460953   23.006995765  -13.401783340   25.931050701
   -2.570393989   -2.443460953   21.930088136    1.356526882   26.169576080
   -2.379994435   -2.443460953   23.199115884   10.961937751   25.876419933
   -2.189594880   -2.443460953   25.750553726   14.986113000   25.475124210
   -1.999195325   -2.443460953   28.673445764   15.339579726   25.345738414
   -1.808795770   -2.443460953   31.550405078   15.003265466   25.606782158
   -1.618396215   -2.443460953   34.500519127   16.373005678   25.983273377
   -1.427996661   -2.443460953   37.945535466   20.152672178   25.879687368
   -1.237597106   -2.443460953   42.264490479   25.239571967   24.632902849
   -1.047197551   -2.443460953   47.515846759   29.581216211   21.820320775
   -0.856797996   -2.443460953   53.359444018   31.087443906   17.437276893
   -0.666398442   -2.443460953   59.099889343   28.285301503   11.901028283
   -0.475998887   -2.443460953   63.830789996   20.430192772    5.864407620
   -0.285599332   -2.443460953   66.577044866    7.516723305    0.000841695
   -0.095199777   -2.443460953   66.446479204   -9.499694175   -5.179471121
    0.095199777   -2.443460953   62.862987442  -28.198181683   -9.399747892
    0.285599332   -2.443460953   55.884331487  -44.297128234  -12.571825981
    0.475998887   -2.443460953   46.520545987  -52.368145655  -14.702384894
    0.666398442   -2.443460953   36.770971990  -47.797216489  -15.803095297
    0.856797996   -2.443460953   29.215066179  -29.526183222  -15.874663287
    1.047197551   -2.443460953   26.157668762   -1.623245194  -14.939577968
    1.237597106   -2.443460953   28.702937804   27.770515977  -13.094080723
    1.427996661   -2.443460953   36.261617933   49.716548929  -10.515111705
    1.618396215   -2.443460953   46.763531528   58.046820708   -7.413795090
    1.808795770   -2.443460953   57.405796588   51.355605194   -3.951049446
    1.999195325   -2.443460953   65.552846682   32.614102327   -0.211174317
    2.189594880   -2.443460953   69.410804116    7.319523615    3.776395830
    2.379994435   -2.443460953   68.316229772  -18.414002833    7.959282982
    2.570393989   -2.443460953   62.715886974  -39.224210831   12.206789336
    2.760793544   -2.443460953   53.942190648  -51.311631226   16.287420705
    2.951193099   -2.443460953   43.852446600  -52.998962155   19.919804963

   -3.141592654   -2.094395102   41.146483598  -40.702346236   14.478687839
   -2.951193099   -2.094395102   34.611467254  -27.384492485   15.813993436
   -2.760793544   -2.094395102   30.884384973  -11.888613096   16.548819259
   -2.570393989   -2.094395102   29.961726939    1.505777235   16.709718017
   -2.379994435   -2.094395102   31.158572534   10.138172598   16.390922396
   -2.189594880   -2.094395102   33.504120936   13.738187857   15.748529488
   -1.999195325   -2.094395102   36.183316788   14.065023171   14.927450731
   -1.808795770   -2.094395102   38.813897488   13.630873679   13.950310763
   -1.618396215   -2.094395102   41.448445702   14.297092649   12.662386134
   -1.427996661   -2.094395102   44.360814111   16.495506694   10.795828986
   -1.237597106   -2.094395102   47.774635948   19.333887381    8.119193846
   -1.047197551   -2.094395102   51.675998296   21.366334691    4.595040694
   -0.856797996   -2.094395102   55.784051220   21.252072296    0.433673406
   -0.666398442   -2.094395102   59.589363672   18.023293917   -3.947236068
   -0.475998887   -2.094395102   62.429398527   11.045420609   -8.074390934
   -0.285599332   -2.094395102   63.552885274   -0.005670945  -11.554400233
   -0.095199777   -2.094395102   62.206151470  -14.721265854  -14.171581690
    0.095199777   -2.094395102   57.843698633  -31.205941024  -15.909968843
    0.285599332   -2.094395102   50.471215205  -45.506270109  -16.884901938
    0.475998887   -2.094395102   41.009074774  -52.254405402  -17.260152231
    0.666398442   -2.094395102   31.377172171  -46.706970649  -17.152478920
    0.856797996   -2.094395102   24.107472778  -27.611871240  -16.596342909
    1.047197551   -2.094395102   21.490831948    1.103757740  -15.544410426
    1.237597106   -2.094395102   24.633021484   31.320304823  -13.926312570
    1.427996661   -2.094395102   32.944107547   54.053603405  -11.720723111
    1.618396215   -2.094395102   44.340981125   63.090064239   -8.994599133
    1.808795770   -2.094395102   56.002905666   56.997084138   -5.883274197
    1.999195325   -2.094395102   65.273767323   38.751747568   -2.554499577
    2.189594880   -2.094395102   70.339416676   13.832134365    0.840919102
    2.379994435   -2.094395102   70.507749915  -11.705279740    4.170693255
    2.570393989   -2.094395102   66.183202392  -32.594593778    7.316493842
    2.760793544   -2.094395102   58.638501005  -45.101025080   10.154535849
    2.951193099   -2.094395102   49.664053407  -47.563028932   12.572235947

   -3.141592654   -1.745329252   43.681896875  -38.774911131    6.177581930
   -2.951193099   -1.745329252   37.461375183  -26.025565701    6.711600834
   -2.760793544   -1.745329252   33.934549310  -11.161178771    6.957131001
   -2.570393989   -1.745329252   33.082146759    1.498041876    6.897638231
   -2.379994435   -1.745329252   34.201302568    9.316012102    6.487677699
   -2.189594880   -1.745329252   36.307679018   12.035973963    5.671876923
   -1.999195325   -1.745329252   38.569742040   11.358564797    4.386556391
   -1.808795770   -1.745329252   40.572607276    9.702305768    2.555303378
   -1.618396215   -1.745329252   42.325268618    8.939927541    0.122121391
   -1.427996661   -1.745329252   44.079119988    9.718296203   -2.877091106
   -1.237597106   -1.745329252   46.095819210   11.549651906   -6.266954517
   -1.047197551   -1.745329252   48.481015154   13.388802578   -9.738831446
   -0.856797996   -1.745329252   51.132842818   14.110400039  -12.936500476
   -0.666398442   -1.745329252   53.731600819   12.617357902  -15.540258857
   -0.475998887   -1.745329252   55.751473856    7.885223761  -17.359394073
   -0.285599332   -1.745329252   56.489131303   -0.931860858  -18.356831180
   -0.095199777   -1.745329252   55.144643957  -13.878659830  -18.638526310
    0.095199777   -1.745329252   51.055603737  -29.303226410  -18.421467262
    0.285599332   -1.745329252   44.087390305  -43.272475237  -17.950101819
    0.475998887   -1.745329252   35.036685351  -50.221572372  -17.430304982
    0.666398442   -1.745329252   25.753577010  -45.075362602  -16.947565486
    0.856797996   -1.745329252   18.767501522  -26.207460717  -16.442030014
    1.047197551   -1.745329252   16.430907013    2.724817531  -15.723549275
    1.237597106   -1.745329252   19.941769363   33.633586613  -14.559511736
    1.427996661   -1.745329252   28.785375659   57.341521644  -12.800705109
    1.618396215   -1.745329252   40.901394368   67.311152615  -10.460742231
    1.808795770   -1.745329252   53.432258872   61.822542060   -7.710997720
    1.999195325   -1.745329252   63.645545992   43.744720713   -4.817812628
    2.189594880   -1.745329252   69.647059048   18.603832179   -2.036674342
    2.379994435   -1.745329252   70.682637906   -7.404304401    0.440261949
    2.570393989   -1.745329252   67.122127609  -28.890726441    2.508206737
    2.760793544   -1.745329252   60.223731840  -42.020226092    4.131624226
    2.951193099   -1.745329252   51.779129044  -45.076842643    5.336131820

   -3.141592654   -1.396263402   42.513603995  -39.403228422    3.575323537
   -2.951193099   -1.396263402   36.166504321  -26.709608893    3.397252067
   -2.760793544   -1.396263402   32.514068107  -11.796937403    2.957530745
   -2.570393989   -1.396263402   31.542453603    0.856066787    2.272465316
   -2.379994435   -1.396263402   32.523011841    8.444733186    1.265965674
   -2.189594880   -1.396263402   34.411041569   10.534339350   -0.215914829
   -1.999195325   -1.396263402   36.286789544    8.720317865   -2.352625590
   -1.808795770   -1.396263402   37.645803873    5.535282142   -5.258574108
   -1.618396215   -1.396263402   38.456867108    3.265608992   -8.873290850
   -1.427996661   -1.396263402   39.029713588    3.136559096  -12.886564692
   -1.237597106   -1.396263402   39.790041982    5.141620283  -16.776070603
   -1.047197551   -1.396263402   41.067669461    8.345410173  -19.948974559
   -0.856797996   -1.396263402   42.964156342   11.328052311  -21.945331604
   -0.666398442   -1.396263402   45.277893523   12.402440788  -22.571942325
   -0.475998887   -1.396263402   47.482239091    9.945629434  -21.950017893
   -0.285599332   -1.396263402   48.772222298    2.665545056  -20.438300904
   -0.095199777   -1.396263402   48.185027932   -9.693681986  -18.498266486
    0.095199777   -1.396263402   44.875472434  -25.443187050  -16.570593744
    0.285599332   -1.396263402   38.553038038  -40.440658501  -14.953192560
    0.475998887   -1.396263402   29.913525816  -48.743167439  -13.769067408
    0.666398442   -1.396263402   20.790320223  -44.810402615  -12.959772100
    0.856797996   -1.396263402   13.784039771  -26.563219621  -12.342191199
    1.047197551   -1.396263402   11.388678588    2.599990280  -11.671396015
    1.237597106   -1.396263402   14.961948516   34.500943696  -10.722010280
    1.427996661   -1.396263402   24.099882267   59.565920788   -9.371038592
    1.618396215   -1.396263402   36.760306159   70.726589982   -7.622932745
    1.808795770   -1.396263402   50.010431250   65.832637024   -5.595713982
    1.999195325   -1.396263402   60.986550599   47.625506482   -3.471005507
    2.189594880   -1.396263402   67.666257453   21.761084407   -1.428501760
    2.379994435   -1.396263402   69.207976911   -5.275880003    0.377634324
    2.570393989   -1.396263402   65.951397751  -27.815249129    1.830985837
    2.760793544   -1.396263402   59.171587446  -41.806662115    2.852170333
    2.951193099   -1.396263402   50.708637715  -45.433141095    3.421189685

   -3.141592654   -1.047197551   40.505460279  -41.819884831    3.516277528
   -2.951193099   -1.047197551   33.691667557  -29.137450798    2.375032002
   -2.760793544   -1.047197551   29.603414341  -13.918431979    0.898583424
   -2.570393989   -1.047197551   28.262092707   -0.935164569   -0.786544299
   -2.379994435   -1.047197551   28.909124096    6.643238761   -2.680133708
   -2.189594880   -1.047197551   30.405219387    8.104139380   -4.923267433
   -1.999195325   -1.047197551   31.707603960    5.045986574   -7.719645995
   -1.808795770   -1.047197551   32.225862016    0.390120792  -11.171514070
   -1.618396215   -1.047197551   31.947943363   -2.888809541  -15.109093554
   -1.427996661   -1.047197551   31.338407598   -2.898217821  -19.027174630
   -1.237597106   -1.047197551   31.075197031    0.665173547  -22.209209405
   -1.047197551   -1.047197551   31.747196578    6.605230094  -23.986504538
   -0.856797996   -1.047197551   33.617651083   12.799971277  -24.009343635
   -0.666398442   -1.047197551   36.492384071   16.687084607  -22.374102219
   -0.475998887   -1.047197551   39.698827299   15.962654833  -19.571853172
   -0.285599332   -1.047197551   42.190619242    9.040334588  -16.292802340
   -0.095199777   -1.047197551   42.749491374   -4.223327822  -13.180138050
    0.095199777   -1.047197551   40.326545887  -21.693533299  -10.650424336
    0.285599332   -1.047197551   34.530046114  -38.658854647   -8.789439012
    0.475998887   -1.047197551   26.063072005  -48.616441984   -7.426887874
    0.666398442   -1.047197551   16.861248813  -45.628245098   -6.279973906
    0.856797996   -1.047197551    9.680731196  -27.442563797   -5.133654612
    1.047197551   -1.047197551    7.178459368    2.453402812   -3.926203578
    1.237597106   -1.047197551   10.835374677   35.547342221   -2.720999559
    1.427996661   -1.047197551   20.293051154   61.831645220   -1.621138993
    1.618396215   -1.047197551   33.474388925   73.836464661   -0.661616997
    1.808795770   -1.047197551   47.350030472   69.178734741    0.209402392
    1.999195325   -1.047197551   58.937077580   50.601777739    1.085842635
    2.189594880   -1.047197551   66.110546159   23.908334659    2.024601477
    2.379994435   -1.047197551   67.960536980   -4.211923601    2.978172749
    2.570393989   -1.047197551   64.796203018  -27.911105407    3.787890198
    2.760793544   -1.047197551   57.893558200  -42.969961108    4.239688566
    2.951193099   -1.047197551   49.126191034  -47.415936432    4.166702857

   -3.141592654   -0.698131701   40.225544379  -45.082856191    2.797217649
   -2.951193099   -0.698131701   32.740385794  -32.842776617    0.559831420
   -2.760793544   -0.698131701   27.939264322  -17.640828093   -2.034223695
   -2.570393989   -0.698131701   25.903019986   -4.518257106   -4.712663398
   -2.379994435   -0.698131701   25.866850390    2.982811729   -7.357127368
   -2.189594880   -0.698131701   26.621573618    3.891794916  -10.062209252
   -1.999195325   -0.698131701   27.035680737   -0.106658559  -13.035787598
   -1.808795770   -0.698131701   26.486478427   -5.594110778  -16.362289757
   -1.618396215   -0.698131701   25.049821613   -8.879781325  -19.784995277
   -1.427996661   -0.698131701   23.404470598   -7.536091878  -22.674556621
   -1.237597106   -0.698131701   22.497930378   -1.254426836  -24.251598983
   -1.047197551   -0.698131701   23.129646985    8.152323564  -23.946948966
   -0.856797996   -0.698131701   25.615152206   17.586462317  -21.692943325
   -0.666398442   -0.698131701   29.625298270   23.576337707  -17.978396650
   -0.475998887   -0.698131701   34.216623246   23.335610675  -13.649472348
   -0.285599332   -0.698131701   38.033475928   15.367933520   -9.582940041
   -0.095199777   -0.698131701   39.616530742    0.101772859   -6.361937711
    0.095199777   -0.698131701   37.811219918  -19.482380135   -4.117372908
    0.285599332   -0.698131701   32.280329824  -37.928283065   -2.537623726
    0.475998887   -0.698131701   23.892380644  -48.338044585   -1.110078939
    0.666398442   -0.698131701   14.777300820  -44.882890610    0.579486341
    0.856797996   -0.698131701    7.823855108  -25.804553756    2.604978033
    1.047197551   -0.698131701    5.712050682    4.835639513    4.675712740
    1.237597106   -0.698131701    9.855043664   38.156560986    6.340343728
    1.427996661   -0.698131701   19.790294918   64.163378992    7.250679252
    1.618396215   -0.698131701   33.368276323   75.652789705    7.368506669
    1.808795770   -0.698131701   47.543128065   70.529730485    6.948281126
    1.999195325   -0.698131701   59.357103360   51.660535692    6.380007371
    2.189594880   -0.698131701   66.711146848   24.742973404    5.970790587
    2.379994435   -0.698131701   68.688030137   -3.757327329    5.801126570
    2.570393989   -0.698131701   65.548710944  -28.164061550    5.698506156
    2.760793544   -0.698131701   58.504415967  -44.239804023    5.339959687
    2.951193099   -0.698131701   49.389102653  -49.794910510    4.421222491

   -3.141592654   -0.349065850   40.685460668  -49.530902427    2.065280941
   -2.951193099   -0.349065850   32.264255747  -38.123778512   -0.823857506
   -2.760793544   -0.349065850   26.423700851  -23.174143769   -3.970889781
   -2.570393989   -0.349065850   23.345348318   -9.888817102   -7.051939717
   -2.379994435   -0.349065850   22.307935160   -2.189739206   -9.903063681
   -2.189594880   -0.349065850   22.076150428   -1.350592762  -12.586049184
   -1.999195325   -0.349065850   21.467594332   -5.603761779  -15.266988608
   -1.808795770   -0.349065850   19.868952069  -11.002836764  -17.956493438
   -1.618396215   -0.349065850   17.487165271  -13.178135425  -20.311479056
   -1.427996661   -0.349065850   15.237482297   -9.356185403  -21.677526170
   -1.237597106   -0.349065850   14.309060987    0.451142090  -21.390871353
   -1.047197551   -0.349065850   15.619192640   13.500447104  -19.161921190
   -0.856797996   -0.349065850   19.398693948   25.578448114  -15.293765810
   -0.666398442   -0.349065850   25.045070174   32.441887312  -10.601276304
   -0.475998887   -0.349065850   31.255936354   31.189133054   -6.068461481
   -0.285599332   -0.349065850   36.360691654   20.896404469   -2.459994134
   -0.095199777   -0.349065850   38.742223005    2.988067180   -0.024371917
    0.095199777   -0.349065850   37.287007825  -18.497118480    1.551525613
    0.285599332   -0.349065850   31.871175110  -37.451909053    2.965199039
    0.475998887   -0.349065850   23.639376319  -46.984365242    4.910293668
    0.666398442   -0.349065850   14.930306934  -41.947869279    7.693447849
    0.856797996   -0.349065850    8.672968230  -21.581891430   11.028961000
    1.047197551   -0.349065850    7.407416838    9.270471463   14.155415399
    1.237597106   -0.349065850   12.314956338   41.552431778   16.236573847
    1.427996661   -0.349065850   22.731794365   65.762205703   16.770264581
    1.618396215   -0.349065850   36.439785129   75.487481796   15.822125878
    1.808795770   -0.349065850   50.464878263   69.266814669   13.919362750
    1.999195325   -0.349065850   62.001135301   50.135647879   11.758671034
    2.189594880   -0.349065850   69.085681555   23.490844382    9.873077678
    2.379994435   -0.349065850   70.854205257   -4.737727150    8.448851384
    2.570393989   -0.349065850   67.520162100  -29.329517360    7.312762260
    2.760793544   -0.349065850   60.186287859  -46.210946492    6.086779390
    2.951193099   -0.349065850   50.582165143  -53.003396959    4.399553989

   -3.141592654    0.000000000   41.472553450  -54.381352862    1.249596276
   -2.951193099    0.000000000   32.055167578  -43.625321828   -1.414294998
   -2.760793544    0.000000000   25.150564544  -28.737020234   -4.176524474
   -2.570393989    0.000000000   21.046956815  -15.037317716   -6.806294886
   -2.379994435    0.000000000   19.080878135   -6.802965026   -9.195275967
   -2.189594880    0.000000000   18.009427571   -5.589367813  -11.392101568
   -1.999195325    0.000000000   16.620794871   -9.536119069  -13.473742760
   -1.808795770    0.000000000   14.330870100  -14.207006236  -15.328389033
   -1.618396215    0.000000000   11.481213239  -14.694441165  -16.545465549
   -1.427996661    0.000000000    9.190369026   -8.116556005  -16.548886826
   -1.237597106    0.000000000    8.806901468    4.941591549  -14.922691525
   -1.047197551    0.000000000   11.246992368   20.696459967  -11.721017762
   -0.856797996    0.000000000   16.539108014   33.957065692   -7.536674795
   -0.666398442    0.000000000   23.742405819   40.109886561   -3.280160451
   -0.475998887    0.000000000   31.220709746   36.646178218    0.229112555
   -0.285599332    0.000000000   37.105494298   23.643078494    2.597913782
   -0.095199777    0.000000000   39.797204433    3.690461353    4.020895440
    0.095199777    0.000000000   38.400170426  -18.290646564    5.165263669
    0.285599332    0.000000000   33.117121331  -36.001668718    6.857144429
    0.475998887    0.000000000   25.377609563  -43.168777593    9.662276559
    0.666398442    0.000000000   17.624313566  -35.864787771   13.558918317
    0.856797996    0.000000000   12.644328018  -14.575123983   17.869343176
    1.047197551    0.000000000   12.645657036   15.226904871   21.519595066
    1.237597106    0.000000000   18.448451573   44.787154827   23.533031197
    1.427996661    0.000000000   29.162716283   65.661151359   23.450274054
    1.618396215    0.000000000   42.571905599   72.633720226   21.495062614
    1.808795770    0.000000000   55.894423396   64.993083002   18.384262128
    1.999195325    0.000000000   66.592408332   45.801447487   14.972039847
    2.189594880    0.000000000   72.915947090   19.912340456   11.898077192
    2.379994435    0.000000000   74.085617833   -7.498124062    9.421867385
    2.570393989    0.000000000   70.265983220  -31.785274464    7.429843507
    2.760793544    0.000000000   62.435440635  -49.086242224    5.601541049
    2.951193099    0.000000000   52.198960084  -56.828092246    3.602815570

   -3.141592654    0.349065850   42.986964562  -58.022017073    1.249035681
   -2.951193099    0.349065850   32.823638453  -47.744804849   -0.383510583
   -2.760793544    0.349065850   25.115664910  -32.977958685   -1.959908035
   -2.570393989    0.349065850   20.219199628  -19.080684361   -3.443851603
   -2.379994435    0.349065850   17.511584155  -10.539980537   -4.860445300
   -2.189594880    0.349065850   15.756233886   -9.029777416   -6.280378437
   -1.999195325    0.349065850   13.750217266  -12.521372337   -7.705466438
   -1.808795770    0.349065850   10.975141395  -16.189824062   -8.936160884
   -1.618396215    0.349065850    7.906934496  -14.866805963   -9.568442467
   -1.427996661    0.349065850    5.808573716   -5.862753902   -9.177856218
   -1.237597106    0.349065850    6.085779959    9.538894697   -7.588718480
   -1.047197551    0.349065850    9.555421780   26.695414852   -5.041650067
   -0.856797996    0.349065850   16.006895160   39.871099925   -2.121519692
   -0.666398442    0.349065850   24.216193400   44.582704737    0.513955109
   -0.475998887    0.349065850   32.351775344   39.048732872    2.471515954
   -0.285599332    0.349065850   38.521674283   24.381560519    3.798192811
   -0.095199777    0.349065850   41.292969213    4.050423382    4.972892184
    0.095199777    0.349065850   40.059724529  -16.662789053    6.691628679
    0.285599332    0.349065850   35.315466742  -31.824870476    9.539085902
    0.475998887    0.349065850   28.645005502  -36.186310393   13.671569210
    0.666398442    0.349065850   22.415871174  -27.123116324   18.636630636
    0.856797996    0.349065850   19.111994857   -6.112188358   23.454915195
    1.047197551    0.349065850   20.520118917   21.205588134   26.964317492
    1.237597106    0.349065850   27.100491600   46.836796913   28.298492459
    1.427996661    0.349065850   37.808394784   63.646015197   27.226470988
    1.618396215    0.349065850   50.524493572   67.624362939   24.199281303
    1.808795770    0.349065850   62.740389315   58.672097079   20.084188990
    1.999195325    0.349065850   72.236957409   39.717834806   15.792879423
    2.189594880    0.349065850   77.503404361   14.985030483   11.971426711
    2.379994435    0.349065850   77.861981360  -11.128211676    8.894716258
    2.570393989    0.349065850   73.442975861  -34.556004171    6.509149907
    2.760793544    0.349065850   65.111827570  -51.687663807    4.592080980
    2.951193099    0.349065850   54.347733952  -59.836459342    2.893731313

   -3.141592654    0.698131701   44.429465911  -59.684526770    0.084585716
   -2.951193099    0.698131701   33.942153537  -49.470075756   -0.157769922
   -2.760793544    0.698131701   25.892877486  -34.829224183   -0.243822685
   -2.570393989    0.698131701   20.628322871  -21.095166602   -0.333178620
   -2.379994435    0.698131701   17.517400209  -12.755675435   -0.572119239
   -2.189594880    0.698131701   15.324229126  -11.380346645   -1.054583822
   -1.999195325    0.698131701   12.879747098  -14.697934666   -1.754912237
   -1.808795770    0.698131701    9.750195122  -17.626879968   -2.485224159
   -1.618396215    0.698131701    6.526182597  -14.983862134   -2.952399611
   -1.427996661    0.698131701    4.554292204   -4.423989923   -2.914349653
   -1.237597106    0.698131701    5.230304223   12.176180394   -2.328116570
   -1.047197551    0.698131701    9.251900409   29.691545905   -1.382263393
   -0.856797996    0.698131701   16.233265740   42.305460685   -0.362468673
   -0.666398442    0.698131701   24.809815063   45.984864879    0.545235277
   -0.475998887    0.698131701   33.128147062   39.667957244    1.421227645
   -0.285599332    0.698131701   39.411677153   25.148101684    2.607811977
   -0.095199777    0.698131701   42.441878521    6.216497172    4.579271502
    0.095199777    0.698131701   41.842044895  -12.041697153    7.727904893
    0.285599332    0.698131701   38.247280883  -24.391096740   12.129465622
    0.475998887    0.698131701   33.215587795  -26.614020727   17.406568511
    0.666398442    0.698131701   28.886608401  -17.087971160   22.731197792
    0.856797996    0.698131701   27.364133229    2.184801781   27.035901989
    1.047197551    0.698131701   30.026383370   25.822854417   29.365183456
    1.237597106    0.698131701   37.051101820   46.846398315   29.229054161
    1.427996661    0.698131701   47.342407035   59.437840895   26.773731328
    1.618396215    0.698131701   58.964211260   60.632778384   22.676117865
    1.808795770    0.698131701   69.729886073   50.727379297   17.840838491
    1.999195325    0.698131701   77.750383225   32.360416726   13.088089803
    2.189594880    0.698131701   81.746854973    9.088029468    8.955158365
    2.379994435    0.698131701   81.139927739  -15.396915421    5.681470709
    2.570393989    0.698131701   76.041391943  -37.496480990    3.278552553
    2.760793544    0.698131701   67.237163680  -53.798718190    1.646345507
    2.951193099    0.698131701   56.112048305  -61.573299934    0.634200366

   -3.141592654    1.047197551   43.133068739  -59.811459264   -4.404167653
   -2.951193099    1.047197551   32.697160583  -48.843631523   -3.597779494
   -2.760793544    1.047197551   24.806135166  -33.851454639   -2.518990025
   -2.570393989    1.047197551   19.731643957  -20.125184333   -1.458433350
   -2.379994435    1.047197551   16.781103917  -12.067624989   -0.624902278
   -2.189594880    1.047197551   14.680390270  -11.098492182   -0.124835803
   -1.999195325    1.047197551   12.254276720  -14.760777536    0.037524704
   -1.808795770    1.047197551    9.095819695  -17.826462288   -0.060600390
   -1.618396215    1.047197551    5.837719189  -15.119156759   -0.307724571
   -1.427996661    1.047197551    3.852013496   -4.449726407   -0.615083237
   -1.237597106    1.047197551    4.524078704   12.112617995   -0.930504670
   -1.047197551    1.047197551    8.515970112   29.418047241   -1.201032338
   -0.856797996    1.047197551   15.426131235   41.864623579   -1.291831395
   -0.666398442    1.047197551   23.936401493   45.845116579   -0.955873499
   -0.475998887    1.047197551   32.321400018   40.665533133    0.140814785
   -0.285599332    1.047197551   38.980094447   28.232106236    2.308730383
   -0.095199777    1.047197551   42.852723234   12.051681943    5.703592594
    0.095199777    1.047197551   43.631308609   -3.467873756   10.223349878
    0.285599332    1.047197551   41.866782981  -13.958118026   15.431333384
    0.475998887    1.047197551   38.870612237  -15.998063837   20.593837262
    0.666398442    1.047197551   36.417596572   -8.344970866   24.810591550
    0.856797996    1.047197551   36.233771630    7.262645123   27.263145701
    1.047197551    1.047197551   39.431582441   26.312873344   27.475613276
    1.237597106    1.047197551   46.123432631   42.995994360   25.466798985
    1.427996661    1.047197551   55.357773686   52.441759124   21.727711688
    1.618396215    1.047197551   65.473879974   52.073638764   17.002217958
    1.808795770    1.047197551   74.577059531   42.015898480   12.020601425
    1.999195325    1.047197551   81.002089753   24.413007654    7.324581663
    2.189594880    1.047197551   83.596497264    2.350787268    3.229423023
    2.379994435    1.047197551   81.835543484  -20.769908835   -0.095021701
    2.570393989    1.047197551   75.847925162  -41.453009486   -2.547900490
    2.760793544    1.047197551   66.424866146  -56.343970337   -4.059580744
    2.951193099    1.047197551   54.941845411  -62.797130112   -4.638207212

   -3.141592654    1.396263402   38.832686945  -58.804574608  -11.084577877
   -2.951193099    1.396263402   28.740651203  -46.323073723   -9.948917532
   -2.760793544    1.396263402   21.420887939  -30.491677750   -8.320351194
   -2.570393989    1.396263402   17.010809900  -16.610101347   -6.498804276
   -2.379994435    1.396263402   14.697966298   -8.958683862   -4.676691812
   -2.189594880    1.396263402   13.119203472   -8.770218774   -2.956790849
   -1.999195325    1.396263402   11.044825571  -13.418109282   -1.413544741
   -1.808795770    1.396263402    8.041687417  -17.542671844   -0.145721030
   -1.618396215    1.396263402    4.738214733  -15.871715687    0.723037356
   -1.427996661    1.396263402    2.522493393   -6.082655446    1.100355797
   -1.237597106    1.396263402    2.828533902    9.967210133    1.023688637
   -1.047197551    1.396263402    6.414458894   27.422224331    0.720383556
   -0.856797996    1.396263402   13.029342549   40.916659759    0.603534142
   -0.666398442    1.396263402   21.536236290   46.904814099    1.152108114
   -0.475998887    1.396263402   30.374598872   44.449435554    2.764656852
   -0.285599332    1.396263402   38.034009935   34.928767220    5.624310394
   -0.095199777    1.396263402   43.424316494   21.155970500    9.618801518
    0.095199777    1.396263402   46.073405372    6.823296616   14.340563683
    0.285599332    1.396263402   46.247028491   -4.199588089   19.107637998
    0.475998887    1.396263402   44.911621234   -8.603374264   23.091226988
    0.666398442    1.396263402   43.523711006   -4.726072083   25.497522568
    0.856797996    1.396263402   43.618292425    6.575794564   25.812552816
    1.047197551    1.396263402   46.308156903   21.828705189   23.973764556
    1.237597106    1.396263402   51.885044710   36.023204496   20.373441481
    1.427996661    1.396263402   59.676296746   44.486707113   15.701914231
    1.618396215    1.396263402   68.278645198   44.255819351   10.667689696
    1.808795770    1.396263402   75.949890844   34.813828141    5.777613618
    1.999195325    1.396263402   81.063536161   17.810207668    1.283175173
    2.189594880    1.396263402   82.447217134   -3.769574077   -2.728733306
    2.379994435    1.396263402   79.572916577  -26.293881206   -6.176764951
    2.570393989    1.396263402   72.622192213  -45.945068461   -8.901158415
    2.760793544    1.396263402   62.485998435  -59.246689409  -10.690335320
    2.951193099    1.396263402   50.632489127  -63.732604836  -11.406791043

   -3.141592654    1.745329252   32.270136995  -57.734655059  -16.938523213
   -2.951193099    1.745329252   22.563078503  -43.435900635  -16.018039848
   -2.760793544    1.745329252   15.915606217  -26.435400495  -14.346101521
   -2.570393989    1.745329252   12.337042344  -12.033129285  -12.165075092
   -2.379994435    1.745329252   10.901336675   -4.400279169   -9.633590360
   -2.189594880    1.745329252   10.153940098   -4.664139150   -6.851281894
   -1.999195325    1.745329252    8.787640351  -10.153719628   -3.937169850
   -1.808795770    1.745329252    6.297928700  -15.468872900   -1.100128226
   -1.618396215    1.745329252    3.259196891  -15.183516709    1.376702360
   -1.427996661    1.745329252    1.052669729   -6.621132938    3.236709165
   -1.237597106    1.745329252    1.188168962    8.840534899    4.399656996
   -1.047197551    1.745329252    4.586457836   26.764130079    5.044208959
   -0.856797996    1.745329252   11.213133748   41.868768512    5.581170489
   -0.666398442    1.745329252   20.125140350   50.295833227    6.486906681
   -0.475998887    1.745329252   29.862549206   50.470045304    8.111328786
   -0.285599332    1.745329252   38.882326621   43.042211697   10.536208905
   -0.095199777    1.745329252   45.929714849   30.221633082   13.511575225
    0.095199777    1.745329252   50.275813562   15.312335624   16.510238500
    0.285599332    1.745329252   51.884232422    2.134289585   18.825082100
    0.475998887    1.745329252   51.445794478   -5.682332307   19.779805438
    0.666398442    1.745329252   50.238219394   -5.768779518   18.951575155
    0.856797996    1.745329252   49.776908232    1.924909507   16.364176041
    1.047197551    1.745329252   51.322834401   14.694413800   12.499234462
    1.237597106    1.745329252   55.421964965   27.869792119    8.098588933
    1.427996661    1.745329252   61.664321935   36.520830516    3.870121481
    1.618396215    1.745329252   68.818758695   37.043530005    0.210113698
    1.808795770    1.745329252   75.187009078   28.287734947   -2.879128248
    1.999195325    1.745329252   79.093978403   11.599229791   -5.653713843
    2.189594880    1.745329252   79.303582451   -9.893416206   -8.386164859
    2.379994435    1.745329252   75.282632104  -32.135100095  -11.145313164
    2.570393989    1.745329252   67.292172615  -50.891691350  -13.727175293
    2.760793544    1.745329252   56.358491776  -62.550639065  -15.754353757
    2.951193099    1.745329252   44.074974673  -64.875945556  -16.878052338

   -3.141592654    2.094395102   25.211660092  -57.577853450  -18.725361218
   -2.951193099    2.094395102   15.698349952  -41.615739097  -17.941993319
   -2.760793544    2.094395102    9.527041654  -23.330866055  -16.223473725
   -2.570393989    2.094395102    6.634848558   -7.978286558  -13.756605009
   -2.379994435    2.094395102    6.043975565    0.387077590  -10.702660173
   -2.189594880    2.094395102    6.263908591    0.669537995   -7.189723540
   -1.999195325    2.094395102    5.942485667   -4.584880676   -3.362905028
   -1.808795770    2.094395102    4.498038052  -10.153514432    0.547509496
   -1.618396215    2.094395102    2.404619644  -10.655023812    4.220311567
   -1.427996661    2.094395102    0.959025835   -3.185525986    7.323911865
   -1.237597106    2.094395102    1.653098592   11.319256232    9.659040859
   -1.047197551    2.094395102    5.476756037   28.867712658   11.255002255
   -0.856797996    2.094395102   12.528667657   44.348043864   12.360941379
   -0.666398442    2.094395102   21.996558593   53.707624872   13.300881552
   -0.475998887    2.094395102   32.482652947   54.881978556   14.298031189
   -0.285599332    2.094395102   42.401751010   47.932903080   15.351112505
   -0.095199777    2.094395102   50.349441029   34.591495409   16.194659270
    0.095199777    2.094395102   55.379721375   17.918731802   16.383110881
    0.285599332    2.094395102   57.226936300    1.888166709   15.423341731
    0.475998887    2.094395102   56.423255687   -9.298077832   13.004259180
    0.666398442    2.094395102   54.227987117  -12.383125642    9.185864060
    0.856797996    2.094395102   52.312459048   -6.462974720    4.483807905
    1.047197551    2.094395102   52.223135831    6.186088812   -0.276890997
    1.237597106    2.094395102   54.810909903   20.693421202   -4.285964840
    1.427996661    2.094395102   59.875523614   31.361831422   -7.070318754
    1.618396215    2.094395102   66.226144049   33.650881201   -8.671573207
    1.808795770    2.094395102   72.047412445   25.763972106   -9.559874013
    1.999195325    2.094395102   75.473560407    8.930025848  -10.363379713
    2.189594880    2.094395102   75.107598659  -13.312067225  -11.565502188
    2.379994435    2.094395102   70.363367861  -36.235927736  -13.305187130
    2.570393989    2.094395102   61.575153199  -55.017455692  -15.348879536
    2.760793544    2.094395102   49.924135311  -65.806642498  -17.229594334
    2.951193099    2.094395102   37.161765867  -66.553519549  -18.462504859

   -3.141592654    2.443460953   18.824241719  -58.116919662  -12.237952065
   -2.951193099    2.443460953    9.362597312  -40.534643794  -11.065464094
   -2.760793544    2.443460953    3.555498784  -20.611158011   -9.208999574
   -2.570393989    2.443460953    1.331733758   -3.702185855   -6.828968397
   -2.379994435    2.443460953    1.692925071    6.078312108   -4.042899891
   -2.189594880    2.443460953    3.113874548    7.537174041   -0.880099124
   -1.999195325    2.443460953    4.181202245    3.042153803    2.675051778
   -1.808795770    2.443460953    4.213214252   -2.392519531    6.565441602
   -1.618396215    2.443460953    3.553101832   -3.483448689   10.566426666
   -1.427996661    2.443460953    3.368553874    2.807563952   14.292085483
   -1.237597106    2.443460953    5.069905130   15.890803916   17.323532116
   -1.047197551    2.443460953    9.638766512   32.172414498   19.372010028
   -0.856797996    2.443460953   17.228547498   46.753204616   20.374152507
   -0.666398442    2.443460953   27.094831256   55.508735482   20.450344420
   -0.475998887    2.443460953   37.868686137   56.063623776   19.772626951
   -0.285599332    2.443460953   47.925679874   48.093162623   18.430398910
   -0.095199777    2.443460953   55.753895785   33.051858999   16.351443658
    0.095199777    2.443460953   60.270484046   13.954080176   13.347656841
    0.285599332    2.443460953   61.096864618   -4.888869855    9.242712390
    0.475998887    2.443460953   58.753125923  -18.580047178    4.089673045
    0.666398442    2.443460953   54.638320424  -22.994561467   -1.681163599
    0.856797996    2.443460953   50.714712541  -16.607533624   -7.270603652
    1.047197551    2.443460953   48.883982657   -1.693918493  -11.759362670
    1.237597106    2.443460953   50.281540792   16.169518901  -14.478138972
    1.427996661    2.443460953   54.809488048   30.150421517  -15.280068657
    1.618396215    2.443460953   61.164853703   34.680713475  -14.591159662
    1.808795770    2.443460953   67.271627772   27.479384372  -13.185765639
    1.999195325    2.443460953   70.973942541    9.935540851  -11.857779741
    2.189594880    2.443460953   70.664500938  -13.780720986  -11.138189118
    2.379994435    2.443460953   65.684550846  -38.173834379  -11.167235758
    2.570393989    2.443460953   56.431867002  -57.816478258  -11.720181019
    2.760793544    2.443460953   44.235585986  -68.580274988  -12.362056094
    2.951193099    2.443460953   31.014211762  -68.479483229  -12.639277891

   -3.141592654    2.792526803   16.241013426  -57.081167836    0.742525322
   -2.951193099    2.792526803    7.053439386  -38.710736784    2.537656795
   -2.760793544    2.792526803    1.667549557  -18.037049337    4.435027440
   -2.570393989    2.792526803    0.000000000   -0.445516863    6.358917970
   -2.379994435    2.792526803    1.047407528   10.038439520    8.340928669
   -2.189594880    2.792526803    3.299328079   12.326718498   10.557353356
   -1.999195325    2.792526803    5.367620441    8.769024382   13.246587062
   -1.808795770    2.792526803    6.573164743    4.159355967   16.521594127
   -1.618396215    2.792526803    7.205753363    3.435623993   20.196877121
   -1.427996661    2.792526803    8.316265993    9.353944503   23.765111964
   -1.237597106    2.792526803   11.164754141   21.271560544   26.562469002
   -1.047197551    2.792526803   16.597349849   35.791298906   28.027933023
   -0.856797996    2.792526803   24.682762441   48.314033827   27.896022953
   -0.666398442    2.792526803   34.643269787   54.930270306   26.221711574
   -0.475998887    2.792526803   45.101459287   53.316288257   23.255139012
   -0.285599332    2.792526803   54.421904950   43.078444009   19.275540285
   -0.095199777    2.792526803   61.067945190   25.636215995   14.471489765
    0.095199777    2.792526803   63.942863604    4.157815850    8.946709586
    0.285599332    2.792526803   62.710543062  -16.587681327    2.821555032
    0.475998887    2.792526803   58.043691662  -31.039938706   -3.593377944
    0.666398442    2.792526803   51.617699352  -34.487346000   -9.707012596
    0.856797996    2.792526803   45.745125524  -25.291162610  -14.719683573
    1.047197551    2.792526803   42.636708569   -6.286823630  -17.892401823
    1.237597106    2.792526803   43.574016744   15.875092631  -18.864911453
    1.427996661    2.792526803   48.388275786   33.229628525  -17.815356496
    1.618396215    2.792526803   55.524901832   39.528693143  -15.382235574
    1.808795770    2.792526803   62.589346795   32.458000361  -12.369166121
    1.999195325    2.792526803   67.153827463   13.887996463   -9.454857828
    2.189594880    2.792526803   67.455884703  -11.327260190   -7.016714742
    2.379994435    2.792526803   62.806832691  -37.082528585   -5.124794725
    2.570393989    2.792526803   53.670858499  -57.575655120   -3.626304314
    2.760793544    2.792526803   41.490342231  -68.553580678   -2.279699174
    2.951193099    2.792526803   28.299411258  -68.117300843   -0.864809848
