#! FIELDS phi psi file.free der_phi der_psi
#! SET min_phi -pi
#! SET max_phi pi
#! SET nbins_phi  33
#! SET periodic_phi true
#! SET min_psi -pi
#! SET max_psi pi
#! SET nbins_psi  18
#! SET periodic_psi true
   -3.141592654   -3.141592654   20.030359613  -52.844231525   10.925958000
   -2.951193099   -3.141592654   11.180797711  -38.997860376   13.441368516
   -2.760793544   -3.141592654    5.524185810  -20.022323895   15.714089960
   -2.570393989   -3.141592654    3.550389831   -1.220468856   17.627289755
   -2.379994435   -3.141592654    4.716732436   12.257510545   19.238686384
   -2.189594880   -3.141592654    7.701590196   17.733671890   20.779907587
   -1.999195325   -3.141592654   11.020378996   16.243343517   22.506072035
   -1.808795770   -3.141592654   13.702134081   11.871569440   24.466564765
   -1.618396215   -3.141592654   15.669547613    9.465944498   26.355746172
   -1.427996661   -3.141592654   17.631983555   12.068402821   27.569987324
   -1.237597106   -3.141592654   20.581076317   19.545791695   27.471013051
   -1.047197551   -3.141592654   25.206438569   29.041667242   25.703719246
   -0.856797996   -3.141592654   31.527901600   36.656256015   22.373358342
   -0.666398442   -3.141592654   38.861326903   39.243916413   17.984482993
   -0.475998887   -3.141592654   46.080327414   35.371632876   13.192271735
   -0.285599332   -3.141592654   51.962674542   25.407725605    8.521052648
   -0.095199777   -3.141592654   55.493493180   11.083302764    4.186166452
    0.095199777   -3.141592654   56.088080664   -4.879731053    0.120899815
    0.285599332   -3.141592654   53.762093903  -18.938017814   -3.837026981
    0.475998887   -3.141592654   49.254864744  -27.195968511   -7.687396653
    0.666398442   -3.141592654   43.990772675  -26.545622060  -11.126776897
    0.856797996   -3.141592654   39.770849340  -16.395701735  -13.609904385
    1.047197551   -3.141592654   38.178831861    0.284783868  -14.618167417
    1.237597106   -3.141592654   39.940923763   17.756266745  -13.955102899
    1.427996661   -3.141592654   44.604616929   29.916741996  -11.872101358
    1.618396215   -3.141592654   50.738007509   32.820503244   -8.960622942
    1.808795770   -3.141592654   56.477407298   25.981708501   -5.858538934
    1.999195325   -3.141592654   60.151799094   11.644339761   -3.009487430
    2.189594880   -3.141592654   60.652085187   -6.772997648   -0.549958070
    2.379994435   -3.141592654   57.527036275  -25.903470030    1.625339075
    2.570393989   -3.141592654   50.933261466  -42.712709038    3.731556742
    2.760793544   -3.141592654   41.589999720  -54.322845577    5.954262001
    2.951193099   -3.141592654   30.741008597  -58.179791108    8.371773896

   -3.141592654   -2.792526803   25.220422934  -47.386963994   17.046587991
   -2.951193099   -2.792526803   17.336483854  -34.421551801   20.046396376
   -2.760793544   -2.792526803   12.431524044  -16.749581502   22.307970786
   -2.570393989   -2.792526803   10.950688449    0.723099554   23.692252029
   -2.379994435   -2.792526803   12.395296897   13.353592913   24.336870591
   -2.189594880   -2.792526803   15.570632278   18.775631757   24.629797183
   -1.999195325   -2.792526803   19.138441188   17.887827672   25.007640336
   -1.808795770   -2.792526803   22.201088720   14.170643022   25.674270972
   -1.618396215   -2.792526803   24.616150596   11.690665450   26.424194742
   -1.427996661   -2.792526803   26.897861148   12.979475358   26.698910792
   -1.237597106   -2.792526803   29.798257581   17.974965562   25.867988396
   -1.047197551   -2.792526803   33.838212929   24.454781272   23.562409602
   -0.856797996   -2.792526803   39.019077460   29.396124361   19.863361013
   -0.666398442   -2.792526803   44.792181264   30.326362297   15.249463536
   -0.475998887   -2.792526803   50.252314583   26.019316113   10.351742017
   -0.285599332   -2.792526803   54.389342859   16.550832727    5.679661754
   -0.095199777   -2.792526803   56.315159802    3.109398365    1.446236173
    0.095199777   -2.792526803   55.472160522  -12.035289831   -2.405393567
    0.285599332   -2.792526803   51.848172336  -25.422448543   -6.018794702
    0.475998887   -2.792526803   46.177816344  -32.863252732   -9.388860223
    0.666398442   -2.792526803   39.954193701  -30.821252029  -12.243514512
    0.856797996   -2.792526803   35.111769833  -18.527088077  -14.118643464
    1.047197551   -2.792526803   33.359253344    0.779035086  -14.600889710
    1.237597106   -2.792526803   35.457989816   20.732111119  -13.574013875
    1.427996661   -2.792526803   40.867574678   34.617986219  -11.303184694
    1.618396215   -2.792526803   47.980431338   38.249614553   -8.313081188
    1.808795770   -2.792526803   54.756542548   31.341593658   -5.122537891
    1.999195325   -2.792526803   59.415259981   16.608698492   -2.048472123
    2.189594880   -2.792526803   60.830355034   -2.084274922    0.866385396
    2.379994435   -2.792526803   58.598660662  -21.148120070    3.763708419
    2.570393989   -2.792526803   52.942314305  -37.590501481    6.826845536
    2.760793544   -2.792526803   44.617636469  -48.766526768   10.140969687
    2.951193099   -2.792526803   34.852604389  -52.425037831   13.628872214

   -3.141592654   -2.443460953   31.648861969  -41.288179953   17.923867273
   -2.951193099   -2.443460953   24.810166880  -29.668549639   20.632616994
   -2.760793544   -2.443460953   20.638622471  -13.853832443   22.409815835
   -2.570393989   -2.443460953   19.523712309    1.711650010   23.133259811
   -2.379994435   -2.443460953   21.012204227   12.953891622   22.962989984
   -2.189594880   -2.443460953   24.048031469   17.864236652   22.299283071
   -1.999195325   -2.443460953   27.458251896   17.234686657   21.584692686
   -1.808795770   -2.443460953   30.442202944   13.965900232   21.050017705
   -1.618396215   -2.443460953   32.822260107   11.382982908   20.572715966
   -1.427996661   -2.443460953   34.955861905   11.556449858   19.743817593
   -1.237597106   -2.443460953   37.402764358   14.530895076   18.114163980
   -1.047197551   -2.443460953   40.564324764   18.699326333   15.456206386
   -0.856797996   -2.443460953   44.462017692   21.822429152   11.890905531
   -0.666398442   -2.443460953   48.697471823   21.947969258    7.823378770
   -0.475998887   -2.443460953   52.570449280   17.895670220    3.736471142
   -0.285599332   -2.443460953   55.240582519    9.344146338   -0.012810951
   -0.095199777   -2.443460953   55.893368679   -3.068829445   -3.312712514
    0.095199777   -2.443460953   53.951873546  -17.449879974   -6.257840083
    0.285599332   -2.443460953   49.347124858  -30.326975199   -8.987172239
    0.475998887   -2.443460953   42.794514261  -37.164941848  -11.498112708
    0.666398442   -2.443460953   35.846668493  -34.005080926  -13.558148396
    0.856797996   -2.443460953   30.558541909  -19.905920470  -14.776490604
    1.047197551   -2.443460953   28.753446810    1.651743228  -14.806689335
    1.237597106   -2.443460953   31.228831662   23.759810019  -13.545468629
    1.427996661   -2.443460953   37.374288872   39.185939709  -11.206724394
    1.618396215   -2.443460953   45.438695035   43.547734335   -8.223122093
    1.808795770   -2.443460953   53.240805700   36.741091680   -5.025113818
    1.999195325   -2.443460953   58.917031749   21.893067376   -1.876211965
    2.189594880   -2.443460953   61.337968286    3.238829718    1.191578775
    2.379994435   -2.443460953   60.148001922  -15.479946501    4.297042523
    2.570393989   -2.443460953   55.621683314  -31.380945293    7.577716889
    2.760793544   -2.443460953   48.527816239  -42.096609776   11.060430330
    2.951193099   -2.443460953   40.047364906  -45.706863792   14.607701851

   -3.141592654   -2.094395102   37.520383782  -35.935957723   13.697771767
   -2.951193099   -2.094395102   31.579999523  -25.708948999   15.448853301
   -2.760793544   -2.094395102   27.985590704  -11.814154068   16.364707222
   -2.570393989   -2.094395102   27.062461152    1.711017659   16.343819157
   -2.379994435   -2.094395102   28.384784293   11.314999973   15.490514658
   -2.189594880   -2.094395102   31.011181645   15.338202446   14.090546445
   -1.999195325   -2.094395102   33.914438184   14.525638655   12.477097142
   -1.808795770   -2.094395102   36.391466556   11.350493908   10.859884408
   -1.618396215   -2.094395102   38.265741438    8.608335008    9.239114802
   -1.427996661   -2.094395102   39.812713107    8.080895692    7.455951355
   -1.237597106   -2.094395102   41.494596972    9.938103349    5.347230464
   -1.047197551   -2.094395102   43.671621653   13.002563620    2.883597660
   -0.856797996   -2.094395102   46.413983441   15.504092546    0.211169461
   -0.666398442   -2.094395102   49.442245344   15.713670563   -2.415141586
   -0.475998887   -2.094395102   52.185338009   12.352638224   -4.768613793
   -0.285599332   -2.094395102   53.887214125    4.737246415   -6.752500286
   -0.095199777   -2.094395102   53.741867516   -6.890523361   -8.437911450
    0.095199777   -2.094395102   51.119752112  -20.835781201  -10.003476937
    0.285599332   -2.094395102   45.889916186  -33.520926204  -11.592720040
    0.475998887   -2.094395102   38.751963065  -40.059818740  -13.185416373
    0.666398442   -2.094395102   31.316829285  -36.116213124  -14.543911744
    0.856797996   -2.094395102   25.751916678  -20.595722965  -15.291705843
    1.047197551   -2.094395102   23.989454606    2.836371190  -15.082811066
    1.237597106   -2.094395102   26.872357823   26.817420092  -13.773622910
    1.427996661   -2.094395102   33.745277805   43.658673981  -11.502116339
    1.618396215   -2.094395102   42.743155311   48.765986329   -8.620369555
    1.808795770   -2.094395102   51.562963661   42.133503516   -5.519269954
    1.999195325   -2.094395102   58.260220866   27.207817703   -2.479317212
    2.189594880   -2.094395102   61.689463450    8.540543488    0.407001246
    2.379994435   -2.094395102   61.524969031   -9.974208698    3.186801613
    2.570393989   -2.094395102   58.080207137  -25.522058386    5.945750020
    2.760793544   -2.094395102   52.132410431  -35.959761858    8.701317262
    2.951193099   -2.094395102   44.821163588  -39.658158778   11.356798214

   -3.141592654   -1.745329252   40.717875873  -33.697701003    8.414969397
   -2.951193099   -1.745329252   35.112469735  -24.489598593    9.016988857
   -2.760793544   -1.745329252   31.634262019  -11.842597513    8.962971272
   -2.570393989   -1.745329252   30.580667218    0.379898303    8.230276741
   -2.379994435   -1.745329252   31.537750949    8.855275409    6.911881528
   -2.189594880   -1.745329252   33.613145974   12.066491907    5.187163446
   -1.999195325   -1.745329252   35.839632746   10.724005621    3.241160381
   -1.808795770   -1.745329252   37.553440198    7.143434164    1.187800267
   -1.618396215   -1.745329252   38.589094544    4.008364722   -0.934535984
   -1.427996661   -1.745329252   39.227080341    3.165313650   -3.101168050
   -1.237597106   -1.745329252   39.964240462    5.005506214   -5.226365061
   -1.047197551   -1.745329252   41.238717946    8.552470445   -7.155665362
   -0.856797996   -1.745329252   43.221359249   12.055424580   -8.726496376
   -0.666398442   -1.745329252   45.713201470   13.549335776   -9.846160022
   -0.475998887   -1.745329252   48.161690276   11.382567687  -10.551818905
   -0.285599332   -1.745329252   49.757897992    4.510354519  -10.997330351
   -0.095199777   -1.745329252   49.590386830   -7.003421792  -11.401877780
    0.095199777   -1.745329252   46.913604197  -21.366138716  -11.975059703
    0.285599332   -1.745329252   41.523164766  -34.675146949  -12.811399042
    0.475998887   -1.745329252   34.121242487  -41.596271236  -13.829113286
    0.666398442   -1.745329252   26.404387790  -37.412662193  -14.756540771
    0.856797996   -1.745329252   20.676810260  -20.888746009  -15.216960593
    1.047197551   -1.745329252   19.003584709    4.128497592  -14.870949814
    1.237597106   -1.745329252   22.298662532   29.826362222  -13.559451829
    1.427996661   -1.745329252   29.884480775   48.035272037  -11.382869918
    1.618396215   -1.745329252   39.796080325   53.864683608   -8.649074646
    1.808795770   -1.745329252   49.603146969   47.305322441   -5.730372708
    1.999195325   -1.745329252   57.257846846   32.046123130   -2.927086205
    2.189594880   -1.745329252   61.565809901   12.928768607   -0.383359641
    2.379994435   -1.745329252   62.199031275   -5.967021569    1.886932244
    2.570393989   -1.745329252   59.488779791  -21.810574413    3.923380711
    2.760793544   -1.745329252   54.220273030  -32.553151366    5.736293848
    2.951193099   -1.745329252   47.518692945  -36.705222037    7.273315965

   -3.141592654   -1.396263402   41.290086063  -34.666236962    5.735616368
   -2.951193099   -1.396263402   35.430311385  -26.184595027    5.592219536
   -2.760793544   -1.396263402   31.573450741  -14.094994759    4.823806399
   -2.570393989   -1.396263402   30.055569786   -2.205591593    3.465632105
   -2.379994435   -1.396263402   30.505059360    6.132610856    1.609802509
   -2.189594880   -1.396263402   32.054619457    9.258789560   -0.632567557
   -1.999195325   -1.396263402   33.729163760    7.702277162   -3.169624017
   -1.808795770   -1.396263402   34.832279095    3.730078323   -5.927869532
   -1.618396215   -1.396263402   35.179356167    0.219941567   -8.794427362
   -1.427996661   -1.396263402   35.086689302   -0.624393417  -11.552048888
   -1.237597106   -1.396263402   35.153260531    1.874123450  -13.872555536
   -1.047197551   -1.396263402   35.946716597    6.720773752  -15.415185258
   -0.856797996   -1.396263402   37.731815975   11.828146838  -15.977386360
   -0.666398442   -1.396263402   40.321320885   14.730295089  -15.600120247
   -0.475998887   -1.396263402   43.083421436   13.376232222  -14.575949787
   -0.285599332   -1.396263402   45.075397268    6.549665240  -13.335642725
   -0.095199777   -1.396263402   45.245304677   -5.602553399  -12.293682727
    0.095199777   -1.396263402   42.741053542  -20.994022045  -11.723739113
    0.285599332   -1.396263402   37.319841169  -35.338595072  -11.668925427
    0.475998887   -1.396263402   29.721610080  -42.892893966  -11.956232706
    0.666398442   -1.396263402   21.751975083  -38.639375877  -12.259783439
    0.856797996   -1.396263402   15.861735502  -21.254439430  -12.228542545
    1.047197551   -1.396263402   14.252164783    5.222076017  -11.606785439
    1.237597106   -1.396263402   17.912363324   32.540419909  -10.317202819
    1.427996661   -1.396263402   26.148356681   52.052622034   -8.479625503
    1.618396215   -1.396263402   36.899456632   58.541877412   -6.330903503
    1.808795770   -1.396263402   47.603277681   51.936170490   -4.120876193
    1.999195325   -1.396263402   56.092234755   36.110257039   -2.026671265
    2.189594880   -1.396263402   61.097750944   16.165411816   -0.119714056
    2.379994435   -1.396263402   62.263032834   -3.616229981    1.594658084
    2.570393989   -1.396263402   59.918104561  -20.321839384    3.112402520
    2.760793544   -1.396263402   54.853676596  -31.896910094    4.380779680
    2.951193099   -1.396263402   48.199131876  -36.873274558    5.298159175

   -3.141592654   -1.047197551   40.820174286  -36.930393382    3.478952038
   -2.951193099   -1.047197551   34.463587405  -29.098700319    2.561033604
   -2.760793544   -1.047197551   30.016106194  -17.331842064    1.010151884
   -2.570393989   -1.047197551   27.874846688   -5.480543258   -1.069221211
   -2.379994435   -1.047197551   27.707449445    2.925146578   -3.543392755
   -2.189594880   -1.047197551   28.644578850    5.997546737   -6.306265606
   -1.999195325   -1.047197551   29.674033185    4.150898869   -9.292142712
   -1.808795770   -1.047197551   30.063026108   -0.209228027  -12.413035120
   -1.618396215   -1.047197551   29.641889620   -3.824351533  -15.456205244
   -1.427996661   -1.047197551   28.822069407   -4.071926967  -18.038090564
   -1.237597106   -1.047197551   28.359576131   -0.091537992  -19.682878944
   -1.047197551   -1.047197551   28.974756935    6.880638501  -20.020260799
   -0.856797996   -1.047197551   31.003285875   14.181124919  -18.978238191
   -0.666398442   -1.047197551   34.206449547   18.674494746  -16.853378010
   -0.475998887   -1.047197551   37.790636495   17.873211007  -14.213461267
   -0.285599332   -1.047197551   40.603470820   10.508994074  -11.679503310
   -0.095199777   -1.047197551   41.410877632   -2.967480368   -9.704173673
    0.095199777   -1.047197551   39.257959621  -19.938500856   -8.450680670
    0.285599332   -1.047197551   33.905355269  -35.592221144   -7.769589165
    0.475998887   -1.047197551   26.184572368  -43.793765151   -7.328502917
    0.666398442   -1.047197551   18.045950567  -39.388806372   -6.776603613
    0.856797996   -1.047197551   12.084715369  -21.171661683   -5.912209625
    1.047197551   -1.047197551   10.603153279    6.499793718   -4.743990963
    1.237597106   -1.047197551   14.621422405   34.967228494   -3.437594147
    1.427996661   -1.047197551   23.402689614   55.264157848   -2.203599153
    1.618396215   -1.047197551   34.799313264   62.019371737   -1.164681397
    1.808795770   -1.047197551   46.151197121   55.194873519   -0.317947332
    1.999195325   -1.047197551   55.213118726   38.830916987    0.432938569
    2.189594880   -1.047197551   60.672237544   18.193092042    1.196414624
    2.379994435   -1.047197551   62.152371227   -2.346270244    2.015567762
    2.570393989   -1.047197551   59.972466753  -19.873058125    2.827327227
    2.760793544   -1.047197551   54.909074240  -32.346596208    3.472783552
    2.951193099   -1.047197551   48.079666054  -38.267458445    3.751277730

   -3.141592654   -0.698131701   40.618997358  -39.421354696    1.233935106
   -2.951193099   -0.698131701   33.704503565  -32.426577900   -0.380605491
   -2.760793544   -0.698131701   28.564194649  -21.226088025   -2.642925801
   -2.570393989   -0.698131701   25.649674294   -9.671515824   -5.352994076
   -2.379994435   -0.698131701   24.668556669   -1.424191660   -8.300735712
   -2.189594880   -0.698131701   24.761825023    1.471701519  -11.359032979
   -1.999195325   -0.698131701   24.909184638   -0.580784425  -14.474651978
   -1.808795770   -0.698131701   24.391454545   -4.933929895  -17.544586264
   -1.618396215   -0.698131701   23.117319545   -7.922417339  -20.277673623
   -1.427996661   -0.698131701   21.648843129   -6.622035233  -22.179401110
   -1.237597106   -0.698131701   20.917950046   -0.249750110  -22.717588960
   -1.047197551   -0.698131701   21.761282253    9.426508692  -21.594860666
   -0.856797996   -0.698131701   24.501664361   18.970985158  -18.944850287
   -0.666398442   -0.698131701   28.746280412   24.603195520  -15.327005215
   -0.475998887   -0.698131701   33.462059821   23.616237162  -11.514372516
   -0.285599332   -0.698131701   37.262957646   15.014741137   -8.191069972
   -0.095199777   -0.698131701   38.770706178   -0.143328784   -5.703375786
    0.095199777   -0.698131701   37.011258040  -18.542128151   -3.993221621
    0.285599332   -0.698131701   31.844181146  -34.900702509   -2.686487607
    0.475998887   -0.698131701   24.255000005  -42.977659461   -1.348417990
    0.666398442   -0.698131701   16.330961611  -37.906616717    0.272997691
    0.856797996   -0.698131701   10.724545692  -18.981294406    2.097630215
    1.047197551   -0.698131701    9.699750006    9.002862843    3.767649767
    1.237597106   -0.698131701   14.180271923   37.213747183    4.870166460
    1.427996661   -0.698131701   23.331422838   56.856818073    5.165995994
    1.618396215   -0.698131701   34.961942664   62.899708465    4.730879264
    1.808795770   -0.698131701   46.430085789   55.589738462    3.886006583
    1.999195325   -0.698131701   55.546439061   39.055957315    3.032874876
    2.189594880   -0.698131701   61.048911883   18.438325034    2.467738733
    2.379994435   -0.698131701   62.576407074   -2.122017413    2.283231550
    2.570393989   -0.698131701   60.418752969  -19.917639163    2.356288190
    2.760793544   -0.698131701   55.294321857  -32.995250668    2.412829571
    2.951193099   -0.698131701   48.261385157  -39.794755002    2.128908531

   -3.141592654   -0.349065850   40.439528511  -42.174455036   -0.662482875
   -2.951193099   -0.349065850   32.888840522  -36.314293191   -2.553736997
   -2.760793544   -0.349065850   26.921279057  -25.954401582   -5.005331634
   -2.570393989   -0.349065850   23.057744332  -14.849684387   -7.805932295
   -2.379994435   -0.349065850   21.071497672   -6.774343301  -10.742337364
   -2.189594880   -0.349065850   20.139801941   -3.931819805  -13.687839519
   -1.999195325   -0.349065850   19.262991064   -5.891677770  -16.566016628
   -1.808795770   -0.349065850   17.775699959   -9.695048991  -19.204759528
   -1.618396215   -0.349065850   15.713457280  -11.269024524  -21.222055043
   -1.427996661   -0.349065850   13.823926625   -7.539484757  -22.079506296
   -1.237597106   -0.349065850   13.207513729    1.922744982  -21.320631574
   -1.047197551   -0.349065850   14.755661432   14.559893674  -18.852586371
   -0.856797996   -0.349065850   18.682407820   26.075331553  -15.069944642
   -0.666398442   -0.349065850   24.350046319   32.184547918  -10.729762036
   -0.475998887   -0.349065850   30.439293633   30.257648404   -6.637814319
   -0.285599332   -0.349065850   35.343980383   19.895440618   -3.327873893
   -0.095199777   -0.349065850   37.607650624    2.971156331   -0.867420527
    0.095199777   -0.349065850   36.325456225  -16.489401106    1.097387588
    0.285599332   -0.349065850   31.526463617  -32.930841082    3.121437458
    0.475998887   -0.349065850   24.367965204  -40.346371527    5.610713850
    0.666398442   -0.349065850   17.023083895  -34.510362192    8.554538115
    0.856797996   -0.349065850   12.095648929  -15.411526249   11.457225318
    1.047197551   -0.349065850   11.692839302   11.788744889   13.554594384
    1.237597106   -0.349065850   16.562869794   38.410597999   14.214186964
    1.427996661   -0.349065850   25.768248583   56.251567380   13.255167881
    1.618396215   -0.349065850   37.142970593   60.934478562   11.044956148
    1.808795770   -0.349065850   48.171584521   53.089869176    8.284365608
    1.999195325   -0.349065850   56.825914655   36.814989314    5.690658276
    2.189594880   -0.349065850   61.964977476   16.901727707    3.723113383
    2.379994435   -0.349065850   63.269794196   -2.962764973    2.492740476
    2.570393989   -0.349065850   60.990059820  -20.443952380    1.807362517
    2.760793544   -0.349065850   55.749427374  -33.785780284    1.303741258
    2.951193099   -0.349065850   48.495610839  -41.405974649    0.584075998

   -3.141592654    0.000000000   40.199575404  -44.664689909   -1.634607137
   -2.951193099    0.000000000   32.075609195  -39.803526320   -3.151370988
   -2.760793544    0.000000000   25.365031195  -30.200839394   -5.061627360
   -2.570393989    0.000000000   20.650617582  -19.479020763   -7.236627613
   -2.379994435    0.000000000   17.771230494  -11.489383606   -9.543494197
   -2.189594880    0.000000000   15.949001221   -8.541333222  -11.894054212
   -1.999195325    0.000000000   14.224084841  -10.122979889  -14.181172635
   -1.808795770    0.000000000   12.010627297  -12.963237815  -16.149780710
   -1.618396215    0.000000000    9.486772299  -12.691350616  -17.352831414
   -1.427996661    0.000000000    7.570382008   -6.294874925  -17.284228299
   -1.237597106    0.000000000    7.471477481    6.083663532  -15.647569631
   -1.047197551    0.000000000   10.047856182   21.022177577  -12.579983695
   -0.856797996    0.000000000   15.321976800   33.508232106   -8.659165121
   -0.666398442    0.000000000   22.376815590   39.095098097   -4.671303643
   -0.475998887    0.000000000   29.644233101   35.608421623   -1.260726358
   -0.285599332    0.000000000   35.398050550   23.507245500    1.330643028
   -0.095199777    0.000000000   38.232238312    5.511895890    3.345741630
    0.095199777    0.000000000   37.422238055  -13.870926772    5.347610502
    0.285599332    0.000000000   33.213948251  -29.223261579    7.907992395
    0.475998887    0.000000000   26.896561646  -35.253266282   11.248789930
    0.666398442    0.000000000   20.605758634  -28.739077853   15.034147095
    0.856797996    0.000000000   16.729812954  -10.436461171   18.427405740
    1.047197551    0.000000000   17.072466270   14.410313311   20.439214741
    1.237597106    0.000000000   22.140448871   37.802815754   20.407375203
    1.427996661    0.000000000   30.932036304   52.647724714   18.308312901
    1.618396215    0.000000000   41.422978447   55.500780338   14.759743408
    1.808795770    0.000000000   51.362805993   47.335887261   10.696438801
    1.999195325    0.000000000   58.991718925   31.954259846    6.980268919
    2.189594880    0.000000000   63.340825191   13.505579481    4.116765884
    2.379994435    0.000000000   64.136336642   -4.976927679    2.206435079
    2.570393989    0.000000000   61.564879149  -21.602076225    1.037158202
    2.760793544    0.000000000   56.127879445  -34.807479808    0.246997638
    2.951193099    0.000000000   48.638028783  -42.957467011   -0.545206621

   -3.141592654    0.349065850   40.431926684  -45.702385685   -1.635422831
   -2.951193099    0.349065850   32.038150418  -41.588703282   -2.313533586
   -2.760793544    0.349065850   24.914840571  -32.723854879   -3.166951601
   -2.570393989    0.349065850   19.660337707  -22.602062108   -4.220909268
   -2.379994435    0.349065850   16.141356788  -15.057593159   -5.492645831
   -2.189594880    0.349065850   13.613288799  -12.339065593   -6.976592586
   -1.999195325    0.349065850   11.175386359  -13.713947586   -8.560452399
   -1.808795770    0.349065850    8.355154684  -15.600293032   -9.942145327
   -1.618396215    0.349065850    5.490658923  -13.494406670  -10.668943600
   -1.427996661    0.349065850    3.648194890   -4.664712595  -10.319710642
   -1.237597106    0.349065850    4.092256035   10.073303511   -8.744326570
   -1.047197551    0.349065850    7.593019602   26.551269210   -6.187153246
   -0.856797996    0.349065850   13.968482822   39.330677484   -3.199740945
   -0.666398442    0.349065850   22.068489548   44.109806764   -0.381083149
   -0.475998887    0.349065850   30.169353076   39.329338750    1.913701197
   -0.285599332    0.349065850   36.528920386   26.263556969    3.723928371
   -0.095199777    0.349065850   39.868689111    8.253769157    5.463039523
    0.095199777    0.349065850   39.667767160  -10.051702493    7.703338125
    0.285599332    0.349065850   36.345219164  -23.704771206   10.858329886
    0.475998887    0.349065850   31.223785941  -28.358207306   14.886156645
    0.666398442    0.349065850   26.277703560  -21.810730102   19.167394191
    0.856797996    0.349065850   23.575371041   -5.372785677   22.662695925
    1.047197551    0.349065850   24.570128144   15.989691619   24.329281197
    1.237597106    0.349065850   29.550605627   35.315008362   23.599373386
    1.427996661    0.349065850   37.527934995   46.803234528   20.637163654
    1.618396215    0.349065850   46.711218873   47.918704886   16.244517571
    1.808795770    0.349065850   55.186787206   39.816850449   11.470607166
    1.999195325    0.349065850   61.500335302   25.816734301    7.204034553
    2.189594880    0.349065850   64.862837818    9.314953285    3.922194986
    2.379994435    0.349065850   65.041085317   -7.334089447    1.696130938
    2.570393989    0.349065850   62.155005162  -22.654624325    0.322886865
    2.760793544    0.349065850   56.585891526  -35.255955875   -0.501207618
    2.951193099    0.349065850   49.013874732  -43.464005734   -1.076774436

   -3.141592654    0.698131701   40.564822116  -45.604888225   -1.975148737
   -2.951193099    0.698131701   32.171296970  -41.699954871   -1.918832203
   -2.760793544    0.698131701   24.985613625  -33.293351187   -1.794065070
   -2.570393989    0.698131701   19.564208400  -23.808090080   -1.746759887
   -2.379994435    0.698131701   15.747613439  -16.975480364   -1.928586228
   -2.189594880    0.698131701   12.795810281  -14.822670175   -2.435982485
   -1.999195325    0.698131701    9.866099125  -16.286989542   -3.218137494
   -1.808795770    0.698131701    6.606791533  -17.500608923   -4.026002191
   -1.618396215    0.698131701    3.507550767  -13.951549317   -4.487501225
   -1.427996661    0.698131701    1.751649920   -3.284623207   -4.283619137
   -1.237597106    0.698131701    2.620484217   13.057326562   -3.327994968
   -1.047197551    0.698131701    6.784350644   30.370783728   -1.815499307
   -0.856797996    0.698131701   13.891618799   43.052162029   -0.104608476
   -0.666398442    0.698131701   22.638092265   47.123928841    1.491432850
   -0.475998887    0.698131701   31.240241900   41.633944484    2.892913946
   -0.285599332    0.698131701   38.016450218   28.477310474    4.301796592
   -0.095199777    0.698131701   41.843798935   11.329791613    6.119897294
    0.095199777    0.698131701   42.378862456   -5.296532217    8.747037604
    0.285599332    0.698131701   40.143577822  -17.082208699   12.321912476
    0.475998887    0.698131701   36.408384480  -20.634053967   16.533658622
    0.666398442    0.698131701   32.912940268  -14.629958258   20.604278603
    0.856797996    0.698131701   31.369081546   -0.705810042   23.515015300
    1.047197551    0.698131701   32.888378322   16.667784883   24.409004554
    1.237597106    0.698131701   37.583007419   31.700781249   22.966906736
    1.427996661    0.698131701   44.532406226   39.878981216   19.548147455
    1.618396215    0.698131701   52.221078918   39.465797514   15.007881828
    1.808795770    0.698131701   59.089225883   31.655377551   10.313962933
    1.999195325    0.698131701   63.980831491   19.183040525    6.207479812
    2.189594880    0.698131701   66.268300040    4.678315191    3.037672888
    2.379994435    0.698131701   65.746218882  -10.112428692    0.823284863
    2.570393989    0.698131701   62.473947432  -24.011715487   -0.600915124
    2.760793544    0.698131701   56.740671349  -35.701384649   -1.434013494
    2.951193099    0.698131701   49.132925390  -43.452273981   -1.849289295

   -3.141592654    1.047197551   39.500027568  -45.610759364   -5.133478974
   -2.951193099    1.047197551   31.149534294  -41.249421262   -4.910571825
   -2.760793544    1.047197551   24.076113328  -32.602468137   -4.267278906
   -2.570393989    1.047197551   18.787535108  -23.153164673   -3.380790837
   -2.379994435    1.047197551   15.068690529  -16.643866559   -2.481519507
   -2.189594880    1.047197551   12.135140646  -14.969008729   -1.782598900
   -1.999195325    1.047197551    9.138396254  -16.800641472   -1.389777217
   -1.808795770    1.047197551    5.774755221  -18.006665907   -1.251200197
   -1.618396215    1.047197551    2.616630658  -13.996911728   -1.197828748
   -1.427996661    1.047197551    0.920467787   -2.598059846   -1.044342056
   -1.237597106    1.047197551    1.987972341   14.411313174   -0.687434077
   -1.047197551    1.047197551    6.449203282   32.070665250   -0.125138931
   -0.856797996    1.047197551   13.885115617   44.758910578    0.599589086
   -0.666398442    1.047197551   22.948479837   48.765018854    1.480894230
   -0.475998887    1.047197551   31.878067967   43.510226342    2.606612083
   -0.285599332    1.047197551   39.080858706   31.190465184    4.147364414
   -0.095199777    1.047197551   43.555595576   15.510549128    6.292929188
    0.095199777    1.047197551   45.052143228    0.622690200    9.144609920
    0.285599332    1.047197551   44.083348045   -9.832731515   12.569037564
    0.475998887    1.047197551   41.766389084  -13.245607008   16.124018229
    0.666398442    1.047197551   39.558314810   -8.797069917   19.105266744
    0.856797996    1.047197551   38.847109184    1.991043443   20.764088686
    1.047197551    1.047197551   40.508583963   15.420965687   20.609373132
    1.237597106    1.047197551   44.607820371   26.844371111   18.618847346
    1.427996661    1.047197551   50.384863343   32.689068333   15.257652529
    1.618396215    1.047197551   56.612095013   31.567164635   11.257301892
    1.808795770    1.047197551   62.020572753   24.399383251    7.311212210
    1.999195325    1.047197551   65.654343317   13.289297049    3.865298434
    2.189594880    1.047197551   66.963169859    0.278333572    1.065703497
    2.379994435    1.047197551   65.730390823  -13.224579546   -1.133728995
    2.570393989    1.047197551   61.965795493  -26.107573235   -2.831625795
    2.760793544    1.047197551   55.912805433  -36.987048380   -4.075609935
    2.951193099    1.047197551   48.125979370  -44.049176280   -4.855482849

   -3.141592654    1.396263402   36.221493632  -46.569179476   -9.667932762
   -2.951193099    1.396263402   27.825104961  -40.756999946   -9.798362825
   -2.760793544    1.396263402   20.975421801  -30.796852900   -9.115169183
   -2.570393989    1.396263402   16.122843246  -20.473063360   -7.725591119
   -2.379994435    1.396263402   12.948377733  -13.712712354   -5.854256110
   -2.189594880    1.396263402   10.548473391  -12.379391248   -3.794062950
   -1.999195325    1.396263402    7.980655347  -14.921441289   -1.831332264
   -1.808795770    1.396263402    4.899390527  -16.910006718   -0.182370531
   -1.618396215    1.396263402    1.886965461  -13.525809941    1.034172630
   -1.427996661    1.396263402    0.241770762   -2.494123939    1.800582535
   -1.237597106    1.396263402    1.316042135   14.414622368    2.190943761
   -1.047197551    1.396263402    5.790207782   32.240252644    2.365433745
   -0.856797996    1.396263402   13.297082421   45.379575507    2.548009613
   -0.666398442    1.396263402   22.546823703   50.149506579    2.979207896
   -0.475998887    1.396263402   31.836351137   45.943054789    3.866611378
   -0.285599332    1.396263402   39.617958250   34.844699838    5.343592370
   -0.095199777    1.396263402   44.903233816   20.342970643    7.442536873
    0.095199777    1.396263402   47.403675501    6.240056615   10.074921769
    0.285599332    1.396263402   47.519738809   -4.215600290   12.969047324
    0.475998887    1.396263402   46.187871276   -8.711164173   15.664214516
    0.666398442    1.396263402   44.653881217   -6.408746796   17.578809842
    0.856797996    1.396263402   44.137868731    1.611810727   18.197634353
    1.047197551    1.396263402   45.465444617   12.375579474   17.285073069
    1.237597106    1.396263402   48.791147807   21.943254109   14.988342893
    1.427996661    1.396263402   53.547507728   27.057781108   11.788689415
    1.618396215    1.396263402   58.711903267   26.153323370    8.277221201
    1.808795770    1.396263402   63.151367998   19.665728507    4.917976944
    1.999195325    1.396263402   65.948556666    9.198704675    1.926888961
    2.189594880    1.396263402   66.517200849   -3.457309253   -0.708313709
    2.379994435    1.396263402   64.586287693  -16.843925204   -3.093404928
    2.570393989    1.396263402   60.141688239  -29.598905462   -5.288852540
    2.760793544    1.396263402   53.456659682  -40.064967459   -7.233290897
    2.951193099    1.396263402   45.156621595  -46.269072098   -8.761929816

   -3.141592654    1.745329252   31.346186288  -48.787866208  -13.976054505
   -2.951193099    1.745329252   22.715383585  -40.943324389  -14.590195628
   -2.760793544    1.745329252   16.034943858  -28.855799076  -14.029442548
   -2.570393989    1.745329252   11.731328923  -16.737947692  -12.304973297
   -2.379994435    1.745329252    9.385879381   -8.875829534   -9.611978864
   -2.189594880    1.745329252    7.943194748   -7.309756562   -6.291170608
   -1.999195325    1.745329252    6.295785218  -10.448289534   -2.759732991
   -1.808795770    1.745329252    3.958867715  -13.640256381    0.559636999
   -1.618396215    1.745329252    1.430935944  -11.717707573    3.305134580
   -1.427996661    1.745329252    0.000000000   -1.998578250    5.240543273
   -1.237597106    1.745329252    1.083532774   14.121700796    6.307255814
   -1.047197551    1.745329252    5.486650144   31.913087272    6.649317360
   -0.856797996    1.745329252   12.988481692   45.753433163    6.574796284
   -0.666398442    1.745329252   22.417946471   51.706391266    6.456887745
   -0.475998887    1.745329252   32.127813301   48.778966522    6.615849858
   -0.285599332    1.745329252   40.554055166   38.704141581    7.228396839
   -0.095199777    1.745329252   46.634240753   24.740985692    8.280620834
    0.095199777    1.745329252   49.973630441   10.542099367    9.585610699
    0.285599332    1.745329252   50.844364228   -0.708512420   10.805258622
    0.475998887    1.745329252   50.050903332   -6.667407702   11.544457734
    0.666398442    1.745329252   48.728408496   -6.275920754   11.470674638
    0.856797996    1.745329252   48.047957077   -0.202877292   10.457241875
    1.047197551    1.745329252   48.874799319    9.035196269    8.650147773
    1.237597106    1.745329252   51.477372907   17.820856127    6.400965605
    1.427996661    1.745329252   55.433417566   22.874895442    4.119164008
    1.618396215    1.745329252   59.831327771   22.315761459    2.078135719
    1.808795770    1.745329252   63.575016425   16.162787497    0.314930232
    1.999195325    1.745329252   65.712929173    5.713321619   -1.335469406
    2.189594880    1.745329252   65.589064689   -7.296314145   -3.118928357
    2.379994435    1.745329252   62.876666586  -21.214524198   -5.211525473
    2.570393989    1.745329252   57.558842496  -34.340584162   -7.611644943
    2.760793544    1.745329252   49.973037766  -44.675427103  -10.115418306
    2.951193099    1.745329252   40.862202615  -50.036643880  -12.372137474

   -3.141592654    2.094395102   25.771829384  -51.754912459  -14.697549714
   -2.951193099    2.094395102   16.771522684  -41.779021321  -15.424072848
   -2.760793544    2.094395102   10.162093763  -27.265955531  -14.796960441
   -2.570393989    2.094395102    6.386767789  -12.832115800  -12.763085839
   -2.379994435    2.094395102    4.969836362   -3.135330519   -9.498923274
   -2.189594880    2.094395102    4.736681298   -0.486730366   -5.369719893
   -1.999195325    2.094395102    4.421208830   -3.434595337   -0.859165106
   -1.808795770    2.094395102    3.367089118   -7.317415597    3.501081017
   -1.618396215    2.094395102    1.919641573   -6.783969736    7.206244187
   -1.427996661    2.094395102    1.265223236    1.197500821    9.867847549
   -1.237597106    2.094395102    2.796168305   15.672983377   11.304828762
   -1.047197551    2.094395102    7.375128980   32.308985506   11.603372082
   -0.856797996    2.094395102   14.897208410   45.679534050   11.087151595
   -0.666398442    2.094395102   24.319754576   51.782908761   10.196609445
   -0.475998887    2.094395102   34.088876265   49.344206186    9.328217557
   -0.285599332    2.094395102   42.670420138   39.722398056    8.701508755
   -0.095199777    2.094395102   48.961315405   25.853149806    8.297575368
    0.095199777    2.094395102   52.477110445   11.181045740    7.904920185
    0.285599332    2.094395102   53.378971678   -1.101055384    7.209328078
    0.475998887    2.094395102   52.384536112   -8.413155455    5.960571179
    0.666398442    2.094395102   50.605304692   -9.267319436    4.110857498
    0.856797996    2.094395102   49.275948192   -3.893317580    1.888892128
    1.047197551    2.094395102   49.394526812    5.422879190   -0.276617299
    1.237597106    2.094395102   51.373316361   14.973012070   -1.956586354
    1.427996661    2.094395102   54.885215723   21.063091928   -2.919757133
    1.618396215    2.094395102   59.020455121   21.289776290   -3.251297719
    1.808795770    2.094395102   62.595196425   15.295758125   -3.301307230
    1.999195325    2.094395102   64.524216565    4.276808559   -3.524071565
    2.189594880    2.094395102   64.027197720   -9.839366881   -4.297743526
    2.379994435    2.094395102   60.709396994  -25.014337679   -5.801589549
    2.570393989    2.094395102   54.568218411  -39.101495101   -7.963102297
    2.760793544    2.094395102   46.035714757  -49.721269622  -10.482190750
    2.951193099    2.094395102   36.006117867  -54.478930032  -12.900292949

   -3.141592654    2.443460953   20.760516427  -54.795989369   -9.415954160
   -2.951193099    2.443460953   11.371634462  -42.716168899   -9.393245952
   -2.760793544    2.443460953    4.829496573  -25.579865390   -8.292084163
   -2.570393989    2.443460953    1.634784157   -8.448857812   -6.101527070
   -2.379994435    2.443460953    1.281682559    3.555179161   -2.966762349
   -2.189594880    2.443460953    2.482536653    7.729458272    0.865499344
   -1.999195325    2.443460953    3.795860975    5.271339240    5.081983751
   -1.808795770    2.443460953    4.356843859    0.758360993    9.298197586
   -1.618396215    2.443460953    4.306209065   -0.331178799   13.056123701
   -1.427996661    2.443460953    4.671396340    5.383435982   15.878309076
   -1.237597106    2.443460953    6.768476501   17.455396569   17.392011253
   -1.047197551    2.443460953   11.484944688   32.068959637   17.473597827
   -0.856797996    2.443460953   18.825498288   44.139046433   16.310036025
   -0.666398442    2.443460953   27.893805714   49.708460425   14.327801670
   -0.475998887    2.443460953   37.262148477   47.256398651   12.014852748
   -0.285599332    2.443460953   45.458301456   37.733045845    9.722064276
   -0.095199777    2.443460953   51.360403101   23.687149789    7.536165768
    0.095199777    2.443460953   54.407809095    8.340598712    5.301409092
    0.285599332    2.443460953   54.670843667   -5.010801020    2.756537627
    0.475998887    2.443460953   52.827590195  -13.370375548   -0.231110560
    0.666398442    2.443460953   50.048014895  -14.662523448   -3.494350119
    0.856797996    2.443460953   47.729712258   -8.680743447   -6.542507748
    1.047197551    2.443460953   47.079397152    2.289746067   -8.754321713
    1.237597106    2.443460953   48.668099696   14.046454496   -9.682626830
    1.427996661    2.443460953   52.200986218   22.112441258   -9.278058930
    1.618396215    2.443460953   56.655405513   23.409977094   -7.929911344
    1.808795770    2.443460953   60.641784620   17.308521812   -6.278406377
    1.999195325    2.443460953   62.859817233    5.166484214   -4.958136261
    2.189594880    2.443460953   62.375366967  -10.649271030   -4.389101825
    2.379994435    2.443460953   58.732427457  -27.586282897   -4.700305670
    2.570393989    2.443460953   51.961332251  -43.049713928   -5.745113726
    2.760793544    2.443460953   42.601889926  -54.317273068   -7.180725360
    2.951193099    2.443460953   31.708612870  -58.784951893   -8.557794757

   -3.141592654    2.792526803   18.667658511  -55.204088581   -0.356225417
   -2.951193099    2.792526803    9.325860411  -41.779501847    0.824018746
   -2.760793544    2.792526803    3.107911130  -23.109985981    2.551511514
   -2.570393989    2.792526803    0.526625684   -4.503261344    4.777084715
   -2.379994435    2.792526803    1.048285668    8.749672577    7.427420337
   -2.189594880    2.792526803    3.330982637   13.833880901   10.450844736
   -1.999195325    2.792526803    5.858549683   11.832266212   13.780300871
   -1.808795770    2.792526803    7.664635969    7.157895797   17.225139852
   -1.618396215    2.792526803    8.756545036    5.133983315   20.388284501
   -1.427996661    2.792526803   10.010156851    9.130818761   22.708189955
   -1.237597106    2.792526803   12.610599925   18.941190004   23.646395208
   -1.047197551    2.792526803   17.383684017   31.208860070   22.927148101
   -0.856797996    2.792526803   24.366902899   41.344892354   20.672049272
   -0.666398442    2.792526803   32.774317212   45.680081076   17.343763992
   -0.475998887    2.792526803   41.312332513   42.647028714   13.531474772
   -0.285599332    2.792526803   48.604333378   32.857661886    9.695246854
   -0.095199777    2.792526803   53.547450410   18.447868083    6.003112246
    0.095199777    2.792526803   55.536847614    2.414075076    2.351975740
    0.285599332    2.792526803   54.590923368  -11.770750060   -1.458522653
    0.475998887    2.792526803   51.406941501  -20.573341437   -5.459046655
    0.666398442    2.792526803   47.289705161  -21.291643229   -9.343220839
    0.856797996    2.792526803   43.866902718  -13.425377766  -12.495997616
    1.047197551    2.792526803   42.577002557    0.439088540  -14.260092615
    1.237597106    2.792526803   44.110989720   15.286348196  -14.277001809
    1.427996661    2.792526803   48.120990670   25.700702368  -12.687273994
    1.618396215    2.792526803   53.378154528   28.017823815  -10.083584583
    1.808795770    2.792526803   58.228258288   21.572590376   -7.228133911
    1.999195325    2.792526803   61.145473761    8.140626641   -4.761639129
    2.189594880    2.792526803   61.070942749   -9.331723722   -3.017445290
    2.379994435    2.792526803   57.529136147  -27.781789081   -2.018010041
    2.570393989    2.792526803   50.612741387  -44.282794112   -1.560314135
    2.760793544    2.792526803   40.970780388  -55.938697840   -1.336940323
    2.951193099    2.792526803   29.787188974  -60.104510602   -1.025122544
