#! FIELDS phi psi file.free der_phi der_psi
#! SET min_phi -pi
#! SET max_phi pi
#! SET nbins_phi  33
#! SET periodic_phi true
#! SET min_psi -pi
#! SET max_psi pi
#! SET nbins_psi  18
#! SET periodic_psi true
   -3.141592654   -3.141592654   17.827527153  -53.340727067   16.705867115
   -2.951193099   -3.141592654    9.345574042  -35.124003827   19.156229963
   -2.760793544   -3.141592654    4.601757235  -14.940238942   20.848190895
   -2.570393989   -3.141592654    3.465748704    2.036829077   21.874271808
   -2.379994435   -3.141592654    4.947541315   12.199081850   22.549770587
   -2.189594880   -3.141592654    7.633378084   14.854208413   23.367201424
   -1.999195325   -3.141592654   10.283513046   12.453473880   24.818277005
   -1.808795770   -3.141592654   12.340690759    9.423849130   27.129984558
   -1.618396215   -3.141592654   14.108127086    9.967525787   30.062961885
   -1.427996661   -3.141592654   16.504338204   16.103693100   32.928006428
   -1.237597106   -3.141592654   20.548072537   26.843592179   34.833198811
   -1.047197551   -3.141592654   26.828071758   38.949238650   35.037603062
   -0.856797996   -3.141592654   35.223734657   48.340685494   33.202993487
   -0.666398442   -3.141592654   44.873712504   51.650901739   29.445217450
   -0.475998887   -3.141592654   54.406044731   46.915682508   24.186846662
   -0.285599332   -3.141592654   62.237614838   33.905232553   17.964443899
   -0.095199777   -3.141592654   66.907383302   14.143547182   11.267589154
    0.095199777   -3.141592654   67.424335475   -8.982174336    4.498197882
    0.285599332   -3.141592654   63.615384977  -30.300977080   -1.982297085
    0.475998887   -3.141592654   56.400000920  -43.828006792   -7.763483538
    0.666398442   -3.141592654   47.761871242  -44.661478568  -12.363545376
    0.856797996   -3.141592654   40.314101531  -31.482017827  -15.321890238
    1.047197551   -3.141592654   36.456241708   -7.956493491  -16.385617215
    1.237597106   -3.141592654   37.470596981   18.192684895  -15.658932339
    1.427996661   -3.141592654   42.998864642   38.142080923  -13.576093617
    1.618396215   -3.141592654   51.184687670   45.378700608  -10.715947383
    1.808795770   -3.141592654   59.342794120   37.936104038   -7.540821091
    1.999195325   -3.141592654   64.859446412   18.374989390   -4.269832710
    2.189594880   -3.141592654   65.921101646   -7.786403858   -0.905123740
    2.379994435   -3.141592654   61.888528099  -34.065107170    2.620045993
    2.570393989   -3.141592654   53.316188427  -54.608284839    6.310769479
    2.760793544   -3.141592654   41.724027717  -65.322654617   10.044229780
    2.951193099   -3.141592654   29.183183096  -64.548874121   13.595395265

   -3.141592654   -2.792526803   25.328881400  -48.860659975   24.921549621
   -2.951193099   -2.792526803   17.538260571  -32.374273853   27.129277940
   -2.760793544   -2.792526803   13.157942980  -13.825965504   28.285348629
   -2.570393989   -2.792526803   12.114193986    2.010621566   28.594436379
   -2.379994435   -2.792526803   13.551928388   11.937444132   28.478152247
   -2.189594880   -2.792526803   16.253834210   15.463003585   28.500872880
   -1.999195325   -2.792526803   19.176008374   14.800189881   29.174285489
   -1.808795770   -2.792526803   21.863043734   13.633581460   30.689773441
   -1.618396215   -2.792526803   24.547566977   15.169807864   32.730942331
   -1.427996661   -2.792526803   27.899108921   20.625021465   34.522413801
   -1.237597106   -2.792526803   32.586107566   28.801163706   35.114752924
   -1.047197551   -2.792526803   38.874909528   36.929259336   33.774816115
   -0.856797996   -2.792526803   46.460264380   41.869559832   30.253708287
   -0.666398442   -2.792526803   54.486710961   41.233386471   24.840768667
   -0.475998887   -2.792526803   61.752572723   33.782879123   18.184104138
   -0.285599332   -2.792526803   66.944928145   19.586879156   11.049570992
   -0.095199777   -2.792526803   68.892409497    0.100348947    4.103532189
    0.095199777   -2.792526803   66.857429886  -21.570684531   -2.175410446
    0.285599332   -2.792526803   60.861631882  -40.557769328   -7.469405734
    0.475998887   -2.792526803   51.967128800  -51.117202444  -11.541790036
    0.666398442   -2.792526803   42.257281737  -48.574212168  -14.188036576
    0.856797996   -2.792526803   34.393362087  -31.948114400  -15.275504266
    1.047197551   -2.792526803   30.746132337   -5.365858075  -14.829059863
    1.237597106   -2.792526803   32.479450920   23.012292583  -13.087770679
    1.427996661   -2.792526803   39.056655148   44.190716668  -10.438885108
    1.618396215   -2.792526803   48.444506341   51.868933023   -7.267465076
    1.808795770   -2.792526803   57.848714527   44.521391452   -3.794768060
    1.999195325   -2.792526803   64.629753970   25.102040296   -0.052835309
    2.189594880   -2.792526803   67.000369983   -0.745648969    4.026608383
    2.379994435   -2.792526803   64.342432081  -26.692514012    8.454925918
    2.570393989   -2.792526803   57.187000027  -47.174449034   13.090079921
    2.760793544   -2.792526803   46.978249983  -58.333658035   17.626305127
    2.951193099   -2.792526803   35.681512943  -58.577555180   21.683638138

   -3.141592654   -2.443460953   34.026344741  -44.428810529   23.275431562
   -2.951193099   -2.443460953   26.904974859  -29.790187639   25.071001061
   -2.760793544   -2.443460953   22.851370999  -12.922549519   25.949931131
   -2.570393989   -2.443460953   21.856007184    1.728914896   26.097511422
   -2.379994435   -2.443460953   23.189505047   11.275015136   25.843927290
   -2.189594880   -2.443460953   25.802399724   15.332320856   25.601981751
   -1.999195325   -2.443460953   28.804301605   15.826346030   25.712524265
   -1.808795770   -2.443460953   31.796103581   15.718790462   26.242391652
   -1.618396215   -2.443460953   34.906680813   17.334541266   26.862504554
   -1.427996661   -2.443460953   38.553117726   21.282149967   26.928157006
   -1.237597106   -2.443460953   43.093271325   26.401787821   25.735254410
   -1.047197551   -2.443460953   48.557795764   30.625120188   22.836424884
   -0.856797996   -2.443460953   54.579469885   31.890191775   18.227682063
   -0.666398442   -2.443460953   60.442611918   28.754095615   12.356933310
   -0.475998887   -2.443460953   65.225378528   20.486076084    5.933151774
   -0.285599332   -2.443460953   67.938554741    7.100018898   -0.299580584
   -0.095199777   -2.443460953   67.682915239  -10.396440888   -5.761569948
    0.095199777   -2.443460953   63.890442698  -29.475075193  -10.122583691
    0.285599332   -2.443460953   56.649522645  -45.736095661  -13.268692236
    0.475998887   -2.443460953   47.018617883  -53.698804556  -15.218179361
    0.666398442   -2.443460953   37.044932991  -48.800289284  -16.031285714
    0.856797996   -2.443460953   29.336888330  -30.127320345  -15.784443228
    1.047197551   -2.443460953   26.198240362   -1.904620686  -14.579907330
    1.237597106   -2.443460953   28.706342226   27.621035737  -12.570066165
    1.427996661   -2.443460953   36.232508589   49.489339922   -9.943488341
    1.618396215   -2.443460953   46.672041741   57.600107510   -6.875988329
    1.808795770   -2.443460953   57.206886416   50.680440549   -3.465294656
    1.999195325   -2.443460953   65.213688729   31.843124391    0.262316128
    2.189594880   -2.443460953   68.932746755    6.665821027    4.301747224
    2.379994435   -2.443460953   67.740457240  -18.769357087    8.579964125
    2.570393989   -2.443460953   62.108252820  -39.206496937   12.911035466
    2.760793544   -2.443460953   53.370942847  -50.971896005   17.003889413
    2.951193099   -2.443460953   43.367935348  -52.457789760   20.543132059

   -3.141592654   -2.094395102   40.796858199  -40.530424816   14.350529319
   -2.951193099   -2.094395102   34.296552708  -27.187602677   15.494294699
   -2.760793544   -2.094395102   30.614266709  -11.611825998   16.111455271
   -2.570393989   -2.094395102   29.756929314    1.915718536   16.265062776
   -2.379994435   -2.094395102   31.047748568   10.715353015   16.051505053
   -2.189594880   -2.094395102   33.521308711   14.503764733   15.595122663
   -1.999195325   -2.094395102   36.366263292   15.027210176   14.991578659
   -1.808795770   -2.094395102   39.199269807   14.774547508   14.212603068
   -1.618396215   -2.094395102   42.063697909   15.545333401   13.058554435
   -1.427996661   -2.094395102   45.212062160   17.690249294   11.227078082
   -1.237597106   -2.094395102   48.833992767   20.288622099    8.465470717
   -1.047197551   -2.094395102   52.882525929   21.930186037    4.735864069
   -0.856797996   -2.094395102   57.056080415   21.369054136    0.276146404
   -0.666398442   -2.094395102   60.843891939   17.729429321   -4.440697661
   -0.475998887   -2.094395102   63.595887545   10.420518282   -8.870123634
   -0.285599332   -2.094395102   64.576266459   -0.877070806  -12.550118948
   -0.095199777   -2.094395102   63.047182798  -15.755911754  -15.219447759
    0.095199777   -2.094395102   58.481475051  -32.288049882  -16.852760210
    0.285599332   -2.094395102   50.911403890  -46.476021270  -17.593743701
    0.475998887   -2.094395102   41.288893842  -52.954566372  -17.664625981
    0.666398442   -2.094395102   31.557244610  -47.057384919  -17.251477569
    0.856797996   -2.094395102   24.251329151  -27.665960439  -16.449975317
    1.047197551   -2.094395102   21.640431469    1.181254107  -15.247560358
    1.237597106   -2.094395102   24.794054073   31.326604967  -13.574531737
    1.427996661   -2.094395102   33.086552126   53.830475227  -11.380276070
    1.618396215   -2.094395102   44.414473298   62.586390964   -8.687690391
    1.808795770   -2.094395102   55.959565977   56.290509298   -5.593431293
    1.999195325   -2.094395102   65.090567227   38.017127621   -2.248956364
    2.189594880   -2.094395102   70.029493502   13.261191839    1.183590581
    2.379994435   -2.094395102   70.114873938  -12.004107411    4.539454907
    2.570393989   -2.094395102   65.759939585  -32.631519511    7.662164175
    2.760793544   -2.094395102   58.225975356  -44.980485293   10.403231464
    2.951193099   -2.094395102   49.281222113  -47.393198606   12.651933450

   -3.141592654   -1.745329252   43.173566123  -38.860863150    5.755072695
   -2.951193099   -1.745329252   36.947287249  -25.985576056    6.186983677
   -2.760793544   -1.745329252   33.449034667  -10.893033878    6.410272276
   -2.570393989   -1.745329252   32.675265893    2.054667663    6.414009532
   -2.379994435   -1.745329252   33.928339422   10.156106536    6.131731201
   -2.189594880   -1.745329252   36.218485552   13.110972577    5.467138968
   -1.999195325   -1.745329252   38.703154399   12.596084978    4.311841597
   -1.808795770   -1.745329252   40.951317264   11.009575914    2.553285175
   -1.618396215   -1.745329252   42.949046709   10.174682329    0.112611415
   -1.427996661   -1.745329252   44.915777215   10.678467870   -2.982827744
   -1.237597106   -1.745329252   47.074037882   12.043029963   -6.550928682
   -1.047197551   -1.745329252   49.500655538   13.317637446  -10.258497907
   -0.856797996   -1.745329252   52.089428085   13.536335257  -13.705990749
   -0.666398442   -1.745329252   54.546552571   11.738094019  -16.517192701
   -0.475998887   -1.745329252   56.389952996    6.939551591  -18.445173382
   -0.285599332   -1.745329252   56.957362515   -1.758126140  -19.413540978
   -0.095199777   -1.745329252   55.475277701  -14.496094877  -19.521094986
    0.095199777   -1.745329252   51.291022503  -29.690090245  -19.015914217
    0.285599332   -1.745329252   44.271416868  -43.432761076  -18.205033013
    0.475998887   -1.745329252   35.210889944  -50.177268114  -17.371113958
    0.666398442   -1.745329252   25.951893236  -44.886544648  -16.663846643
    0.856797996   -1.745329252   19.007153720  -25.988487086  -16.055523796
    1.047197551   -1.745329252   16.704368906    2.835079772  -15.346327831
    1.237597106   -1.745329252   20.216808952   33.521592224  -14.260886450
    1.427996661   -1.745329252   29.013599149   56.957067239  -12.595017532
    1.618396215   -1.745329252   41.032734059   66.683932305  -10.319016333
    1.808795770   -1.745329252   53.429623968   61.057265199   -7.588767031
    1.999195325   -1.745329252   63.496460908   42.990935209   -4.685047788
    2.189594880   -1.745329252   69.367163687   17.998941359   -1.896017744
    2.379994435   -1.745329252   70.307861509   -7.801701712    0.552628086
    2.570393989   -1.745329252   66.690009428  -29.113331052    2.537217985
    2.760793544   -1.745329252   59.759395180  -42.159919759    4.025297032
    2.951193099   -1.745329252   51.291006081  -45.198185472    5.066566303

   -3.141592654   -1.396263402   41.743088143  -39.488842894    3.394691439
   -2.951193099   -1.396263402   35.400916491  -26.556476830    3.174442928
   -2.760793544   -1.396263402   31.809003611  -11.310288676    2.767688676
   -2.570393989   -1.396263402   30.964771694    1.697334234    2.169414667
   -2.379994435   -1.396263402   32.134986654    9.573735517    1.266934767
   -2.189594880   -1.396263402   34.256751492   11.834128975   -0.134693731
   -1.999195325   -1.396263402   36.386835730   10.058145116   -2.246775228
   -1.808795770   -1.396263402   37.994773081    6.775882542   -5.199877357
   -1.618396215   -1.396263402   39.020725342    4.249192866   -8.933442612
   -1.427996661   -1.396263402   39.742252854    3.678864351  -13.123426987
   -1.237597106   -1.396263402   40.553153014    5.110325690  -17.221631354
   -1.047197551   -1.396263402   41.769971467    7.744916105  -20.599906572
   -0.856797996   -1.396263402   43.512274943   10.347696022  -22.756745861
   -0.666398442   -1.396263402   45.628662925   11.361287165  -23.457239875
   -0.475998887   -1.396263402   47.655660573    9.159909745  -22.790264665
   -0.285599332   -1.396263402   48.837409541    2.324170694  -21.102157072
   -0.095199777   -1.396263402   48.230036449   -9.582663793  -18.871823273
    0.095199777   -1.396263402   44.975443609  -25.010335598  -16.589555338
    0.285599332   -1.396263402   38.751682501  -39.875568456  -14.625333717
    0.475998887   -1.396263402   30.217994156  -48.231060630  -13.175895944
    0.666398442   -1.396263402   21.175553534  -44.500464738  -12.230250501
    0.856797996   -1.396263402   14.201141924  -26.552941968  -11.609703961
    1.047197551   -1.396263402   11.776798922    2.283815342  -11.029268260
    1.237597106   -1.396263402   15.262360391   33.904037057  -10.198743305
    1.427996661   -1.396263402   24.267272953   58.778999260   -8.934919295
    1.618396215   -1.396263402   36.768457866   69.850321901   -7.212313379
    1.808795770   -1.396263402   49.851567560   64.960263766   -5.159189488
    1.999195325   -1.396263402   60.669237591   46.838803041   -2.997874727
    2.189594880   -1.396263402   67.212690482   21.120478685   -0.955631871
    2.379994435   -1.396263402   68.648597656   -5.755935221    0.782731734
    2.570393989   -1.396263402   65.314252838  -28.165521920    2.101845584
    2.760793544   -1.396263402   58.476407215  -42.080775990    2.951670702
    2.951193099   -1.396263402   49.967426343  -45.643842935    3.356347778

   -3.141592654   -1.047197551   39.684379144  -41.976874508    3.932374909
   -2.951193099   -1.047197551   32.870865883  -28.965145709    2.748197229
   -2.760793544   -1.047197551   28.853031847  -13.355217407    1.286857983
   -2.570393989   -1.047197551   27.654912423   -0.014106173   -0.351287728
   -2.379994435   -1.047197551   28.502427842    7.796597205   -2.203132147
   -2.189594880   -1.047197551   30.227796450    9.327056723   -4.443762241
   -1.999195325   -1.047197551   31.758118426    6.183192751   -7.295991173
   -1.808795770   -1.047197551   32.475432027    1.312146232  -10.862826974
   -1.618396215   -1.047197551   32.343179353   -2.305247708  -14.958234868
   -1.427996661   -1.047197551   31.803528100   -2.771056427  -19.049804448
   -1.237597106   -1.047197551   31.517124574    0.289331876  -22.387337038
   -1.047197551   -1.047197551   32.076494327    5.818884239  -24.269749305
   -0.856797996   -1.047197551   33.778188261   11.861112453  -24.321932064
   -0.666398442   -1.047197551   36.487921220   15.944922335  -22.626739001
   -0.475998887   -1.047197551   39.597342680   15.714150938  -19.675680508
   -0.285599332   -1.047197551   42.100568838    9.402918197  -16.175565460
   -0.095199777   -1.047197551   42.780194171   -3.358169068  -12.804369680
    0.095199777   -1.047197551   40.549312268  -20.598848292  -10.029411116
    0.285599332   -1.047197551   34.957836015  -37.658044129   -7.993335108
    0.475998887   -1.047197551   26.651078633  -47.974905451   -6.570409440
    0.666398442   -1.047197551   17.525310884  -45.487982655   -5.488899513
    0.856797996   -1.047197551   10.323171746  -27.801899606   -4.502180842
    1.047197551   -1.047197551    7.714628909    1.721552200   -3.481343234
    1.237597106   -1.047197551   11.212440402   34.635944375   -2.412714044
    1.427996661   -1.047197551   20.494204398   60.914169789   -1.343657906
    1.618396215   -1.047197551   33.509087931   73.005441641   -0.297821090
    1.808795770   -1.047197551   47.236905820   68.444393087    0.739740182
    1.999195325   -1.047197551   58.691787894   49.935565060    1.795682826
    2.189594880   -1.047197551   65.743190786   23.286450520    2.858745192
    2.379994435   -1.047197551   67.478850239   -4.797666272    3.839844937
    2.570393989   -1.047197551   64.207218777  -28.454972979    4.580397101
    2.760793544   -1.047197551   57.206709940  -43.455257759    4.901192990
    2.951193099   -1.047197551   48.356879512  -47.787520843    4.687201363

   -3.141592654   -0.698131701   39.505000753  -45.359285292    3.592745245
   -2.951193099   -0.698131701   32.008999213  -32.673101765    1.269860494
   -2.760793544   -0.698131701   27.285458362  -17.011938989   -1.361734964
   -2.570393989   -0.698131701   25.405389340   -3.540415392   -4.059965166
   -2.379994435   -0.698131701   25.573846226    4.112783615   -6.742840115
   -2.189594880   -0.698131701   26.542375568    4.973508819   -9.530525282
   -1.999195325   -0.698131701   27.146410929    0.778324036  -12.635624288
   -1.808795770   -0.698131701   26.741057652   -4.987277649  -16.125715538
   -1.618396215   -0.698131701   25.389775860   -8.600984713  -19.711268944
   -1.427996661   -0.698131701   23.763860552   -7.621021253  -22.724215674
   -1.237597106   -0.698131701   22.807960006   -1.684072855  -24.349919813
   -1.047197551   -0.698131701   23.334658280    7.501974251  -23.999954209
   -0.856797996   -0.698131701   25.694863925   16.962687612  -21.609582157
   -0.666398442   -0.698131701   29.613452478   23.279823591  -17.692795458
   -0.475998887   -0.698131701   34.199198733   23.588196664  -13.134043313
   -0.285599332   -0.698131701   38.121096379   16.197412457   -8.851660108
   -0.095199777   -0.698131701   39.903063122    1.306102823   -5.466757781
    0.095199777   -0.698131701   38.335560617  -18.257939876   -3.141291899
    0.285599332   -0.698131701   33.010374868  -37.053533185   -1.584477051
    0.475998887   -0.698131701   24.734943111  -48.062357799   -0.286503407
    0.666398442   -0.698131701   15.610074011  -45.257783542    1.191715550
    0.856797996   -0.698131701    8.534273349  -26.679631477    2.979219859
    1.047197551   -0.698131701    6.230857908    3.746956143    4.860628810
    1.237597106   -0.698131701   10.171510710   37.159429773    6.455274248
    1.427996661   -0.698131701   19.942818528   63.451861303    7.452788060
    1.618396215   -0.698131701   33.415765927   75.240175418    7.801081714
    1.808795770   -0.698131701   47.531261365   70.279214001    7.690754997
    1.999195325   -0.698131701   59.298603907   51.385541838    7.422001881
    2.189594880   -0.698131701   66.586939962   24.309821272    7.219772683
    2.379994435   -0.698131701   68.463362162   -4.381600389    7.119581110
    2.570393989   -0.698131701   65.191621060  -28.917414337    6.954784111
    2.760793544   -0.698131701   58.001536587  -44.998930556    6.448020693
    2.951193099   -0.698131701   48.754237323  -50.396852145    5.357877352

   -3.141592654   -0.349065850   40.187606604  -50.052221377    2.871739794
   -2.951193099   -0.349065850   31.719171021  -38.094849196   -0.155161795
   -2.760793544   -0.349065850   25.936696641  -22.620264833   -3.377366734
   -2.570393989   -0.349065850   23.001093112   -8.989758034   -6.506544547
   -2.379994435   -0.349065850   22.147857501   -1.203910578   -9.420492822
   -2.189594880   -0.349065850   22.093916618   -0.501622306  -12.206786274
   -1.999195325   -0.349065850   21.624131761   -5.013628053  -15.030149982
   -1.808795770   -0.349065850   20.112356586  -10.683916750  -17.872814902
   -1.618396215   -0.349065850   17.768824989  -13.091000252  -20.346870008
   -1.427996661   -0.349065850   15.517990109   -9.453817076  -21.752985698
   -1.237597106   -0.349065850   14.558538454    0.229682727  -21.397343933
   -1.047197551   -0.349065850   15.823273803   13.260231400  -18.990796730
   -0.856797996   -0.349065850   19.568852742   25.486493357  -14.870525743
   -0.666398442   -0.349065850   25.227262894   32.680941220   -9.910792265
   -0.475998887   -0.349065850   31.525179557   31.861184567   -5.159484168
   -0.285599332   -0.349065850   36.796359168   21.940292237   -1.430102283
   -0.095199777   -0.349065850   39.394309773    4.159071804    1.006103512
    0.095199777   -0.349065850   38.147034563  -17.548911479    2.464640952
    0.285599332   -0.349065850   32.864605738  -37.049541162    3.663321672
    0.475998887   -0.349065850   24.643143107  -47.292769405    5.330216574
    0.666398442   -0.349065850   15.811521854  -42.902037209    7.821131342
    0.856797996   -0.349065850    9.332624134  -22.898047971   10.914550498
    1.047197551   -0.349065850    7.814480326    7.998587701   13.918935964
    1.237597106   -0.349065850   12.515288238   40.697073160   16.051783248
    1.427996661   -0.349065850   22.825542089   65.500963173   16.824266999
    1.618396215   -0.349065850   36.535866230   75.728624328   16.260558754
    1.808795770   -0.349065850   50.632510578   69.708880628   14.798873611
    1.999195325   -0.349065850   62.243766094   50.420608947   13.028359334
    2.189594880   -0.349065850   69.346419205   23.364412715   11.391592228
    2.379994435   -0.349065850   71.045344357   -5.340994908   10.031224256
    2.570393989   -0.349065850   67.559311031  -30.293533117    8.789081047
    2.760793544   -0.349065850   60.026133604  -47.300481811    7.347374584
    2.951193099   -0.349065850   50.225484833  -53.934534562    5.414301095

   -3.141592654    0.000000000   41.221618019  -55.239554688    1.865031141
   -2.951193099    0.000000000   31.703877119  -43.820427613   -0.986871657
   -2.760793544    0.000000000   24.823088029  -28.329514552   -3.852298954
   -2.570393989    0.000000000   20.836560411  -14.273701214   -6.539086595
   -2.379994435    0.000000000   19.025162841   -5.997815909   -8.986347259
   -2.189594880    0.000000000   18.091265835   -4.979952841  -11.272969883
   -1.999195325    0.000000000   16.792826965   -9.204281788  -13.475892949
   -1.808795770    0.000000000   14.544880571  -14.084379593  -15.452070416
   -1.618396215    0.000000000   11.709413869  -14.649053475  -16.741921121
   -1.427996661    0.000000000    9.429992039   -8.031930656  -16.723802038
   -1.237597106    0.000000000    9.072702515    5.134746932  -14.958731610
   -1.047197551    0.000000000   11.563523965   21.033910860  -11.516863958
   -0.856797996    0.000000000   16.936811908   34.469414113   -7.044940908
   -0.666398442    0.000000000   24.256762126   40.817398996   -2.529114850
   -0.475998887    0.000000000   31.887312037   37.517801148    1.142553149
   -0.285599332    0.000000000   37.945500319   24.558431030    3.538215232
   -0.095199777    0.000000000   40.799450205    4.432075552    4.853071333
    0.095199777    0.000000000   39.507164481  -17.977640654    5.785244715
    0.285599332    0.000000000   34.227097126  -36.311587710    7.205621199
    0.475998887    0.000000000   26.365670229  -44.133094811    9.727614052
    0.666398442    0.000000000   18.380183636  -37.296419376   13.378261712
    0.856797996    0.000000000   13.112835453  -16.091577774   17.532521937
    1.047197551    0.000000000   12.854956435   14.090706802   21.168184121
    1.237597106    0.000000000   18.509237436   44.401326162   23.342803366
    1.427996661    0.000000000   29.232534853   66.126030325   23.593474240
    1.618396215    0.000000000   42.795703124   73.714393214   22.090851719
    1.808795770    0.000000000   56.346457724   66.214216066   19.457400109
    1.999195325    0.000000000   67.249204883   46.649401879   16.439186426
    2.189594880    0.000000000   73.669566369   20.040953794   13.587610802
    2.379994435    0.000000000   74.787638788   -8.160589678   11.122651484
    2.570393989    0.000000000   70.779914062  -33.052044901    8.951837143
    2.760793544    0.000000000   62.678587108  -50.602502207    6.824204242
    2.951193099    0.000000000   52.162669554  -58.184747286    4.496923225

   -3.141592654    0.349065850   42.928743285  -59.388894423    1.622623674
   -2.951193099    0.349065850   32.586267241  -48.261564808   -0.161317882
   -2.760793544    0.349065850   24.855865960  -32.747129679   -1.806150136
   -2.570393989    0.349065850   20.050283500  -18.429933002   -3.317578785
   -2.379994435    0.349065850   17.475948766   -9.854586394   -4.766225506
   -2.189594880    0.349065850   15.832172320   -8.572187641   -6.248935177
   -1.999195325    0.349065850   13.886345369  -12.341285019   -7.764513625
   -1.808795770    0.349065850   11.129658625  -16.147361130   -9.082983578
   -1.618396215    0.349065850    8.073434742  -14.752752667   -9.757679737
   -1.427996661    0.349065850    6.017601395   -5.516684967   -9.330081713
   -1.237597106    0.349065850    6.387682366   10.161012023   -7.615698301
   -1.047197551    0.349065850    9.998259165   27.529534636   -4.881540791
   -0.856797996    0.349065850   16.620469340   40.801278220   -1.766277704
   -0.666398442    0.349065850   25.007093028   45.490516888    1.011274070
   -0.475998887    0.349065850   33.305722156   39.828363142    3.015160379
   -0.285599332    0.349065850   39.604345561   24.930077192    4.282783996
   -0.095199777    0.349065850   42.449075121    4.246277792    5.315631817
    0.095199777    0.349065850   41.210055255  -16.943123313    6.849211321
    0.285599332    0.349065850   36.361195427  -32.653761729    9.507777751
    0.475998887    0.349065850   29.484569343  -37.504937481   13.480824435
    0.666398442    0.349065850   22.976551280  -28.683020501   18.345534713
    0.856797996    0.349065850   19.385875129   -7.489196769   23.154501982
    1.047197551    0.349065850   20.588679110   20.496358740   26.775882591
    1.237597106    0.349065850   27.128029561   47.145675908   28.357229021
    1.427996661    0.349065850   37.996905082   64.994092880   27.648725274
    1.618396215    0.349065850   51.042324589   69.637082380   25.042903147
    1.808795770    0.349065850   63.654649406   60.699608517   21.320511603
    1.999195325    0.349065850   73.484251744   41.083504645   17.305162646
    2.189594880    0.349065850   78.910050315   15.242747650   13.581753862
    2.379994435    0.349065850   79.203530024  -12.053277044   10.411491749
    2.570393989    0.349065850   74.516012424  -36.382341844    7.778967821
    2.760793544    0.349065850   65.791848514  -53.899107774    5.535814318
    2.951193099    0.349065850   54.616775124  -61.854396358    3.516828977

   -3.141592654    0.698131701   44.462660168  -61.412878711    0.218216050
   -2.951193099    0.698131701   33.742568310  -50.191908574   -0.044550408
   -2.760793544    0.698131701   25.644019802  -34.685449073   -0.097988703
   -2.570393989    0.698131701   20.459985517  -20.477067773   -0.144512730
   -2.379994435    0.698131701   17.476827580  -12.100488528   -0.365853879
   -2.189594880    0.698131701   15.387936973  -10.967433737   -0.869463472
   -1.999195325    0.698131701   12.995207269  -14.554333595   -1.620868270
   -1.808795770    0.698131701    9.881230734  -17.568569680   -2.407766711
   -1.618396215    0.698131701    6.680127140  -14.767262187   -2.910474425
   -1.427996661    0.698131701    4.778771590   -3.889919439   -2.871910608
   -1.237597106    0.698131701    5.587876213   13.020765957   -2.252653290
   -1.047197551    0.698131701    9.789362199   30.696773258   -1.263494560
   -0.856797996    0.698131701   16.962286282   43.270911130   -0.220217462
   -0.666398442    0.698131701   25.706126336   46.750333303    0.668284664
   -0.475998887    0.698131701   34.144888585   40.151126982    1.479585292
   -0.285599332    0.698131701   40.492016413   25.324761124    2.573931811
   -0.095199777    0.698131701   43.525377509    6.061250753    4.454801417
    0.095199777    0.698131701   42.861138089  -12.578007424    7.540306954
    0.285599332    0.698131701   39.125143416  -25.346330229   11.918858485
    0.475998887    0.698131701   33.876124856  -27.924415310   17.214686612
    0.666398442    0.698131701   29.282599393  -18.505104922   22.598049096
    0.856797996    0.698131701   27.513963340    1.094089347   27.004705332
    1.047197551    0.698131701   30.039995889   25.553763993   29.486185639
    1.237597106    0.698131701   37.121375059   47.736231334   29.553977486
    1.427996661    0.698131701   47.693412090   61.449811868   27.338827969
    1.618396215    0.698131701   59.770925115   63.289786883   23.480470293
    1.808795770    0.698131701   71.044050834   53.257281952   18.832197560
    1.999195325    0.698131701   79.471171889   33.982475436   14.166564123
    2.189594880    0.698131701   83.647969453    9.306089989    9.995648566
    2.379994435    0.698131701   82.941398929  -16.635820008    6.568187148
    2.570393989    0.698131701   77.495010240  -39.823549986    3.939300118
    2.760793544    0.698131701   68.194488650  -56.572489949    2.070942031
    2.951193099    0.698131701   56.555442656  -64.092912785    0.871596166

   -3.141592654    1.047197551   43.073271962  -61.592579623   -4.282111129
   -2.951193099    1.047197551   32.404190549  -49.523670062   -3.309832200
   -2.760793544    1.047197551   24.477053160  -33.619961314   -2.091637244
   -2.570393989    1.047197551   19.500334538  -19.420364729   -0.957084171
   -2.379994435    1.047197551   16.691535426  -11.353527031   -0.125253112
   -2.189594880    1.047197551   14.703090648  -10.658741892    0.315271126
   -1.999195325    1.047197551   12.331724765  -14.609278205    0.389671269
   -1.808795770    1.047197551    9.189738718  -17.765063898    0.200014253
   -1.618396215    1.047197551    5.954859611  -14.904054836   -0.131504110
   -1.427996661    1.047197551    4.037491488   -3.942162313   -0.520100678
   -1.237597106    1.047197551    4.832644080   12.872439462   -0.924139044
   -1.047197551    1.047197551    8.980594963   30.254915173   -1.297492035
   -0.856797996    1.047197551   16.042455526   42.583825492   -1.500689176
   -0.666398442    1.047197551   24.669132353   46.333514943   -1.268629102
   -0.475998887    1.047197551   33.125025879   40.919012391   -0.240399845
   -0.285599332    1.047197551   39.814458700   28.304058462    1.919142987
   -0.095199777    1.047197551   43.685977094   11.959330773    5.377307063
    0.095199777    1.047197551   44.427720560   -3.783954219   10.024794154
    0.285599332    1.047197551   42.574842632  -14.589406657   15.400419901
    0.475998887    1.047197551   39.427359025  -16.950357918   20.739129258
    0.666398442    1.047197551   36.776726075   -9.423623354   25.112564072
    0.856797996    1.047197551   36.407285218    6.468398937   27.685893097
    1.047197551    1.047197551   39.521516578   26.302126358   27.979106807
    1.237597106    1.047197551   46.316329215   44.114633676   26.014055173
    1.427996661    1.047197551   55.871712140   54.645112152   22.284047617
    1.618396215    1.047197551   66.474092485   54.853333764   17.529997604
    1.808795770    1.047197551   76.098248789   44.558135644   12.476116002
    1.999195325    1.047197551   82.919399735   25.909425467    7.663602219
    2.189594880    1.047197551   85.657418098    2.312423848    3.421516037
    2.379994435    1.047197551   83.739025022  -22.348809004   -0.049084148
    2.570393989    1.047197551   77.336544285  -44.130987495   -2.605609378
    2.760793544    1.047197551   67.355332421  -59.405597445   -4.142642893
    2.951193099    1.047197551   55.313814879  -65.492053444   -4.655005623

   -3.141592654    1.396263402   38.536963782  -59.975222684  -10.814245346
   -2.951193099    1.396263402   28.328455496  -46.411658696   -9.466397812
   -2.760793544    1.396263402   21.072836173  -29.814663492   -7.713650765
   -2.570393989    1.396263402   16.826230142  -15.664333516   -5.869447834
   -2.379994435    1.396263402   14.682261646   -8.192072176   -4.105037815
   -2.189594880    1.396263402   13.212184173   -8.409879195   -2.481117537
   -1.999195325    1.396263402   11.169500695  -13.423333976   -1.035220607
   -1.808795770    1.396263402    8.147824723  -17.692259103    0.148972664
   -1.618396215    1.396263402    4.821674857  -15.931388778    0.939496666
   -1.427996661    1.396263402    2.614512629   -5.931303166    1.224174534
   -1.237597106    1.396263402    2.968515624   10.297618877    1.026807040
   -1.047197551    1.396263402    6.625644072   27.808755657    0.580813785
   -0.856797996    1.396263402   13.311618357   41.256943725    0.326656941
   -0.666398442    1.396263402   21.877764708   47.188432417    0.782554487
   -0.475998887    1.396263402   30.770935791   44.747222299    2.382197783
   -0.285599332    1.396263402   38.494897201   35.308129559    5.324376511
   -0.095199777    1.396263402   43.963745374   21.578626954    9.486111902
    0.095199777    1.396263402   46.685555549    7.122026744   14.426598772
    0.285599332    1.396263402   46.887400529   -4.241044951   19.418853716
    0.475998887    1.396263402   45.501827582   -9.097156688   23.591999113
    0.666398442    1.396263402   43.985737044   -5.539521113   26.121436668
    0.856797996    1.396263402   43.925467235    5.841534656   26.478517710
    1.047197551    1.396263402   46.525546843   21.699465740   24.600249066
    1.237597106    1.396263402   52.169221679   36.886931392   20.889044649
    1.427996661    1.396263402   60.223105433   46.335461765   16.051678541
    1.618396215    1.396263402   69.236693323   46.603927241   10.817276070
    1.808795770    1.396263402   77.340970568   36.867083188    5.717303898
    1.999195325    1.396263402   82.755049268   18.798780171    1.033095452
    2.189594880    1.396263402   84.189403678   -4.261914348   -3.114692486
    2.379994435    1.396263402   81.084142263  -28.173681788   -6.612546521
    2.570393989    1.396263402   73.683417403  -48.678692157   -9.280331505
    2.760793544    1.396263402   63.005693472  -62.077001126  -10.908781009
    2.951193099    1.396263402   50.662593756  -65.948659884  -11.390607681

   -3.141592654    1.745329252   31.929138325  -58.344204877  -16.983932504
   -2.951193099    1.745329252   22.199356537  -43.116577290  -15.783275227
   -2.760793544    1.745329252   15.673170965  -25.570201605  -13.950569311
   -2.570393989    1.745329252   12.273415293  -11.107297187  -11.729908139
   -2.379994435    1.745329252   10.988348583   -3.790076261   -9.244459062
   -2.189594880    1.745329252   10.313545557   -4.514513789   -6.542324346
   -1.999195325    1.745329252    8.938162773  -10.373904586   -3.704660231
   -1.808795770    1.745329252    6.389198535  -15.835201132   -0.931462677
   -1.618396215    1.745329252    3.284211740  -15.490124810    1.478866273
   -1.427996661    1.745329252    1.034500857   -6.768056329    3.249005588
   -1.237597106    1.745329252    1.157571012    8.841663841    4.292803361
   -1.047197551    1.745329252    4.566547760   26.858419656    4.810185755
   -0.856797996    1.745329252   11.219647441   42.048432542    5.253902127
   -0.666398442    1.745329252   20.179508377   50.631656443    6.144807596
   -0.475998887    1.745329252   30.004888156   51.064110635    7.857698826
   -0.285599332    1.745329252   39.166443402   43.924852351   10.466151100
   -0.095199777    1.745329252   46.400640794   31.258986628   13.680677937
    0.095199777    1.745329252   50.937373025   16.213547191   16.918549751
    0.285599332    1.745329252   52.678230010    2.568799316   19.419968295
    0.475998887    1.745329252   52.261648964   -5.904396941   20.473698465
    0.666398442    1.745329252   50.955417507   -6.544399913   19.642028945
    0.856797996    1.745329252   50.324964790    1.007984981   16.950274235
    1.047197551    1.745329252   51.728574002   14.204558993   12.890789310
    1.237597106    1.745329252   55.813321428   28.250478060    8.222244513
    1.427996661    1.745329252   62.219344754   37.821716661    3.675527500
    1.618396215    1.745329252   69.679052278   38.834914855   -0.321357630
    1.808795770    1.745329252   76.378128872   29.833844107   -3.725265670
    1.999195325    1.745329252   80.498808626   12.194999921   -6.745859225
    2.189594880    1.745329252   80.700583917  -10.596501787   -9.611233122
    2.379994435    1.745329252   76.430312780  -33.990211936  -12.358795072
    2.570393989    1.745329252   68.018588677  -53.349663453  -14.777871127
    2.760793544    1.745329252   56.616818756  -64.896767681  -16.515862092
    2.951193099    1.745329252   43.948012181  -66.501456280  -17.279450612

   -3.141592654    2.094395102   24.789071330  -57.541792260  -19.094045998
   -2.951193099    2.094395102   15.354848360  -40.883297140  -18.025630816
   -2.760793544    2.094395102    9.358364743  -22.313424784  -16.149295608
   -2.570393989    2.094395102    6.652888839   -7.108743546  -13.641500614
   -2.379994435    2.094395102    6.189839993    0.831202396  -10.621960367
   -2.189594880    2.094395102    6.447799076    0.633821582   -7.169169554
   -1.999195325    2.094395102    6.084325810   -4.965699417   -3.395251188
   -1.808795770    2.094395102    4.552422708  -10.661866768    0.476242518
   -1.618396215    2.094395102    2.365103932  -11.115300052    4.113540247
   -1.427996661    2.094395102    0.844462701   -3.513751441    7.174569157
   -1.237597106    2.094395102    1.490975723   11.140968936    9.464048049
   -1.047197551    2.094395102    5.296748914   28.854831569   11.035605072
   -0.856797996    2.094395102   12.368000392   44.573142837   12.171493245
   -0.666398442    2.094395102   21.910955684   54.287714844   13.219030683
   -0.475998887    2.094395102   32.549587895   55.901431019   14.397025765
   -0.285599332    2.094395102   42.702458705   49.338256613   15.668040585
   -0.095199777    2.094395102   50.936230414   36.128071844   16.710995557
    0.095199777    2.094395102   56.240676301   19.181702356   17.028236806
    0.285599332    2.094395102   58.270023185    2.475909355   16.097798641
    0.475998887    2.094395102   57.495709390   -9.593524344   13.610147546
    0.666398442    2.094395102   55.167759939  -13.436626403    9.646373473
    0.856797996    2.094395102   53.013676570   -7.824579135    4.745921976
    1.047197551    2.094395102   52.684500808    5.122186581   -0.254319605
    1.237597106    2.094395102   55.139148432   20.406582741   -4.544559672
    1.427996661    2.094395102   60.235028470   31.948064816   -7.653527861
    1.618396215    2.094395102   66.755631214   34.748896510   -9.609608579
    1.808795770    2.094395102   72.784920397   26.729958378  -10.844839245
    1.999195325    2.094395102   76.333172362    9.160234839  -11.928464965
    2.189594880    2.094395102   75.917022588  -14.083224547  -13.280778771
    2.379994435    2.094395102   70.941897572  -37.829054445  -14.996969618
    2.570393989    2.094395102   61.811312743  -56.920641953  -16.839198870
    2.760793544    2.094395102   49.817546146  -67.413254630  -18.380456757
    2.951193099    2.094395102   36.816223332  -67.408802028  -19.210537138

   -3.141592654    2.443460953   18.267225220  -57.481180017  -12.763152018
   -2.951193099    2.443460953    8.977329124  -39.434912896  -11.334476222
   -2.760793544    2.443460953    3.391974212  -19.461701862   -9.337296114
   -2.570393989    2.443460953    1.362610975   -2.869789266   -6.912851498
   -2.379994435    2.443460953    1.836061876    6.411153793   -4.138494486
   -2.189594880    2.443460953    3.273265787    7.392663791   -1.002748523
   -1.999195325    2.443460953    4.281201475    2.586914316    2.535863619
   -1.808795770    2.443460953    4.214776173   -2.947107743    6.427447635
   -1.618396215    2.443460953    3.453307558   -3.977982738   10.445128214
   -1.427996661    2.443460953    3.188270618    2.458857857   14.202916583
   -1.237597106    2.443460953    4.842130614   15.741482477   17.289219920
   -1.047197551    2.443460953    9.407509916   32.290021047   19.429542535
   -0.856797996    2.443460953   17.054155574   47.245232791   20.569607887
   -0.666398442    2.443460953   27.058458409   56.475937522   20.821108000
   -0.475998887    2.443460953   38.064257572   57.513194250   20.321839305
   -0.285599332    2.443460953   48.431929204   49.855988334   19.109512147
   -0.095199777    2.443460953   56.598570219   34.766356219   17.063949985
    0.095199777    2.443460953   61.401378375   15.163044077   13.977056971
    0.285599332    2.443460953   62.378607572   -4.566230105    9.692632042
    0.475998887    2.443460953   59.999205620  -19.279444658    4.314653701
    0.666398442    2.443460953   55.668008148  -24.512179313   -1.673184768
    0.856797996    2.443460953   51.415548494  -18.450654792   -7.444418627
    1.047197551    2.443460953   49.251622401   -3.260559541  -12.093004337
    1.237597106    2.443460953   50.416180025   15.331586546  -14.991319125
    1.427996661    2.443460953   54.864905373   30.128926730  -16.033199289
    1.618396215    2.443460953   61.272071282   35.157232127  -15.652648076
    1.808795770    2.443460953   67.474562808   27.906831917  -14.584323093
    1.999195325    2.443460953   71.214008805    9.832447212  -13.545856816
    2.189594880    2.443460953   70.818683743  -14.580097602  -12.985341530
    2.379994435    2.443460953   65.634712682  -39.457472391  -12.989250682
    2.570393989    2.443460953   56.127187926  -59.125270326  -13.332359084
    2.760793544    2.443460953   43.718785565  -69.434526591  -13.631613668
    2.951193099    2.443460953   30.403968296  -68.586293493  -13.517821489

   -3.141592654    2.792526803   15.533382877  -55.982018251    0.695176880
   -2.951193099    2.792526803    6.588897425  -37.327064365    2.643064013
   -2.760793544    2.792526803    1.462334457  -16.769722270    4.579326655
   -2.570393989    2.792526803    0.000000000    0.393191932    6.465945607
   -2.379994435    2.792526803    1.155648888   10.332613067    8.385175769
   -2.189594880    2.792526803    3.416652777   12.151625543   10.555751587
   -1.999195325    2.792526803    5.423160832    8.319693970   13.240487383
   -1.808795770    2.792526803    6.536089709    3.659076406   16.558065896
   -1.618396215    2.792526803    7.082923615    3.052253780   20.318973692
   -1.427996661    2.792526803    8.140484879    9.185782419   24.010380822
   -1.237597106    2.792526803   10.983819510   21.388684976   26.962598382
   -1.047197551    2.792526803   16.472201287   36.262625092   28.606091680
   -0.856797996    2.792526803   24.687725042   49.212417215   28.656167950
   -0.666398442    2.792526803   34.862433719   56.274480599   27.133841951
   -0.475998887    2.792526803   45.612504018   54.998927837   24.243239725
   -0.285599332    2.792526803   55.265662153   44.825901234   20.221836624
   -0.095199777    2.792526803   62.219478939   27.044340167   15.243321668
    0.095199777    2.792526803   65.297870870    4.820605343    9.440317754
    0.285599332    2.792526803   64.099602129  -16.919029949    3.003767768
    0.475998887    2.792526803   59.274858089  -32.345559649   -3.670332984
    0.666398442    2.792526803   52.530843392  -36.455687067   -9.931221615
    0.856797996    2.792526803   46.260148369  -27.417971871  -14.976310628
    1.047197551    2.792526803   42.774638455   -8.049132949  -18.124827651
    1.237597106    2.792526803   43.440824786   14.813934422  -19.105755645
    1.427996661    2.792526803   48.123865243   32.878306071  -18.169938921
    1.618396215    2.792526803   55.239182537   39.577295005  -15.970854736
    1.808795770    2.792526803   62.315684081   32.457154446  -13.257384844
    1.999195325    2.792526803   66.846855259   13.497985252  -10.608428058
    2.189594880    2.792526803   67.031544517  -12.154843682   -8.301960055
    2.379994435    2.792526803   62.201406115  -38.098953702   -6.353547304
    2.570393989    2.792526803   52.885785827  -58.378247569   -4.623859033
    2.760793544    2.792526803   40.602765582  -68.786845279   -2.941610045
    2.951193099    2.792526803   27.436390147  -67.628293331   -1.182344896
