#! FIELDS phi psi file.free der_phi der_psi
#! SET min_phi -pi
#! SET max_phi pi
#! SET nbins_phi  33
#! SET periodic_phi true
#! SET min_psi -pi
#! SET max_psi pi
#! SET nbins_psi  18
#! SET periodic_psi true
   -3.141592654   -3.141592654   18.509547268  -54.464369066   15.619422586
   -2.951193099   -3.141592654    9.757885873  -36.723649882   18.042503910
   -2.760793544   -3.141592654    4.712932080  -16.384085189   19.824671627
   -2.570393989   -3.141592654    3.358477881    1.272808040   20.992623163
   -2.379994435   -3.141592654    4.777658393   12.314949017   21.797467787
   -2.189594880   -3.141592654    7.558844286   15.693862135   22.686411044
   -1.999195325   -3.141592654   10.403520659   13.585076111   24.124512676
   -1.808795770   -3.141592654   12.660048549   10.311041295   26.326829157
   -1.618396215   -3.141592654   14.535303176   10.161548442   29.055601883
   -1.427996661   -3.141592654   16.880591565   15.366499938   31.636725083
   -1.237597106   -3.141592654   20.692333112   25.178544755   33.213623813
   -1.047197551   -3.141592654   26.580483758   36.559102589   33.099342889
   -0.856797996   -3.141592654   34.476088475   45.548258567   31.023428992
   -0.666398442   -3.141592654   43.585406342   48.836297153   27.174205588
   -0.475998887   -3.141592654   52.610568746   44.480804643   22.035219886
   -0.285599332   -3.141592654   60.046270540   32.256598099   16.164576511
   -0.095199777   -3.141592654   64.505964163   13.649211857   10.007340876
    0.095199777   -3.141592654   65.057857534   -8.085260510    3.847416133
    0.285599332   -3.141592654   61.554051002  -28.008394546   -2.118260242
    0.475998887   -3.141592654   54.886605259  -40.423904301   -7.624326553
    0.666398442   -3.141592654   46.957728700  -40.719314430  -12.244993503
    0.856797996   -3.141592654   40.251326261  -27.760710704  -15.452439347
    1.047197551   -3.141592654   37.017811873   -5.225817651  -16.829861200
    1.237597106   -3.141592654   38.411538392   19.402519784  -16.298762849
    1.427996661   -3.141592654   44.016103510   37.782245805  -14.182602519
    1.618396215   -3.141592654   52.019823068   43.961640124  -11.072541408
    1.808795770   -3.141592654   59.875728432   36.344131810   -7.553843441
    1.999195325   -3.141592654   65.141643706   17.455884491   -4.011873380
    2.189594880   -3.141592654   66.128604273   -7.630747828   -0.577395822
    2.379994435   -3.141592654   62.216189409  -33.034268178    2.781239394
    2.570393989   -3.141592654   53.873267280  -53.351659396    6.131519252
    2.760793544   -3.141592654   42.481677368  -64.570152916    9.470025052
    2.951193099   -3.141592654   29.996043704  -64.747003518   12.693214279

   -3.141592654   -2.792526803   25.749739774  -49.842405849   23.409958855
   -2.951193099   -2.792526803   17.730698577  -33.701421258   25.824077822
   -2.760793544   -2.792526803   13.104316545  -14.985316620   27.239659659
   -2.570393989   -2.792526803   11.889130211    1.439721822   27.765562984
   -2.379994435   -2.792526803   13.287063185   12.094368141   27.754067529
   -2.189594880   -2.792526803   16.075272157   16.166082621   27.743236674
   -1.999195325   -2.792526803   19.148511623   15.612469652   28.251971651
   -1.808795770   -2.792526803   21.957134386   14.027031783   29.501538248
   -1.618396215   -2.792526803   24.641161736   14.726791364   31.221908649
   -1.427996661   -2.792526803   27.812638973   19.184545136   32.694368746
   -1.237597106   -2.792526803   32.137013839   26.492056629   33.035653336
   -1.047197551   -2.792526803   37.929339302   34.110802076   31.575356730
   -0.856797996   -2.792526803   44.966076780   39.017793634   28.110806134
   -0.666398442   -2.792526803   52.484527107   38.833101460   22.951856887
   -0.475998887   -2.792526803   59.369110680   32.248209613   16.736230853
   -0.285599332   -2.792526803   64.375204326   19.208357972   10.180497767
   -0.095199777   -2.792526803   66.370780371    0.996860016    3.858575322
    0.095199777   -2.792526803   64.620781838  -19.497162899   -1.878979244
    0.285599332   -2.792526803   59.108030789  -37.616457330   -6.850016905
    0.475998887   -2.792526803   50.819958340  -47.755796399  -10.907718926
    0.666398442   -2.792526803   41.749087968  -45.294390895  -13.844518807
    0.856797996   -2.792526803   34.463471865  -29.215642072  -15.416262044
    1.047197551   -2.792526803   31.252583895   -3.557168724  -15.466170614
    1.237597106   -2.792526803   33.222854702   23.684976445  -14.058288778
    1.427996661   -2.792526803   39.821377221   43.786062039  -11.492558053
    1.618396215   -2.792526803   49.056877133   50.769939952   -8.191447688
    1.808795770   -2.792526803   58.232869946   43.338553798   -4.511732231
    1.999195325   -2.792526803   64.828335468   24.421779657   -0.643116466
    2.189594880   -2.792526803   67.142400786   -0.644264733    3.382723966
    2.379994435   -2.792526803   64.568941243  -25.959925962    7.580317455
    2.570393989   -2.792526803   57.575235416  -46.296579960   11.901395227
    2.760793544   -2.792526803   47.501666855  -57.860866877   16.169489456
    2.951193099   -2.792526803   36.225725247  -58.846678424   20.107882617

   -3.141592654   -2.443460953   34.115661071  -44.935094327   22.461362618
   -2.951193099   -2.443460953   26.864869446  -30.584009134   24.510905330
   -2.760793544   -2.443460953   22.658195738  -13.667175307   25.617508170
   -2.570393989   -2.443460953   21.548409407    1.324240129   25.883222280
   -2.379994435   -2.443460953   22.845733014   11.304064132   25.593400193
   -2.189594880   -2.443460953   25.494222517   15.640980126   25.166068537
   -1.999195325   -2.443460953   28.552623406   16.055248427   24.982552562
   -1.808795770   -2.443460953   31.545207604   15.447187244   25.171696788
   -1.618396215   -2.443460953   34.530939692   16.271339595   25.477999883
   -1.427996661   -2.443460953   37.894968323   19.410271362   25.329977635
   -1.237597106   -2.443460953   42.019200212   23.983883119   24.088304568
   -1.047197551   -2.443460953   47.004776232   28.107720072   21.342264137
   -0.856797996   -2.443460953   52.575764432   29.759973852   17.083020313
   -0.666398442   -2.443460953   58.102696012   27.417944754   11.711894476
   -0.475998887   -2.443460953   62.727631520   20.203560720    5.861651834
   -0.285599332   -2.443460953   65.494508502    7.951642407    0.184521275
   -0.095199777   -2.443460953   65.500338449   -8.527992216   -4.833942670
    0.095199777   -2.443460953   62.135638576  -26.906593968   -8.947736445
    0.285599332   -2.443460953   55.414659373  -42.914177438  -12.101751397
    0.475998887   -2.443460953   46.308181236  -51.063511635  -14.321147602
    0.666398442   -2.443460953   36.790565128  -46.671663348  -15.606451868
    0.856797996   -2.443460953   29.425558285  -28.657678736  -15.911383120
    1.047197551   -2.443460953   26.499625472   -1.132120557  -15.190850052
    1.237597106   -2.443460953   29.088594994   27.711991052  -13.479952197
    1.427996661   -2.443460953   36.572693284   48.986251930  -10.929294219
    1.618396215   -2.443460953   46.875213019   56.720431680   -7.769001198
    1.808795770   -2.443460953   57.233195078   49.774168884   -4.211652041
    1.999195325   -2.443460953   65.094327475   31.279034371   -0.398058781
    2.189594880   -2.443460953   68.756691127    6.652693113    3.607290272
    2.379994435   -2.443460953   67.611030278  -18.292069663    7.752023320
    2.570393989   -2.443460953   62.092439273  -38.544479920   11.930846059
    2.760793544   -2.443460953   53.466600232  -50.509006005   15.946271275
    2.951193099   -2.443460953   43.508402739  -52.463824509   19.542202028

   -3.141592654   -2.094395102   40.824822373  -40.557468928   14.573628926
   -2.951193099   -2.094395102   34.284884932  -27.545118833   15.896394766
   -2.760793544   -2.094395102   30.516510766  -12.111852548   16.614713553
   -2.570393989   -2.094395102   29.565420542    1.472929313   16.743076870
   -2.379994435   -2.094395102   30.784916109   10.420793433   16.367872810
   -2.189594880   -2.094395102   33.210501460   14.275240548   15.647258924
   -1.999195325   -2.094395102   35.998892963   14.628415657   14.737030893
   -1.808795770   -2.094395102   38.716262313   13.934610164   13.681900554
   -1.618396215   -2.094395102   41.365805524   14.128739876   12.355969556
   -1.427996661   -2.094395102   44.196434026   15.820845772   10.516409426
   -1.237597106   -2.094395102   47.443975607   18.311390287    7.944160591
   -1.047197551   -2.094395102   51.138877205   20.275726309    4.589712017
   -0.856797996   -2.094395102   55.056993300   20.396930449    0.629308108
   -0.666398442   -2.094395102   58.740528752   17.632736142   -3.561605945
   -0.475998887   -2.094395102   61.559082661   11.217044269   -7.542993426
   -0.285599332   -2.094395102   62.766242646    0.684621342  -10.936817124
   -0.095199777   -2.094395102   61.587549160  -13.677364496  -13.527879905
    0.095199777   -2.094395102   57.438633603  -30.043232914  -15.295545906
    0.285599332   -2.094395102   50.280492270  -44.445005328  -16.352360194
    0.475998887   -2.094395102   40.999134458  -51.421899124  -16.856483369
    0.666398442   -2.094395102   31.501057067  -46.123831744  -16.910183021
    0.856797996   -2.094395102   24.320544393  -27.251745287  -16.518997770
    1.047197551   -2.094395102   21.750120097    1.221967633  -15.599275908
    1.237597106   -2.094395102   24.883271649   31.086165344  -14.049693563
    1.427996661   -2.094395102   33.105550533   53.344150779  -11.837400486
    1.618396215   -2.094395102   44.321164099   61.919996477   -9.043047753
    1.808795770   -2.094395102   55.734169974   55.615661152   -5.834525904
    1.999195325   -2.094395102   64.754546213   37.577452349   -2.416912324
    2.189594880   -2.094395102   69.647709001   13.245508358    1.031800639
    2.379994435   -2.094395102   69.772534652  -11.579088127    4.372596312
    2.570393989   -2.094395102   65.526109220  -31.949064454    7.497028839
    2.760793544   -2.094395102   58.122551487  -44.327466235   10.300369733
    2.951193099   -2.094395102   49.277008725  -47.023948922   12.687144975

   -3.141592654   -1.745329252   43.476796581  -38.728955628    6.480516310
   -2.951193099   -1.745329252   37.231956522  -26.291968960    6.958561166
   -2.760793544   -1.745329252   33.642721591  -11.501824974    7.148769574
   -2.570393989   -1.745329252   32.737887800    1.328805135    7.026234803
   -2.379994435   -1.745329252   33.851662846    9.441976956    6.540722544
   -2.189594880   -1.745329252   36.007100866   12.407288491    5.642765070
   -1.999195325   -1.745329252   38.348355728   11.780544848    4.284589039
   -1.808795770   -1.745329252   40.417420983    9.942673621    2.416817518
   -1.618396215   -1.745329252   42.185194379    8.844342707    0.013689808
   -1.427996661   -1.745329252   43.887395185    9.290351776   -2.869685292
   -1.237597106   -1.745329252   45.800613186   10.933078932   -6.059832957
   -1.047197551   -1.745329252   48.066310436   12.789019925   -9.280735640
   -0.856797996   -1.745329252   50.621011027   13.719628679  -12.231390614
   -0.666398442   -1.745329252   53.175104033   12.557422512  -14.650563412
   -0.475998887   -1.745329252   55.218180293    8.189989345  -16.387488125
   -0.285599332   -1.745329252   56.045110320   -0.312348395  -17.413951560
   -0.095199777   -1.745329252   54.838701153  -13.069550153  -17.815879463
    0.095199777   -1.745329252   50.907751145  -28.477567842  -17.773829258
    0.285599332   -1.745329252   44.085015794  -42.586694450  -17.493973910
    0.475998887   -1.745329252   35.144595554  -49.745868333  -17.149952619
    0.666398442   -1.745329252   25.933081237  -44.782124195  -16.805869795
    0.856797996   -1.745329252   18.990300280  -26.035320793  -16.389089088
    1.047197551   -1.745329252   16.675558918    2.776230463  -15.704365852
    1.237597106   -1.745329252   20.176216761   33.452379059  -14.519969194
    1.427996661   -1.745329252   28.950730548   56.781644859  -12.693252458
    1.618396215   -1.745329252   40.919968482   66.347011140  -10.251556691
    1.808795770   -1.745329252   53.242606467   60.654905171   -7.387148029
    1.999195325   -1.745329252   63.243258850   42.747406116   -4.391726570
    2.189594880   -1.745329252   69.099959138   18.128777371   -1.544013461
    2.379994435   -1.745329252   70.106122691   -7.241004485    0.952323574
    2.570393989   -1.745329252   66.624456123  -28.271419062    2.994749592
    2.760793544   -1.745329252   59.857803850  -41.315119477    4.562920638
    2.951193099   -1.745329252   51.526764671  -44.627924592    5.701717478

   -3.141592654   -1.396263402   42.518366030  -39.558167687    3.752723827
   -2.951193099   -1.396263402   36.109987627  -27.163330963    3.542332937
   -2.760793544   -1.396263402   32.360546350  -12.315132262    3.067321503
   -2.570393989   -1.396263402   31.302795151    0.508908601    2.332926109
   -2.379994435   -1.396263402   32.243655625    8.390175154    1.260690510
   -2.189594880   -1.396263402   34.147266408   10.738813082   -0.291364653
   -1.999195325   -1.396263402   36.074831017    9.030990265   -2.479702796
   -1.808795770   -1.396263402   37.488596272    5.778363444   -5.387967387
   -1.618396215   -1.396263402   38.330386098    3.337746280   -8.927691270
   -1.427996661   -1.396263402   38.900745637    3.055949376  -12.778510464
   -1.237597106   -1.396263402   39.637450507    5.003147510  -16.433350497
   -1.047197551   -1.396263402   40.890796744    8.245931333  -19.344475846
   -0.856797996   -1.396263402   42.776854179   11.325649898  -21.113890251
   -0.666398442   -1.396263402   45.100097518   12.509568655  -21.606796888
   -0.475998887   -1.396263402   47.334336948   10.153348485  -20.978829519
   -0.285599332   -1.396263402   48.672131610    2.958465917  -19.587880313
   -0.095199777   -1.396263402   48.146112224   -9.347072836  -17.862287667
    0.095199777   -1.396263402   44.902983257  -25.098428819  -16.190577462
    0.285599332   -1.396263402   38.641383239  -40.147099582  -14.816678886
    0.475998887   -1.396263402   30.052148233  -48.497742785  -13.821908577
    0.666398442   -1.396263402   20.974761880  -44.557267890  -13.127843001
    0.856797996   -1.396263402   14.021170718  -26.258685063  -12.551365472
    1.047197551   -1.396263402   11.685486451    2.905876487  -11.860367783
    1.237597106   -1.396263402   15.303565058   34.633265766  -10.845947486
    1.427996661   -1.396263402   24.433032488   59.322467992   -9.398743524
    1.618396215   -1.396263402   37.003841867   70.042913263   -7.536130483
    1.808795770   -1.396263402   50.093721817   64.885965961   -5.392636588
    1.999195325   -1.396263402   60.892370485   46.773818143   -3.171367735
    2.189594880   -1.396263402   67.446742400   21.344161598   -1.072582123
    2.379994435   -1.396263402   68.961161475   -5.148447015    0.740774275
    2.570393989   -1.396263402   65.768281128  -27.316234541    2.159652630
    2.760793544   -1.396263402   59.091250840  -41.280303676    3.125542451
    2.951193099   -1.396263402   50.704988041  -45.187942687    3.640400500

   -3.141592654   -1.047197551   40.644573766  -42.048625781    3.332738406
   -2.951193099   -1.047197551   33.756284836  -29.659440671    2.240462318
   -2.760793544   -1.047197551   29.556933856  -14.518824286    0.807194546
   -2.570393989   -1.047197551   28.111718775   -1.386429391   -0.864833027
   -2.379994435   -1.047197551   28.698055247    6.477234844   -2.782912056
   -2.189594880   -1.047197551   30.190548344    8.225769384   -5.074737732
   -1.999195325   -1.047197551   31.535515535    5.351361462   -7.915925872
   -1.808795770   -1.047197551   32.118427126    0.749677453  -11.374170209
   -1.618396215   -1.047197551   31.906617493   -2.562246294  -15.251063184
   -1.427996661   -1.047197551   31.354374415   -2.613540025  -19.032831061
   -1.237597106   -1.047197551   31.141954881    0.926454562  -22.020134757
   -1.047197551   -1.047197551   31.860817295    6.834875489  -23.587552683
   -0.856797996   -1.047197551   33.768572505   12.955799929  -23.440230862
   -0.666398442   -1.047197551   36.661557619   16.723174517  -21.722825556
   -0.475998887   -1.047197551   39.862442595   15.875884529  -18.951093770
   -0.285599332   -1.047197551   42.329655502    8.883220792  -15.807391410
   -0.095199777   -1.047197551   42.857593138   -4.374725192  -12.898178221
    0.095199777   -1.047197551   40.410902128  -21.780282948  -10.587373372
    0.285599332   -1.047197551   34.606636104  -38.643279843   -8.909330415
    0.475998887   -1.047197551   26.155087012  -48.458547936   -7.659986473
    0.666398442   -1.047197551   16.999514172  -45.290646035   -6.549737891
    0.856797996   -1.047197551    9.899601066  -26.940694130   -5.379755829
    1.047197551   -1.047197551    7.499677605    2.999283643   -4.114636144
    1.237597106   -1.047197551   11.246739884   35.910540009   -2.840937622
    1.427996661   -1.047197551   20.736938463   61.787249831   -1.674176642
    1.618396215   -1.047197551   33.863220411   73.317886186   -0.656256719
    1.808795770   -1.047197551   47.606760000   68.361931868    0.255574080
    1.999195325   -1.047197551   59.036906114   49.833577841    1.141891300
    2.189594880   -1.047197551   66.095222662   23.513192424    2.049587460
    2.379994435   -1.047197551   67.915712627   -4.128493599    2.935652336
    2.570393989   -1.047197551   64.801788972  -27.503435274    3.664027736
    2.760793544   -1.047197551   57.982642865  -42.549562124    4.052825898
    2.951193099   -1.047197551   49.272740589  -47.264154484    3.959154611

   -3.141592654   -0.698131701   40.280763511  -45.150229328    2.452919173
   -2.951193099   -0.698131701   32.754356882  -33.188852998    0.344020268
   -2.760793544   -0.698131701   27.871742460  -18.114260455   -2.147001478
   -2.570393989   -0.698131701   25.748373004   -4.921929982   -4.774266700
   -2.379994435   -0.698131701   25.653667462    2.797542363   -7.423280927
   -2.189594880   -0.698131701   26.398152245    3.972341798  -10.169914630
   -1.999195325   -0.698131701   26.849476743    0.192972064  -13.190522216
   -1.808795770   -0.698131701   26.371011015   -5.158570274  -16.537849743
   -1.618396215   -0.698131701   25.024166965   -8.381363880  -19.935412036
   -1.427996661   -0.698131701   23.476234804   -7.009841467  -22.754018094
   -1.237597106   -0.698131701   22.668540589   -0.743737674  -24.233149140
   -1.047197551   -0.698131701   23.389400249    8.563980922  -23.834052346
   -0.856797996   -0.698131701   25.935241851   17.794682204  -21.518097599
   -0.666398442   -0.698131701   29.958854663   23.509232998  -17.792999125
   -0.475998887   -0.698131701   34.511412205   23.010623094  -13.508698740
   -0.285599332   -0.698131701   38.249997159   14.898075910   -9.529259841
   -0.095199777   -0.698131701   39.741959234   -0.354561575   -6.412133763
    0.095199777   -0.698131701   37.862134248  -19.785569913   -4.256781614
    0.285599332   -0.698131701   32.295055986  -37.989858693   -2.724185294
    0.475998887   -0.698131701   23.921813573  -48.114806803   -1.291026939
    0.666398442   -0.698131701   14.875775086  -44.382038786    0.444303289
    0.856797996   -0.698131701    8.037779266  -25.111645232    2.525426707
    1.047197551   -0.698131701    6.062149516    5.537206657    4.629905704
    1.237597106   -0.698131701   10.318684995   38.607938016    6.288272952
    1.427996661   -0.698131701   20.296356882   64.136506909    7.155321413
    1.618396215   -0.698131701   33.816544253   75.089368222    7.207394349
    1.808795770   -0.698131701   47.845134441   69.609008653    6.711650481
    1.999195325   -0.698131701   59.476759943   50.729717581    6.062652661
    2.189594880   -0.698131701   66.679995479   24.140462627    5.569648686
    2.379994435   -0.698131701   68.586737159   -3.884599787    5.322750590
    2.570393989   -0.698131701   65.462288778  -27.909091422    5.171051726
    2.760793544   -0.698131701   58.482354787  -43.862415065    4.815734216
    2.951193099   -0.698131701   49.428083318  -49.565074436    3.962715617

   -3.141592654   -0.349065850   40.643997573  -49.291713044    1.654213675
   -2.951193099   -0.349065850   32.237895688  -38.196819838   -1.035477920
   -2.760793544   -0.349065850   26.359423226  -23.469671590   -4.031157428
   -2.570393989   -0.349065850   23.216812687  -10.229671276   -7.032955859
   -2.379994435   -0.349065850   22.123493529   -2.403363868   -9.875388929
   -2.189594880   -0.349065850   21.871342480   -1.338555012  -12.597583848
   -1.999195325   -0.349065850   21.287426612   -5.360340945  -15.334023387
   -1.808795770   -0.349065850   19.752710713  -10.580324859  -18.069369225
   -1.618396215   -0.349065850   17.462384860  -12.652895585  -20.450105457
   -1.427996661   -0.349065850   15.316643599   -8.796076518  -21.827471176
   -1.237597106   -0.349065850   14.490955348    0.960651473  -21.552538156
   -1.047197551   -0.349065850   15.884235188   13.847280512  -19.347442049
   -0.856797996   -0.349065850   19.705213604   25.656009584  -15.515296868
   -0.666398442   -0.349065850   25.335729947   32.203573266  -10.861040791
   -0.475998887   -0.349065850   31.474792304   30.696698889   -6.355436386
   -0.285599332   -0.349065850   36.473694358   20.312869367   -2.751490141
   -0.095199777   -0.349065850   38.751049173    2.513735597   -0.289623444
    0.095199777   -0.349065850   37.229024656  -18.699820260    1.347488734
    0.285599332   -0.349065850   31.806898022  -37.305025386    2.856148640
    0.475998887   -0.349065850   23.636168300  -46.494190998    4.916146641
    0.666398442   -0.349065850   15.046495148  -41.199265652    7.804704821
    0.856797996   -0.349065850    8.943564921  -20.737936787   11.197781363
    1.047197551   -0.349065850    7.829783854    9.980951836   14.303761508
    1.237597106   -0.349065850   12.839013765   41.875373526   16.278834973
    1.427996661   -0.349065850   23.263932699   65.511989889   16.641444889
    1.618396215   -0.349065850   36.866852156   74.658434737   15.493363472
    1.808795770   -0.349065850   50.694402269   68.077812994   13.396306017
    1.999195325   -0.349065850   61.999011456   48.959181119   11.070239706
    2.189594880   -0.349065850   68.890043912   22.689981803    9.062985523
    2.379994435   -0.349065850   70.557992611   -4.979885806    7.573963997
    2.570393989   -0.349065850   67.228088341  -29.067384165    6.445545946
    2.760793544   -0.349065850   59.973234314  -45.687686689    5.309179817
    2.951193099   -0.349065850   50.469453088  -52.514562607    3.784562807

   -3.141592654    0.000000000   41.302470013  -53.707069474    0.935684761
   -2.951193099    0.000000000   31.978665009  -43.322392440   -1.511635786
   -2.760793544    0.000000000   25.096590413  -28.780428808   -4.120200145
   -2.570393989    0.000000000   20.963135401  -15.267892754   -6.670992931
   -2.379994435    0.000000000   18.950595568   -7.021041566   -9.047471763
   -2.189594880    0.000000000   17.850989249   -5.645780182  -11.276634784
   -1.999195325    0.000000000   16.471637264   -9.380405263  -13.410638348
   -1.808795770    0.000000000   14.228933734  -13.872808924  -15.321291805
   -1.618396215    0.000000000   11.453277086  -14.267511721  -16.596685907
   -1.427996661    0.000000000    9.245086169   -7.685727539  -16.668690993
   -1.237597106    0.000000000    8.936477220    5.287966700  -15.128499359
   -1.047197551    0.000000000   11.427574609   20.876271818  -12.022707060
   -0.856797996    0.000000000   16.733131326   33.917491665   -7.920510884
   -0.666398442    0.000000000   23.907271055   39.856055710   -3.705109263
   -0.475998887    0.000000000   31.322709785   36.264368415   -0.180897116
   -0.285599332    0.000000000   37.133998297   23.284718192    2.255758472
   -0.095199777    0.000000000   39.772320660    3.516738791    3.784117572
    0.095199777    0.000000000   38.368967165  -18.166950904    5.054321924
    0.285599332    0.000000000   33.140020455  -35.556298781    6.879430551
    0.475998887    0.000000000   25.511194021  -42.465818448    9.808681809
    0.666398442    0.000000000   17.905062983  -35.045983879   13.793064557
    0.856797996    0.000000000   13.075918972  -13.841711315   18.118811358
    1.047197551    0.000000000   13.190503075   15.647228932   21.683411252
    1.237597106    0.000000000   19.026252861   44.689614626   23.506214874
    1.427996661    0.000000000   29.662290496   64.938058330   23.157440139
    1.618396215    0.000000000   42.877601476   71.354431570   20.913049354
    1.808795770    0.000000000   55.923170349   63.425566051   17.544767926
    1.999195325    0.000000000   66.326265260   44.342886766   13.948058207
    2.189594880    0.000000000   72.413107864   18.942990429   10.785338827
    2.379994435    0.000000000   73.462873801   -7.770345597    8.321919228
    2.570393989    0.000000000   69.656739952  -31.392104574    6.439279349
    2.760793544    0.000000000   61.945642486  -48.273441285    4.800236664
    2.951193099    0.000000000   51.876475830  -55.936120179    3.040518192

   -3.141592654    0.349065850   42.701365159  -56.860950849    0.968222624
   -2.951193099    0.349065850   32.714363553  -47.066868119   -0.465387899
   -2.760793544    0.349065850   25.087051804  -32.787148059   -1.907033937
   -2.570393989    0.349065850   20.192259932  -19.211217389   -3.321742491
   -2.379994435    0.349065850   17.446978512  -10.760550995   -4.722358771
   -2.189594880    0.349065850   15.656444368   -9.152123406   -6.161338387
   -1.999195325    0.349065850   13.643566778  -12.466892143   -7.623658580
   -1.808795770    0.349065850   10.893872037  -15.986102585   -8.902157878
   -1.618396215    0.349065850    7.871286029  -14.609880272   -9.596489914
   -1.427996661    0.349065850    5.818758008   -5.649440207   -9.287346844
   -1.237597106    0.349065850    6.126537047    9.643858289   -7.795578534
   -1.047197551    0.349065850    9.603532676   26.670692316   -5.339112621
   -0.856797996    0.349065850   16.038983191   39.738882367   -2.467243835
   -0.666398442    0.349065850   24.216353972   44.396368616    0.190508641
   -0.475998887    0.349065850   32.317124702   38.888323544    2.242246367
   -0.285599332    0.349065850   38.466060645   24.342117313    3.707231330
   -0.095199777    0.349065850   41.247922040    4.217635818    5.023375025
    0.095199777    0.349065850   40.070179900  -16.238867440    6.854134987
    0.285599332    0.349065850   35.429794241  -31.163433339    9.771890226
    0.475998887    0.349065850   28.900162107  -35.389350946   13.931947464
    0.666398442    0.349065850   22.821186574  -26.373835134   18.877427133
    0.856797996    0.349065850   19.636472723   -5.644619192   23.613598740
    1.047197551    0.349065850   21.088348056   21.165988449   26.962155939
    1.237597106    0.349065850   27.599748847   46.141975205   28.056062532
    1.427996661    0.349065850   38.110444687   62.288203568   26.691522998
    1.618396215    0.349065850   50.517200545   65.782721294   23.369001862
    1.808795770    0.349065850   62.363102463   56.700396473   19.010003173
    1.999195325    0.349065850   71.506755279   38.059778774   14.568025120
    2.189594880    0.349065850   76.519098405   14.031795982   10.709780628
    2.379994435    0.349065850   76.780602659  -11.180491196    7.708097572
    2.570393989    0.349065850   72.433876318  -33.773109335    5.491629725
    2.760793544    0.349065850   64.308150796  -50.373303275    3.807667522
    2.951193099    0.349065850   53.811349935  -58.409460405    2.368018145

   -3.141592654    0.698131701   44.021621928  -58.096369790   -0.079214688
   -2.951193099    0.698131701   33.783174480  -48.463168470   -0.216860598
   -2.760793544    0.698131701   25.865834747  -34.430188611   -0.241782331
   -2.570393989    0.698131701   20.631229738  -21.134851331   -0.302611802
   -2.379994435    0.698131701   17.490524452  -12.981225558   -0.535411795
   -2.189594880    0.698131701   15.254452946  -11.575004347   -1.029006291
   -1.999195325    0.698131701   12.784933483  -14.759730389   -1.756055947
   -1.808795770    0.698131701    9.655607219  -17.571426644   -2.529385931
   -1.618396215    0.698131701    6.446557486  -14.898789525   -3.056723447
   -1.427996661    0.698131701    4.486884640   -4.388068040   -3.089570238
   -1.237597106    0.698131701    5.162668918   12.143873405   -2.569474796
   -1.047197551    0.698131701    9.174405950   29.634533457   -1.658227352
   -0.856797996    0.698131701   16.147948440   42.297410212   -0.614938487
   -0.666398442    0.698131701   24.731617679   46.078777684    0.383090484
   -0.475998887    0.698131701   33.078557005   39.877935929    1.394722769
   -0.285599332    0.698131701   39.411883058   25.463884505    2.716642046
   -0.095199777    0.698131701   42.511070264    6.630367620    4.775611763
    0.095199777    0.698131701   41.999542103  -11.521482400    7.938645278
    0.285599332    0.698131701   38.513233583  -23.773474820   12.288604410
    0.475998887    0.698131701   33.603072915  -25.971148150   17.474081577
    0.666398442    0.698131701   29.385962238  -16.585788167   22.690435098
    0.856797996    0.698131701   27.926625307    2.310135823   26.875023569
    1.047197551    0.698131701   30.558125282   25.343758230   29.062426057
    1.237597106    0.698131701   37.422598968   45.638614262   28.753252688
    1.427996661    0.698131701   47.416465990   57.551173986   26.101735991
    1.618396215    0.698131701   58.632855951   58.322819323   21.814212183
    1.808795770    0.698131701   68.950946974   48.419419815   16.835774535
    1.999195325    0.698131701   76.570900463   30.545459825   12.021795074
    2.189594880    0.698131701   80.301925921    8.172906509    7.925941452
    2.379994435    0.698131701   79.623046371  -15.227495677    4.778150585
    2.570393989    0.698131701   74.653729035  -36.345322499    2.561363948
    2.760793544    0.698131701   66.134564013  -52.027579479    1.136957350
    2.951193099    0.698131701   55.366604099  -59.670724653    0.317444414

   -3.141592654    1.047197551   42.815170457  -58.111638485   -4.465970306
   -2.951193099    1.047197551   32.640659903  -47.809382163   -3.681441292
   -2.760793544    1.047197551   24.882271587  -33.465512824   -2.636899375
   -2.570393989    1.047197551   19.833923683  -20.188778627   -1.603795147
   -2.379994435    1.047197551   16.848667716  -12.323512406   -0.784563808
   -2.189594880    1.047197551   14.697728567  -11.344037710   -0.291555618
   -1.999195325    1.047197551   12.233519742  -14.911890165   -0.137884877
   -1.808795770    1.047197551    9.054016289  -17.905982528   -0.252134740
   -1.618396215    1.047197551    5.781859367  -15.198480295   -0.522269561
   -1.427996661    1.047197551    3.777247703   -4.567898121   -0.849541490
   -1.237597106    1.047197551    4.425351197   11.995816399   -1.167042370
   -1.047197551    1.047197551    8.402458248   29.401663730   -1.404377762
   -0.856797996    1.047197551   15.326481191   42.042878864   -1.417314770
   -0.666398442    1.047197551   23.890653853   46.231980861   -0.968529781
   -0.475998887    1.047197551   32.363008965   41.180809078    0.242942278
   -0.285599332    1.047197551   39.121774209   28.753910509    2.481891291
   -0.095199777    1.047197551   43.086698194   12.497661986    5.867579180
    0.095199777    1.047197551   43.942330490   -3.091474128   10.291130899
    0.285599332    1.047197551   42.246907222  -13.596044291   15.344164702
    0.475998887    1.047197551   39.319899266  -15.636141222   20.340135151
    0.666398442    1.047197551   36.927902429   -8.090522344   24.420615127
    0.856797996    1.047197551   36.764135545    7.180308643   26.783138815
    1.047197551    1.047197551   39.893069529   25.634102504   26.940743534
    1.237597106    1.047197551   46.384748240   41.564955636   24.888406449
    1.427996661    1.047197551   55.277009344   50.313795205   21.101561115
    1.618396215    1.047197551   64.943906970   49.556129807   16.330241673
    1.808795770    1.047197551   73.569193308   39.609912986   11.328919375
    1.999195325    1.047197551   79.590278918   22.668265447    6.665577079
    2.189594880    1.047197551   81.949558123    1.679973745    2.665629386
    2.379994435    1.047197551   80.175998468  -20.234250057   -0.517827532
    2.570393989    1.047197551   74.391902402  -39.903821575   -2.819177835
    2.760793544    1.047197551   65.325467106  -54.232496820   -4.207419963
    2.951193099    1.047197551   54.254242768  -60.665882334   -4.715572795

   -3.141592654    1.396263402   38.642396207  -57.303173998  -10.995849530
   -2.951193099    1.396263402   28.768721863  -45.529065450   -9.982753752
   -2.760793544    1.396263402   21.537835112  -30.314942820   -8.452903304
   -2.570393989    1.396263402   17.120415096  -16.812637830   -6.683026153
   -2.379994435    1.396263402   14.753419832   -9.283411223   -4.865818066
   -2.189594880    1.396263402   13.116370590   -9.036568357   -3.123458805
   -1.999195325    1.396263402   11.002688133  -13.563910192   -1.554012055
   -1.808795770    1.396263402    7.981341389  -17.598120626   -0.273616293
   -1.618396215    1.396263402    4.670875288  -15.897013079    0.588801131
   -1.427996661    1.396263402    2.450744401   -6.099605250    0.948375897
   -1.237597106    1.396263402    2.757696064   10.012311382    0.854967384
   -1.047197551    1.396263402    6.365147223   27.622966479    0.548640019
   -0.856797996    1.396263402   13.038086948   41.333896189    0.447072578
   -0.666398442    1.396263402   21.641752737   47.490361487    1.019984292
   -0.475998887    1.396263402   30.595415728   45.047038961    2.643193916
   -0.285599332    1.396263402   38.354540214   35.358114530    5.472701744
   -0.095199777    1.396263402   43.801804764   21.327615058    9.380033874
    0.095199777    1.396263402   46.462516288    6.801993303   13.965570217
    0.285599332    1.396263402   46.626146344   -4.251357662   18.581319162
    0.475998887    1.396263402   45.288593369   -8.560460681   22.445001288
    0.666398442    1.396263402   43.915834471   -4.629499568   24.802174843
    0.856797996    1.396263402   44.016033941    6.493014334   25.151623483
    1.047197551    1.396263402   46.647191940   21.244125315   23.412146241
    1.237597106    1.396263402   52.044509322   34.702554607   19.937309767
    1.427996661    1.396263402   59.512289538   42.441322874   15.380633632
    1.618396215    1.396263402   67.679086603   41.805848908   10.435963043
    1.808795770    1.396263402   74.887953653   32.513748644    5.621461604
    1.999195325    1.396263402   79.625367922   16.256835290    1.211244195
    2.189594880    1.396263402   80.818729077   -4.166806510   -2.696075773
    2.379994435    1.396263402   77.987290650  -25.463192993   -6.033774134
    2.570393989    1.396263402   71.291074670  -44.170808021   -8.675683517
    2.760793544    1.396263402   61.541575839  -57.053211714  -10.443613016
    2.951193099    1.396263402   50.099936612  -61.680604248  -11.211695096

   -3.141592654    1.745329252   32.216115071  -56.610870828  -16.699677479
   -2.951193099    1.745329252   22.657254521  -42.985540015  -15.972077525
   -2.760793544    1.745329252   16.042815800  -26.492463886  -14.449719858
   -2.570393989    1.745329252   12.425169554  -12.334778510  -12.346113691
   -2.379994435    1.745329252   10.927664925   -4.713737661   -9.818780766
   -2.189594880    1.745329252   10.130903317   -4.856612522   -6.990153064
   -1.999195325    1.745329252    8.741700568  -10.207295201   -4.010386694
   -1.808795770    1.745329252    6.250997833  -15.437699084   -1.116334393
   -1.618396215    1.745329252    3.220658518  -15.132160081    1.390801684
   -1.427996661    1.745329252    1.023445084   -6.569882049    3.248219649
   -1.237597106    1.745329252    1.171739871    8.941396724    4.375048184
   -1.047197551    1.745329252    4.599700786   26.991186934    4.953728762
   -0.856797996    1.745329252   11.284443514   42.254280177    5.399767522
   -0.666398442    1.745329252   20.279136585   50.759813034    6.193927915
   -0.475998887    1.745329252   30.098303023   50.834704549    7.690561111
   -0.285599332    1.745329252   39.163014970   43.132667552    9.977353006
   -0.095199777    1.745329252   46.195938385   29.992703343   12.815563025
    0.095199777    1.745329252   50.477628217   14.908807643   15.698189068
    0.285599332    1.745329252   52.012756266    1.815202287   17.946550570
    0.475998887    1.745329252   51.538887986   -5.711524887   18.913680118
    0.666398442    1.745329252   50.354306795   -5.518236750   18.196306184
    0.856797996    1.745329252   49.947217618    2.187229625   15.814339961
    1.047197551    1.745329252   51.511401029   14.555767155   12.216548405
    1.237597106    1.745329252   55.516945044   26.990391480    8.091588804
    1.427996661    1.745329252   61.513312046   34.841220973    4.094251671
    1.618396215    1.745329252   68.293433460   34.874880011    0.592786842
    1.808795770    1.745329252   74.247700214   26.223086186   -2.403488487
    1.999195325    1.745329252   77.822212662   10.274802980   -5.120810762
    2.189594880    1.745329252   77.884579620  -10.073023733   -7.805502701
    2.379994435    1.745329252   73.942838459  -31.152612460  -10.526284181
    2.570393989    1.745329252   66.223777487  -49.103073894  -13.104184392
    2.760793544    1.745329252   55.663027730  -60.517960143  -15.192389126
    2.951193099    1.745329252   43.745662841  -63.134112285  -16.451736523

   -3.141592654    2.094395102   25.275980277  -56.871006877  -18.388796253
   -2.951193099    2.094395102   15.836376912  -41.515852510  -17.815437707
   -2.760793544    2.094395102    9.643735439  -23.599515789  -16.253663114
   -2.570393989    2.094395102    6.687704151   -8.327321376  -13.862738098
   -2.379994435    2.094395102    6.039943709    0.165335904  -10.801721533
   -2.189594880    2.094395102    6.236837812    0.651917865   -7.220383149
   -1.999195325    2.094395102    5.928566128   -4.444871859   -3.297519606
   -1.808795770    2.094395102    4.517394888   -9.964081469    0.700065348
   -1.618396215    2.094395102    2.456029556  -10.516950143    4.420155698
   -1.427996661    2.094395102    1.027459314   -3.142107358    7.510641448
   -1.237597106    2.094395102    1.722764512   11.306326833    9.761917351
   -1.047197551    2.094395102    5.544181610   28.874735197   11.205446775
   -0.856797996    2.094395102   12.603164548   44.421035251   12.104952283
   -0.666398442    2.094395102   22.087756645   53.796978123   12.811082913
   -0.475998887    2.094395102   32.581729094   54.852813882   13.582570602
   -0.285599332    2.094395102   42.472968415   47.660527656   14.454490518
   -0.095199777    2.094395102   50.344212248   34.082782113   15.189999447
    0.095199777    2.094395102   55.268602932   17.367336847   15.359265765
    0.285599332    2.094395102   57.030454750    1.596039940   14.471910783
    0.475998887    2.094395102   56.215571354   -9.096624296   12.211148201
    0.666398442    2.094395102   54.106875721  -11.698934775    8.627292317
    0.856797996    2.094395102   52.344326209   -5.608969898    4.219075360
    1.047197551    2.094395102   52.393857414    6.704800147   -0.218237086
    1.237597106    2.094395102   55.010203168   20.420873167   -3.916213099
    1.427996661    2.094395102   59.931642497   30.143702978   -6.445692118
    1.618396215    2.094395102   65.978631110   31.763418774   -7.874695675
    1.808795770    2.094395102   71.424283606   23.830135842   -8.670985033
    1.999195325    2.094395102   74.533345667    7.645645900   -9.438406223
    2.189594880    2.094395102   74.022678295  -13.503046435  -10.635286317
    2.379994435    2.094395102   69.350440220  -35.323203710  -12.394329543
    2.570393989    2.094395102   60.811829021  -53.395424775  -14.496767479
    2.760793544    2.094395102   49.490473820  -64.063172426  -16.495615675
    2.951193099    2.094395102   37.028889945  -65.201064195  -17.908660837

   -3.141592654    2.443460953   18.998157606  -57.806424661  -12.021316648
   -2.951193099    2.443460953    9.540800341  -40.755257258  -11.031130702
   -2.760793544    2.443460953    3.663490686  -21.064898202   -9.304094595
   -2.570393989    2.443460953    1.355609562   -4.077460713   -6.976398542
   -2.379994435    2.443460953    1.668695241    5.969192141   -4.161353955
   -2.189594880    2.443460953    3.097142847    7.717918719   -0.905987094
   -1.999195325    2.443460953    4.217914940    3.394753114    2.772407717
   -1.808795770    2.443460953    4.319316534   -2.047649254    6.775176923
   -1.618396215    2.443460953    3.710626053   -3.304658674   10.837376417
   -1.427996661    2.443460953    3.536721215    2.739742136   14.542663756
   -1.237597106    2.443460953    5.202440112   15.603380804   17.457229581
   -1.047197551    2.443460953    9.702463671   31.760407941   19.297621805
   -0.856797996    2.443460953   17.209731543   46.315255170   20.026949084
   -0.666398442    2.443460953   26.993154563   55.078833747   19.812078559
   -0.475998887    2.443460953   37.682959915   55.603797209   18.883724249
   -0.285599332    2.443460953   47.645545755   47.563067019   17.385784278
   -0.095199777    2.443460953   55.368771558   32.504571823   15.278261906
    0.095199777    2.443460953   59.793185141   13.581604130   12.371874568
    0.285599332    2.443460953   60.586322040   -4.820283415    8.458920574
    0.475998887    2.443460953   58.313656487  -17.881999742    3.548805233
    0.666398442    2.443460953   54.389506242  -21.720191442   -1.963561947
    0.856797996    2.443460953   50.736943758  -15.111518776   -7.297912441
    1.047197551    2.443460953   49.167879876   -0.537333564  -11.543414044
    1.237597106    2.443460953   50.709313623   16.457466221  -14.039581614
    1.427996661    2.443460953   55.187747464   29.345845790  -14.655541615
    1.618396215    2.443460953   61.301011025   33.024180389  -13.832953108
    1.808795770    2.443460953   67.059476216   25.606890176  -12.351439562
    1.999195325    2.443460953   70.443990995    8.590004012  -10.997362448
    2.189594880    2.443460953   69.970461207  -14.109347614  -10.289821453
    2.379994435    2.443460953   65.030685481  -37.457969554  -10.363801925
    2.570393989    2.443460953   55.983840030  -56.460083791  -11.000422712
    2.760793544    2.443460953   44.059274609  -67.179271024  -11.773358511
    2.951193099    2.443460953   31.067570523  -67.524859293  -12.225743994

   -3.141592654    2.792526803   16.447886071  -56.977896067    0.479361792
   -2.951193099    2.792526803    7.230541757  -39.076874606    2.142845812
   -2.760793544    2.792526803    1.754492432  -18.552159626    3.964676360
   -2.570393989    2.792526803    0.000000000   -0.787738423    5.881511311
   -2.379994435    2.792526803    1.014130929   10.049961271    7.924666875
   -2.189594880    2.792526803    3.302910948   12.690322666   10.254690188
   -1.999195325    2.792526803    5.461759339    9.319108037   13.080503670
   -1.808795770    2.792526803    6.770607596    4.651276107   16.475677410
   -1.618396215    2.792526803    7.472242593    3.641543350   20.215872921
   -1.427996661    2.792526803    8.582607941    9.139230281   23.765209766
   -1.237597106    2.792526803   11.349012653   20.644509807   26.450255522
   -1.047197551    2.792526803   16.631782473   34.877861899   27.722659653
   -0.856797996    2.792526803   24.530126012   47.297002977   27.350658978
   -0.666398442    2.792526803   34.299869547   53.968914743   25.440757691
   -0.475998887    2.792526803   44.588069766   52.505495729   22.302491584
   -0.285599332    2.792526803   53.772655433   42.473927542   18.264169611
   -0.095199777    2.792526803   60.328066164   25.309614348   13.533154274
    0.095199777    2.792526803   63.176043331    4.231900263    8.190632500
    0.285599332    2.792526803   62.007314418  -15.971062431    2.300007492
    0.475998887    2.792526803   57.515525705  -29.814062963   -3.892554244
    0.666398442    2.792526803   51.372577174  -32.776159729   -9.837582061
    0.856797996    2.792526803   45.844530981  -23.457320236  -14.739228705
    1.047197551    2.792526803   43.054721639   -4.863771289  -17.832807918
    1.237597106    2.792526803   44.181888077   16.381656657  -18.725503857
    1.427996661    2.792526803   48.983871389   32.595312176  -17.580537868
    1.618396215    2.792526803   55.904817369   37.975891467  -15.045704086
    1.808795770    2.792526803   62.633045668   30.606607939  -11.949561680
    1.999195325    2.792526803   66.875882650   12.480733433   -8.996049429
    2.189594880    2.792526803   66.995391439  -11.786039587   -6.576897134
    2.379994435    2.792526803   62.356622188  -36.547861101   -4.762031836
    2.570393989    2.792526803   53.388268721  -56.437176407   -3.389407950
    2.760793544    2.792526803   41.435617606  -67.391542745   -2.202779749
    2.951193099    2.792526803   28.428517225  -67.400391983   -0.962462456
