#! FIELDS phi psi file.free der_phi der_psi
#! SET min_phi -pi
#! SET max_phi pi
#! SET nbins_phi  33
#! SET periodic_phi true
#! SET min_psi -pi
#! SET max_psi pi
#! SET nbins_psi  18
#! SET periodic_psi true
   -3.141592654   -3.141592654   17.713372679  -53.490035757   16.691721518
   -2.951193099   -3.141592654    9.219015403  -35.117268907   19.066896116
   -2.760793544   -3.141592654    4.485982956  -14.852118428   20.673771793
   -2.570393989   -3.141592654    3.367284086    2.112651272   21.623338178
   -2.379994435   -3.141592654    4.857061839   12.195550995   22.244881379
   -2.189594880   -3.141592654    7.533310617   14.759651218   23.038146403
   -1.999195325   -3.141592654   10.159915341   12.313243875   24.496449149
   -1.808795770   -3.141592654   12.192485668    9.320320316   26.847849018
   -1.618396215   -3.141592654   13.949878746    9.971364444   29.853944775
   -1.427996661   -3.141592654   16.359371695   16.235270353   32.823899691
   -1.237597106   -3.141592654   20.437164370   27.054313305   34.856671832
   -1.047197551   -3.141592654   26.758041553   39.151465828   35.192686974
   -0.856797996   -3.141592654   35.184853629   48.453748768   33.468163236
   -0.666398442   -3.141592654   44.844472029   51.634816710   29.772428380
   -0.475998887   -3.141592654   54.361529392   46.774089959   24.509959168
   -0.285599332   -3.141592654   62.156392010   33.664130556   18.216675855
   -0.095199777   -3.141592654   66.773070294   13.827416020   11.402303290
    0.095199777   -3.141592654   67.223729106   -9.363858099    4.505468044
    0.285599332   -3.141592654   63.335457306  -30.755939741   -2.071416022
    0.475998887   -3.141592654   56.026020711  -44.363315686   -7.887966956
    0.666398442   -3.141592654   47.280113249  -45.251960790  -12.454371149
    0.856797996   -3.141592654   39.721553220  -32.034616979  -15.326020785
    1.047197551   -3.141592654   35.774947055   -8.306297317  -16.282845778
    1.237597106   -3.141592654   36.757131087   18.231332709  -15.465550735
    1.427996661   -3.141592654   42.339146594   38.670619565  -13.335007468
    1.618396215   -3.141592654   50.668277890   46.324599484  -10.477957366
    1.808795770   -3.141592654   59.027470614   39.047375742   -7.344571791
    1.999195325   -3.141592654   64.745387580   19.324158597   -4.129626807
    2.189594880   -3.141592654   65.951524238   -7.247771698   -0.811091376
    2.379994435   -3.141592654   61.976407014  -33.994594536    2.689994443
    2.570393989   -3.141592654   53.382212405  -54.876829774    6.374501012
    2.760793544   -3.141592654   41.724229301  -65.712048405   10.103054717
    2.951193099   -3.141592654   29.113945325  -64.865410610   13.631682137

   -3.141592654   -2.792526803   25.205569181  -49.186025840   24.830458024
   -2.951193099   -2.792526803   17.365810759  -32.569868650   26.949064242
   -2.760793544   -2.792526803   12.958766520  -13.922217755   28.016941062
   -2.570393989   -2.792526803   11.901818808    1.954699178   28.258937591
   -2.379994435   -2.792526803   13.328837839   11.871164706   28.108386961
   -2.189594880   -2.792526803   16.016007108   15.376593036   28.132968986
   -1.999195325   -2.792526803   18.922823507   14.737300522   28.841749985
   -1.808795770   -2.792526803   21.606439155   13.674768703   30.422716640
   -1.618396215   -2.792526803   24.314439127   15.379418485   32.554762956
   -1.427996661   -2.792526803   27.722769975   21.003039212   34.454300350
   -1.237597106   -2.792526803   32.491655328   29.259937934   35.156892075
   -1.047197551   -2.792526803   38.864518375   37.328001254   33.908275867
   -0.856797996   -2.792526803   46.509137243   42.073378540   30.436967869
   -0.666398442   -2.792526803   54.549412863   41.166493421   25.014633943
   -0.475998887   -2.792526803   61.776563014   33.449027046   18.284796366
   -0.285599332   -2.792526803   66.885174661   19.054353019   11.027608540
   -0.095199777   -2.792526803   68.720660377   -0.528161298    3.942148468
    0.095199777   -2.792526803   66.565133966  -22.195415652   -2.450142587
    0.285599332   -2.792526803   60.456403717  -41.114140354   -7.792995053
    0.475998887   -2.792526803   51.464753252  -51.583561035  -11.830606621
    0.666398442   -2.792526803   41.674946290  -48.950020045  -14.366115865
    0.856797996   -2.792526803   33.749905123  -32.207566152  -15.299023363
    1.047197551   -2.792526803   30.070379843   -5.429921832  -14.699298411
    1.237597106   -2.792526803   31.819077332   23.255164735  -12.848127081
    1.427996661   -2.792526803   38.477835716   44.805211779  -10.157262525
    1.618396215   -2.792526803   48.014517927   52.792896450   -7.010786576
    1.808795770   -2.792526803   57.608944538   45.550523860   -3.605556028
    1.999195325   -2.792526803   64.574537823   25.966916198    0.061306690
    2.189594880   -2.792526803   67.076701443   -0.255489208    4.086478227
    2.379994435   -2.792526803   64.470797190  -26.634178808    8.490305629
    2.570393989   -2.792526803   57.292233198  -47.451848310   13.118644094
    2.760793544   -2.792526803   47.012827588  -58.771988372   17.642399273
    2.951193099   -2.792526803   35.631203051  -59.009425273   21.661624019

   -3.141592654   -2.443460953   33.828518667  -44.902361608   22.960265250
   -2.951193099   -2.443460953   26.629294674  -30.132541040   24.687166865
   -2.760793544   -2.443460953   22.524024079  -13.128437832   25.513709522
   -2.570393989   -2.443460953   21.500025417    1.622712014   25.639386781
   -2.379994435   -2.443460953   22.819309285   11.222459270   25.398206232
   -2.189594880   -2.443460953   25.425669575   15.316570240   25.199059888
   -1.999195325   -2.443460953   28.430372654   15.881953444   25.374569533
   -1.808795770   -2.443460953   31.445149859   15.916763369   25.983447672
   -1.618396215   -2.443460953   34.611590562   17.724743533   26.687586499
   -1.427996661   -2.443460953   38.349480153   21.838579859   26.831134596
   -1.237597106   -2.443460953   43.002386804   26.999428596   25.695918777
   -1.047197551   -2.443460953   48.570392021   31.082731472   22.820323679
   -0.856797996   -2.443460953   54.652270966   32.041159278   18.191077759
   -0.666398442   -2.443460953   60.507706821   28.514477099   12.255214822
   -0.475998887   -2.443460953   65.209304419   19.885843273    5.732383533
   -0.285599332   -2.443460953   67.783656894    6.267706010   -0.611070304
   -0.095199777   -2.443460953   67.362237832  -11.275684015   -6.165360128
    0.095199777   -2.443460953   63.412535074  -30.223103206  -10.570265910
    0.285599332   -2.443460953   56.051436954  -46.241984451  -13.692234954
    0.475998887   -2.443460953   46.349671340  -53.945009753  -15.548865452
    0.666398442   -2.443460953   36.350055053  -48.841514276  -16.220311297
    0.856797996   -2.443460953   28.648748910  -30.024372626  -15.818342597
    1.047197551   -2.443460953   25.542136573   -1.668836869  -14.484900835
    1.237597106   -2.443460953   28.111229304   28.036043514  -12.403646762
    1.427996661   -2.443460953   35.737599371   50.128693080   -9.775655195
    1.618396215   -2.443460953   46.318635174   58.430936567   -6.766438652
    1.808795770   -2.443460953   57.019528057   51.560524810   -3.445087903
    1.999195325   -2.443460953   65.182425557   32.567351408    0.195759384
    2.189594880   -2.443460953   69.010341922    7.060743331    4.174172285
    2.379994435   -2.443460953   67.856407588  -18.763852780    8.420305290
    2.570393989   -2.443460953   62.192608659  -39.527199124   12.733106077
    2.760793544   -2.443460953   53.374263775  -51.481212157   16.800309935
    2.951193099   -2.443460953   43.268626896  -53.005434163   20.293127622

   -3.141592654   -2.094395102   40.434376325  -41.090542126   13.845912780
   -2.951193099   -2.094395102   33.842912431  -27.577981505   14.969218528
   -2.760793544   -2.094395102   30.105253493  -11.806221642   15.592085802
   -2.570393989   -2.094395102   29.227435426    1.882456305   15.780105349
   -2.379994435   -2.094395102   30.522701323   10.782992221   15.623628302
   -2.189594880   -2.094395102   33.015483517   14.634437880   15.237090133
   -1.999195325   -2.094395102   35.892009904   15.235200038   14.705280027
   -1.808795770   -2.094395102   38.776081450   15.111635243   13.990815718
   -1.618396215   -2.094395102   41.719926993   16.040370018   12.885297148
   -1.427996661   -2.094395102   44.974498485   18.293217669   11.077982178
   -1.237597106   -2.094395102   48.710795170   20.853726329    8.309407336
   -1.047197551   -2.094395102   52.848388595   22.269150979    4.539674166
   -0.856797996   -2.094395102   57.052213896   21.327826900    0.012666077
   -0.666398442   -2.094395102   60.791340958   17.258254234   -4.785801795
   -0.475998887   -2.094395102   63.418296577    9.599724273   -9.293390216
   -0.285599332   -2.094395102   64.223274311   -1.864315767  -13.029248337
   -0.095199777   -2.094395102   62.508913924  -16.678866875  -15.715948128
    0.095199777   -2.094395102   57.790189896  -32.946875834  -17.318744242
    0.285599332   -2.094395102   50.129044931  -46.770504072  -17.982278847
    0.475998887   -2.094395102   40.484413456  -52.909704658  -17.941708122
    0.666398442   -2.094395102   30.784779832  -46.792575952  -17.405379562
    0.856797996   -2.094395102   23.539865211  -27.309695507  -16.495369613
    1.047197551   -2.094395102   20.999774673    1.564555040  -15.222724793
    1.237597106   -2.094395102   24.230215813   31.759687266  -13.532167313
    1.427996661   -2.094395102   32.614809660   54.371651322  -11.374082987
    1.618396215   -2.094395102   44.057866267   63.247565393   -8.758312108
    1.808795770   -2.094395102   55.734603708   56.988257960   -5.758226823
    1.999195325   -2.094395102   64.989761262   38.593441012   -2.501259587
    2.189594880   -2.094395102   70.014299033   13.559360208    0.865183738
    2.379994435   -2.094395102   70.123474604  -12.060111622    4.176796429
    2.570393989   -2.094395102   65.726143287  -33.009655703    7.266189632
    2.760793544   -2.094395102   58.098608070  -45.565873340    9.973072336
    2.951193099   -2.094395102   49.034859668  -48.034195587   12.183217203

   -3.141592654   -1.745329252   42.618021976  -39.413057513    5.243800050
   -2.951193099   -1.745329252   36.305811722  -26.327765613    5.704402554
   -2.760793544   -1.745329252   32.765168852  -11.000237953    5.982091243
   -2.570393989   -1.745329252   31.990308064    2.135255396    6.056507866
   -2.379994435   -1.745329252   33.270664069   10.347181696    5.847325209
   -2.189594880   -1.745329252   35.603139313   13.357883162    5.246098584
   -1.999195325   -1.745329252   38.139647908   12.897795116    4.135636499
   -1.808795770   -1.745329252   40.453280018   11.400856551    2.397859450
   -1.618396215   -1.745329252   42.535506612   10.666139626   -0.050637567
   -1.427996661   -1.745329252   44.601028838   11.206128619   -3.185195460
   -1.237597106   -1.745329252   46.852434893   12.462012024   -6.821775492
   -1.047197551   -1.745329252   49.335311152   13.463774336  -10.617510993
   -0.856797996   -1.745329252   51.916564704   13.298923419  -14.154340267
   -0.666398442   -1.745329252   54.291453852   11.118658317  -17.033851792
   -0.475998887   -1.745329252   55.989715439    6.061199657  -18.989415969
   -0.285599332   -1.745329252   56.381260427   -2.691426839  -19.934360429
   -0.095199777   -1.745329252   54.734509414  -15.259526924  -19.969539865
    0.095199777   -1.745329252   50.435406415  -30.113938143  -19.357063052
    0.285599332   -1.745329252   43.373193110  -43.461620033  -18.426000311
    0.475998887   -1.745329252   34.340194370  -49.884385772  -17.483144456
    0.666398442   -1.745329252   25.155246543  -44.434219492  -16.697985306
    0.856797996   -1.745329252   18.299012122  -25.534330248  -16.054323884
    1.047197551   -1.745329252   16.075994060    3.214234204  -15.354713932
    1.237597106   -1.745329252   19.655096597   33.854913008  -14.318066059
    1.427996661   -1.745329252   28.517803294   57.328230737  -12.728339703
    1.618396215   -1.745329252   40.616127127   67.144455256  -10.540144354
    1.808795770   -1.745329252   53.106995703   61.565964847   -7.892930464
    1.999195325   -1.745329252   63.265675697   43.419745173   -5.055434538
    2.189594880   -1.745329252   69.198632257   18.198588367   -2.312838389
    2.379994435   -1.745329252   70.148143924   -7.920100293    0.103909729
    2.570393989   -1.745329252   66.477964863  -29.536085773    2.062510493
    2.760793544   -1.745329252   59.446095387  -42.781186514    3.527085421
    2.951193099   -1.745329252   50.853067723  -45.860474192    4.552723462

   -3.141592654   -1.396263402   41.008878855  -39.964286900    3.109430789
   -2.951193099   -1.396263402   34.599522242  -26.780158472    2.940195755
   -2.760793544   -1.396263402   30.990420121  -11.275228131    2.606107015
   -2.570393989   -1.396263402   30.172479315    1.918839105    2.084046005
   -2.379994435   -1.396263402   31.394898860    9.882761599    1.242453766
   -2.189594880   -1.396263402   33.578123337   12.161788792   -0.125901167
   -1.999195325   -1.396263402   35.771159750   10.393945072   -2.237271210
   -1.808795770   -1.396263402   37.445860621    7.144562572   -5.222247520
   -1.618396215   -1.396263402   38.545833792    4.652133221   -9.018622318
   -1.427996661   -1.396263402   39.342834968    4.051679510  -13.297920210
   -1.237597106   -1.396263402   40.212464997    5.327330020  -17.501892251
   -1.047197551   -1.396263402   41.445936397    7.685544475  -20.984395899
   -0.856797996   -1.396263402   43.145821563    9.958774636  -23.219744866
   -0.666398442   -1.396263402   45.160593408   10.696972926  -23.949914134
   -0.475998887   -1.396263402   47.046487543    8.370138021  -23.249659968
   -0.285599332   -1.396263402   48.081349414    1.601464060  -21.466949648
   -0.095199777   -1.396263402   47.357440219  -10.061393103  -19.098313330
    0.095199777   -1.396263402   44.043754024  -25.145535070  -16.662950052
    0.285599332   -1.396263402   37.827076265  -39.681873577  -14.562003717
    0.475998887   -1.396263402   29.352854648  -47.830873131  -13.016237862
    0.666398442   -1.396263402   20.392295173  -44.072635827  -12.025767706
    0.856797996   -1.396263402   13.490359615  -26.237223626  -11.410052881
    1.047197551   -1.396263402   11.111781235    2.452548100  -10.874072535
    1.237597106   -1.396263402   14.621158546   34.006126651  -10.114185262
    1.427996661   -1.396263402   23.649762547   58.943875972   -8.933245835
    1.618396215   -1.396263402   36.195836727   70.159540616   -7.292367984
    1.808795770   -1.396263402   49.350287622   65.381813743   -5.308378344
    1.999195325   -1.396263402   60.248596191   47.233391195   -3.197438150
    2.189594880   -1.396263402   66.850985366   21.315471461   -1.188985409
    2.379994435   -1.396263402   68.295730894   -5.872414945    0.524533127
    2.570393989   -1.396263402   64.909186161  -28.588540874    1.820758966
    2.760793544   -1.396263402   57.970403930  -42.694938891    2.651096912
    2.951193099   -1.396263402   49.340381051  -46.271959960    3.050345882

   -3.141592654   -1.047197551   38.856530678  -42.352678013    3.967276590
   -2.951193099   -1.047197551   32.000272425  -29.036431295    2.841171183
   -2.760793544   -1.047197551   27.996289264  -13.153888842    1.450094389
   -2.570393989   -1.047197551   26.853875769    0.343248894   -0.126906398
   -2.379994435   -1.047197551   27.773869941    8.179017904   -1.945433486
   -2.189594880   -1.047197551   29.567567630    9.652353538   -4.189628337
   -1.999195325   -1.047197551   31.153257997    6.442423897   -7.081966614
   -1.808795770   -1.047197551   31.916365630    1.538787481  -10.719934602
   -1.618396215   -1.047197551   31.825939112   -2.094946043  -14.910753009
   -1.427996661   -1.047197551   31.322071784   -2.617017005  -19.113356064
   -1.237597106   -1.047197551   31.053224272    0.299739728  -22.564437412
   -1.047197551   -1.047197551   31.594933550    5.613499660  -24.543643353
   -0.856797996   -1.047197551   33.235880030   11.431616496  -24.653466416
   -0.666398442   -1.047197551   35.848507640   15.370678349  -22.958132200
   -0.475998887   -1.047197551   38.846177386   15.138646738  -19.942023169
   -0.285599332   -1.047197551   41.252228156    8.979306338  -16.322000504
   -0.095199777   -1.047197551   41.875429197   -3.515969934  -12.801648167
    0.095199777   -1.047197551   39.643114322  -20.459998478   -9.882583077
    0.285599332   -1.047197551   34.101998089  -37.290602793   -7.739248803
    0.475998887   -1.047197551   25.876119970  -47.524505775   -6.264630798
    0.666398442   -1.047197551   16.830556860  -45.123522675   -5.188107357
    0.856797996   -1.047197551    9.680606052  -27.628948777   -4.249173561
    1.047197551   -1.047197551    7.086508170    1.711046641   -3.298407723
    1.237597106   -1.047197551   10.573711109   34.560950197   -2.302475748
    1.427996661   -1.047197551   19.847941199   60.931007453   -1.294418198
    1.618396215   -1.047197551   32.883501481   73.208841782   -0.289602654
    1.808795770   -1.047197551   46.666558104   68.801051466    0.729073360
    1.999195325   -1.047197551   58.192578562   50.291561075    1.784290965
    2.189594880   -1.047197551   65.296420179   23.448866425    2.854787919
    2.379994435   -1.047197551   67.034016930   -4.954778159    3.840846876
    2.570393989   -1.047197551   63.701899909  -28.921267472    4.578875686
    2.760793544   -1.047197551   56.593811561  -44.090008800    4.895403517
    2.951193099   -1.047197551   47.623632788  -48.383352327    4.689486010

   -3.141592654   -0.698131701   38.715894393  -45.663326260    3.881906569
   -2.951193099   -0.698131701   31.194475420  -32.638647203    1.606161827
   -2.760793544   -0.698131701   26.505344666  -16.707284494   -0.971615008
   -2.570393989   -0.698131701   24.697231590   -3.121426324   -3.631635179
   -2.379994435   -0.698131701   24.943775317    4.490056747   -6.309612006
   -2.189594880   -0.698131701   25.972820830    5.222527890   -9.132119953
   -1.999195325   -0.698131701   26.611809150    0.902054257  -12.307171630
   -1.808795770   -0.698131701   26.222301221   -4.936264045  -15.891695663
   -1.618396215   -0.698131701   24.877311128   -8.584030192  -19.583916038
   -1.427996661   -0.698131701   23.250672500   -7.652175020  -22.702747427
   -1.237597106   -0.698131701   22.280298811   -1.819247620  -24.419124176
   -1.047197551   -0.698131701   22.768086019    7.223886787  -24.129017758
   -0.856797996   -0.698131701   25.062900649   16.560203420  -21.754784297
   -0.666398442   -0.698131701   28.899866833   22.841067516  -17.804508790
   -0.475998887   -0.698131701   33.408782334   23.238853834  -13.167524459
   -0.285599332   -0.698131701   37.281864158   16.046686417   -8.779151363
   -0.095199777   -0.698131701   39.059037670    1.407331822   -5.285289343
    0.095199777   -0.698131701   37.533329974  -17.932572405   -2.873770636
    0.285599332   -0.698131701   32.283951373  -36.608618590   -1.272238695
    0.475998887   -0.698131701   24.093280986  -47.646123766    0.024852407
    0.666398442   -0.698131701   15.033613042  -45.009661693    1.466847138
    0.856797996   -0.698131701    7.983645266  -26.659127802    3.202478013
    1.047197551   -0.698131701    5.665847050    3.592514222    5.036530303
    1.237597106   -0.698131701    9.571868630   36.979306876    6.602573960
    1.427996661   -0.698131701   19.320456173   63.414689673    7.595840634
    1.618396215   -0.698131701   32.808555434   75.437496233    7.962562092
    1.808795770   -0.698131701   46.981573068   70.662627746    7.885923001
    1.999195325   -0.698131701   58.826504642   51.778079958    7.655162920
    2.189594880   -0.698131701   66.173284225   24.495814430    7.482703317
    2.379994435   -0.698131701   68.053715114   -4.540611616    7.395398092
    2.570393989   -0.698131701   64.719070654  -29.403790651    7.226845171
    2.760793544   -0.698131701   57.417734715  -45.646461462    6.710596058
    2.951193099   -0.698131701   48.050694007  -50.969626052    5.622112324

   -3.141592654   -0.349065850   39.528296043  -50.313008099    3.329655611
   -2.951193099   -0.349065850   31.044901807  -37.998196139    0.322210236
   -2.760793544   -0.349065850   25.307887539  -22.268091993   -2.875270654
   -2.570393989   -0.349065850   22.449039207   -8.572782263   -5.992699413
   -2.379994435   -0.349065850   21.667098688   -0.897380409   -8.921670893
   -2.189594880   -0.349065850   21.653740275   -0.388889795  -11.753687920
   -1.999195325   -0.349065850   21.188339364   -5.069992603  -14.647247196
   -1.808795770   -0.349065850   19.656339178  -10.826072943  -17.572536055
   -1.618396215   -0.349065850   17.283637051  -13.247840524  -20.127989855
   -1.427996661   -0.349065850   15.003188257   -9.609912440  -21.601537082
   -1.237597106   -0.349065850   14.011973236    0.041160966  -21.289075471
   -1.047197551   -0.349065850   15.235396843   13.010376507  -18.895111148
   -0.856797996   -0.349065850   18.928407772   25.187673648  -14.757455895
   -0.666398442   -0.349065850   24.530260353   32.396898043   -9.757722786
   -0.475998887   -0.349065850   30.782622244   31.678664729   -4.956448467
   -0.285599332   -0.349065850   36.034403272   21.924949213   -1.182382532
   -0.095199777   -0.349065850   38.647271350    4.327160826    1.279961982
    0.095199777   -0.349065850   37.446364086  -17.243464634    2.737951103
    0.285599332   -0.349065850   32.228094204  -36.703216544    3.909063061
    0.475998887   -0.349065850   24.067589738  -47.020942415    5.530401497
    0.666398442   -0.349065850   15.273002492  -42.797249531    7.973915180
    0.856797996   -0.349065850    8.796262590  -22.976876189   11.036619406
    1.047197551   -0.349065850    7.251273795    7.815036310   14.041176129
    1.237597106   -0.349065850   11.919146600   40.562605544   16.210318916
    1.427996661   -0.349065850   22.221507995   65.570389171   17.049931537
    1.618396215   -0.349065850   35.971141481   76.068230315   16.571129451
    1.808795770   -0.349065850   50.153368243   70.239776691   15.194848358
    1.999195325   -0.349065850   61.868406288   50.936362063   13.493627871
    2.189594880   -0.349065850   69.048878682   23.628537751   11.898025965
    2.379994435   -0.349065850   70.761812328   -5.471773939   10.547033714
    2.570393989   -0.349065850   67.214507752  -30.786694326    9.289254931
    2.760793544   -0.349065850   59.567692138  -47.960760495    7.821974636
    2.951193099   -0.349065850   49.646675677  -54.497705554    5.871047231

   -3.141592654    0.000000000   40.740475390  -55.513233014    2.340870533
   -2.951193099    0.000000000   31.207519103  -43.716771254   -0.511922133
   -2.760793544    0.000000000   24.373508510  -27.975471960   -3.368926383
   -2.570393989    0.000000000   20.461396964  -13.886843164   -6.052753872
   -2.379994435    0.000000000   18.711240942   -5.767584390   -8.514544099
   -2.189594880    0.000000000   17.799206171   -4.984926342  -10.837776298
   -1.999195325    0.000000000   16.480331322   -9.399021965  -13.094512663
   -1.808795770    0.000000000   14.186019020  -14.357611316  -15.130543939
   -1.618396215    0.000000000   11.299259846  -14.902948501  -16.472470007
   -1.427996661    0.000000000    8.976501499   -8.232956958  -16.486646198
   -1.237597106    0.000000000    8.584273254    4.957644413  -14.727812884
   -1.047197551    0.000000000   11.040352528   20.837593671  -11.268182170
   -0.856797996    0.000000000   16.373118438   34.237756759   -6.766272324
   -0.666398442    0.000000000   23.647777636   40.579407912   -2.224924656
   -0.475998887    0.000000000   31.237113294   37.331449327    1.452301725
   -0.285599332    0.000000000   37.269324608   24.477806995    3.824573144
   -0.095199777    0.000000000   40.120385512    4.481357389    5.087592601
    0.095199777    0.000000000   38.848582709  -17.820532446    5.948049947
    0.285599332    0.000000000   33.604165595  -36.110385597    7.290654400
    0.475998887    0.000000000   25.779056974  -43.969725052    9.745559070
    0.666398442    0.000000000   17.815773541  -37.235115872   13.356623132
    0.856797996    0.000000000   12.549836750  -16.133283776   17.512467129
    1.047197551    0.000000000   12.280005474   14.025208278   21.197522102
    1.237597106    0.000000000   17.930469647   44.450815823   23.465954983
    1.427996661    0.000000000   28.685105561   66.418664718   23.840684537
    1.618396215    0.000000000   42.331218785   74.283604223   22.470866364
    1.808795770    0.000000000   56.009176307   66.947814482   19.955045884
    1.999195325    0.000000000   67.049450939   47.313225973   17.019771817
    2.189594880    0.000000000   73.569290566   20.382967508   14.206496445
    2.379994435    0.000000000   74.709514405   -8.281620227   11.737044187
    2.570393989    0.000000000   70.637350685  -33.583610359    9.531780348
    2.760793544    0.000000000   62.412981494  -51.317540159    7.358515152
    2.951193099    0.000000000   51.767217156  -58.789021745    4.992781519

   -3.141592654    0.349065850   42.608353548  -59.735594587    2.083476478
   -2.951193099    0.349065850   32.239664122  -48.202378838    0.303533657
   -2.760793544    0.349065850   24.548982549  -32.426411176   -1.327105010
   -2.570393989    0.349065850   19.810813770  -18.085972503   -2.824756696
   -2.379994435    0.349065850   17.287496434   -9.689810196   -4.269099609
   -2.189594880    0.349065850   15.650983446   -8.662623134   -5.761966089
   -1.999195325    0.349065850   13.667776061  -12.624334110   -7.300577217
   -1.808795770    0.349065850   10.849576729  -16.486679706   -8.648830547
   -1.618396215    0.349065850    7.733426479  -15.028080511   -9.351351582
   -1.427996661    0.349065850    5.635304116   -5.685126667   -8.942297538
   -1.237597106    0.349065850    5.981067845   10.059946343   -7.234946737
   -1.047197551    0.349065850    9.573098148   27.420336778   -4.501372434
   -0.856797996    0.349065850   16.169053227   40.624819141   -1.392685669
   -0.666398442    0.349065850   24.514688590   45.237725482    1.358923225
   -0.475998887    0.349065850   32.761004508   39.539917067    3.309845610
   -0.285599332    0.349065850   39.006652513   24.672603134    4.499759915
   -0.095199777    0.349065850   41.810523564    4.081345604    5.441966047
    0.095199777    0.349065850   40.551652665  -16.986894155    6.888371316
    0.285599332    0.349065850   35.705443103  -32.590655877    9.478824187
    0.475998887    0.349065850   28.847907166  -37.379566902   13.415000263
    0.666398442    0.349065850   22.366056571  -28.541011950   18.281922803
    0.856797996    0.349065850   18.803229958   -7.336658800   23.135463450
    1.047197551    0.349065850   20.039793446   20.710429979   26.841558529
    1.237597106    0.349065850   26.633134564   47.514090092   28.538538239
    1.427996661    0.349065850   37.593594854   65.592355817   27.960122462
    1.618396215    0.349065850   50.775054825   70.452076460   25.478325065
    1.808795770    0.349065850   63.553105242   61.589158106   21.853833093
    1.999195325    0.349065850   73.540508211   41.804847672   17.896701806
    2.189594880    0.349065850   79.068132039   15.554661901   14.188854726
    2.379994435    0.349065850   79.371574174  -12.267343486   10.999049642
    2.570393989    0.349065850   74.598317502  -37.039320018    8.327080800
    2.760793544    0.349065850   65.726595456  -54.741747848    6.041597013
    2.951193099    0.349065850   54.399180596  -62.564749942    3.991180233

   -3.141592654    0.698131701   44.271077576  -61.813475041    0.644652693
   -2.951193099    0.698131701   33.516711289  -50.163143304    0.407834182
   -2.760793544    0.698131701   25.454381963  -34.371793540    0.377476994
   -2.570393989    0.698131701   20.338163265  -20.122806218    0.345756224
   -2.379994435    0.698131701   17.408921974  -11.917178460    0.129605985
   -2.189594880    0.698131701   15.330948657  -11.038197705   -0.377412138
   -1.999195325    0.698131701   12.904378951  -14.819356398   -1.137553156
   -1.808795770    0.698131701    9.732280535  -17.889443018   -1.936007076
   -1.618396215    0.698131701    6.474999750  -15.021777669   -2.451402950
   -1.427996661    0.698131701    4.535295586   -4.039335470   -2.427140852
   -1.237597106    0.698131701    5.322399313   12.922244836   -1.826560495
   -1.047197551    0.698131701    9.502346618   30.549148813   -0.865193981
   -0.856797996    0.698131701   16.635959725   42.992673387    0.135664572
   -0.666398442    0.698131701   25.312632235   46.325002541    0.965360090
   -0.475998887    0.698131701   33.660550745   39.635386562    1.705480580
   -0.285599332    0.698131701   39.909128257   24.823544877    2.725401430
   -0.095199777    0.698131701   42.857371592    5.682830984    4.539029426
    0.095199777    0.698131701   42.138789162  -12.765423850    7.572161749
    0.285599332    0.698131701   38.386583296  -25.335489824   11.916709398
    0.475998887    0.698131701   33.155712072  -27.757335969   17.198009473
    0.666398442    0.698131701   28.604518366  -18.237668913   22.587343605
    0.856797996    0.698131701   26.894184236    1.437878788   27.022222071
    1.047197551    0.698131701   29.494890734   26.002390935   29.555214189
    1.237597106    0.698131701   36.676909074   48.355197227   29.695119920
    1.427996661    0.698131701   47.387288155   62.283830076   27.564026681
    1.618396215    0.698131701   59.641895418   64.296004243   23.788004751
    1.808795770    0.698131701   71.111119518   54.272304685   19.205191541
    1.999195325    0.698131701   79.713035294   34.757252256   14.577728524
    2.189594880    0.698131701   83.995619482    9.608383117   10.417095620
    2.379994435    0.698131701   83.292703997  -16.903189749    6.981127486
    2.570393989    0.698131701   77.747985770  -40.556219169    4.339557555
    2.760793544    0.698131701   68.284815370  -57.495555402    2.466829037
    2.951193099    0.698131701   56.478771796  -64.875297694    1.276949252

   -3.141592654    1.047197551   42.960093710  -61.925385983   -3.918277379
   -2.951193099    1.047197551   32.268925857  -49.436528878   -2.908664183
   -2.760793544    1.047197551   24.387776423  -33.262129856   -1.667112991
   -2.570393989    1.047197551   19.486228619  -19.031525363   -0.522497174
   -2.379994435    1.047197551   16.737748162  -11.136668093    0.311838658
   -2.189594880    1.047197551   14.766973195  -10.691029475    0.752788227
   -1.999195325    1.047197551   12.369414098  -14.833151571    0.828230593
   -1.808795770    1.047197551    9.176697623  -18.051272301    0.637275212
   -1.618396215    1.047197551    5.890602232  -15.143995716    0.296086121
   -1.427996661    1.047197551    3.934685042   -4.110510047   -0.117202036
   -1.237597106    1.047197551    4.700148524   12.711121708   -0.564614589
   -1.047197551    1.047197551    8.810042665   29.996656207   -0.998955944
   -0.856797996    1.047197551   15.807461570   42.154512878   -1.274711591
   -0.666398442    1.047197551   24.335828263   45.736585186   -1.115678271
   -0.475998887    1.047197551   32.668426916   40.239238814   -0.148397949
   -0.285599332    1.047197551   39.231089671   27.674395120    1.972001843
   -0.095199777    1.047197551   42.997849356   11.504388472    5.414987284
    0.095199777    1.047197551   43.675754176   -3.995866162   10.065030402
    0.285599332    1.047197551   41.805910203  -14.564613010   15.449499570
    0.475998887    1.047197551   38.681430488  -16.748765678   20.792459598
    0.666398442    1.047197551   36.080562935   -9.113941066   25.160117624
    0.856797996    1.047197551   35.777783584    6.858113701   27.719778007
    1.047197551    1.047197551   38.976006682   26.803597650   27.999999204
    1.237597106    1.047197551   45.882494507   44.796853974   26.033045820
    1.427996661    1.047197551   55.589031948   55.549261573   22.319008926
    1.618396215    1.047197551   66.381556550   55.923826224   17.597973528
    1.808795770    1.047197551   76.212216640   45.615623182   12.585747329
    1.999195325    1.047197551   83.213464264   26.697387465    7.812893839
    2.189594880    1.047197551   86.057509105    2.606491229    3.602700025
    2.379994435    1.047197551   84.140794980  -22.624746545    0.158431504
    2.570393989    1.047197551   77.640058361  -44.851624741   -2.369508109
    2.760793544    1.047197551   67.501271548  -60.287596753   -3.869483576
    2.951193099    1.047197551   55.302867378  -66.211780486   -4.336866366

   -3.141592654    1.396263402   38.471381627  -60.207389554  -10.545192850
   -2.951193099    1.396263402   28.257929125  -46.246588549   -9.166037894
   -2.760793544    1.396263402   21.060805338  -29.402780055   -7.408862068
   -2.570393989    1.396263402   16.898071321  -15.236002628   -5.578223247
   -2.379994435    1.396263402   14.821628873   -7.937870022   -3.829752445
   -2.189594880    1.396263402   13.376661687   -8.401116293   -2.211711330
   -1.999195325    1.396263402   11.315376517  -13.611055302   -0.757710119
   -1.808795770    1.396263402    8.247842600  -17.967413046    0.442144453
   -1.618396215    1.396263402    4.868296697  -16.209478529    1.244697475
   -1.427996661    1.396263402    2.609297112   -6.202825148    1.527626111
   -1.237597106    1.396263402    2.907742357    9.969982698    1.311060034
   -1.047197551    1.396263402    6.490882510   27.345297192    0.832361774
   -0.856797996    1.396263402   13.072999319   40.627435829    0.541917679
   -0.666398442    1.396263402   21.507205125   46.446521242    0.970745267
   -0.475998887    1.396263402   30.257840167   44.014908085    2.562584027
   -0.285599332    1.396263402   37.854723169   34.725997002    5.519528691
   -0.095199777    1.396263402   43.235449288   21.243566585    9.712214549
    0.095199777    1.396263402   45.919087449    7.050057207   14.685559919
    0.285599332    1.396263402   46.127900860   -4.113042671   19.695459568
    0.475998887    1.396263402   44.778071088   -8.869075054   23.857221184
    0.666398442    1.396263402   43.308454613   -5.289703857   26.340839595
    0.856797996    1.396263402   43.296679184    6.106455657   26.623258203
    1.047197551    1.396263402   45.954150618   22.054440346   24.657594077
    1.237597106    1.396263402   51.683359935   37.448229086   20.867584542
    1.427996661    1.396263402   59.870567765   47.176488385   15.978543264
    1.618396215    1.396263402   69.068530039   47.675334034   10.727474575
    1.808795770    1.396263402   77.384414778   37.972766300    5.640732426
    1.999195325    1.396263402   82.990314033   19.657746377    0.987094757
    2.189594880    1.396263402   84.544971781   -3.890371730   -3.122972613
    2.379994435    1.396263402   81.456522388  -28.367262649   -6.578094531
    2.570393989    1.396263402   73.974170700  -49.306013924   -9.194141624
    2.760793544    1.396263402   63.157935195  -62.852613785  -10.760322909
    2.951193099    1.396263402   50.678853100  -66.557258662  -11.176492942

   -3.141592654    1.745329252   31.868823479  -58.474730966  -16.837890980
   -2.951193099    1.745329252   22.149820184  -42.890439337  -15.626626520
   -2.760793544    1.745329252   15.689643751  -25.139051328  -13.816255147
   -2.570393989    1.745329252   12.374807199  -10.683271698  -11.633058446
   -2.379994435    1.745329252   11.156184260   -3.540125477   -9.177942177
   -2.189594880    1.745329252   10.506893795   -4.496329500   -6.484135078
   -1.999195325    1.745329252    9.115735911  -10.543346315   -3.630763548
   -1.808795770    1.745329252    6.523935458  -16.099965477   -0.827751095
   -1.618396215    1.745329252    3.365445141  -15.782425896    1.612524571
   -1.427996661    1.745329252    1.058430481   -7.082628961    3.401912627
   -1.237597106    1.745329252    1.115845330    8.454093323    4.451756403
   -1.047197551    1.745329252    4.439777233   26.343839854    4.967846854
   -0.856797996    1.745329252   10.982517619   41.407130226    5.414330652
   -0.666398442    1.745329252   19.813834732   49.939811104    6.324014369
   -0.475998887    1.745329252   29.512516580   50.446966923    8.077816781
   -0.285599332    1.745329252   38.573604118   43.501342794   10.745920482
   -0.095199777    1.745329252   45.750777544   31.083507512   14.024440855
    0.095199777    1.745329252   50.275865930   16.252639318   17.309585533
    0.285599332    1.745329252   52.036807539    2.718556807   19.820935542
    0.475998887    1.745329252   51.649890970   -5.762452463   20.833906189
    0.666398442    1.745329252   50.364019076   -6.478598159   19.909536151
    0.856797996    1.745329252   49.740437542    1.027846945   17.085357963
    1.047197551    1.745329252   51.153230725   14.307615221   12.877932266
    1.237597106    1.745329252   55.279297347   28.607105394    8.075290031
    1.427996661    1.745329252   61.787120326   38.539356468    3.433462155
    1.618396215    1.745329252   69.415890751   39.866387254   -0.607917110
    1.808795770    1.745329252   76.325063568   30.957830584   -4.009995371
    1.999195325    1.745329252   80.643939227   13.097949794   -6.996534279
    2.189594880    1.745329252   80.975148678  -10.174013646   -9.808860258
    2.379994435    1.745329252   76.732113806  -34.122952315  -12.490782238
    2.570393989    1.745329252   68.252314909  -53.893420182  -14.833543942
    2.760793544    1.745329252   56.730546987  -65.562559818  -16.490033280
    2.951193099    1.745329252   43.948005184  -66.990027247  -17.180635653

   -3.141592654    2.094395102   24.744951961  -57.603007785  -19.112382631
   -2.951193099    2.094395102   15.327849097  -40.659329274  -18.036374351
   -2.760793544    2.094395102    9.391566044  -21.935973379  -16.182715046
   -2.570393989    2.094395102    6.758909843   -6.751552665  -13.710619686
   -2.379994435    2.094395102    6.351374604    1.037327030  -10.719173656
   -2.189594880    2.094395102    6.630214444    0.647728833   -7.273770196
   -1.999195325    2.094395102    6.253465881   -5.107399819   -3.485352894
   -1.808795770    2.094395102    4.685432953  -10.887695444    0.414897418
   -1.618396215    2.094395102    2.451537239  -11.376749682    4.086544246
   -1.427996661    2.094395102    0.878187056   -3.811030340    7.183232065
   -1.237597106    2.094395102    1.461747471   10.767126558    9.511585773
   -1.047197551    2.094395102    5.186308927   28.371080906   11.130458470
   -0.856797996    2.094395102   12.156378686   44.001021294   12.327020295
   -0.666398442    2.094395102   21.588575173   53.714000412   13.449129979
   -0.475998887    2.094395102   32.127156882   55.443129395   14.709178199
   -0.285599332    2.094395102   42.211519685   49.085029741   16.057111495
   -0.095199777    2.094395102   50.418416470   36.091010974   17.155158491
    0.095199777    2.094395102   55.730982469   19.283236970   17.490067747
    0.285599332    2.094395102   57.782377158    2.580424210   16.530116896
    0.475998887    2.094395102   57.017860717   -9.614304403   13.964335266
    0.666398442    2.094395102   54.669204467  -13.634529305    9.881389226
    0.856797996    2.094395102   52.465283034   -8.127963361    4.836433603
    1.047197551    2.094395102   52.082674631    4.900909901   -0.311665207
    1.237597106    2.094395102   54.521602091   20.497302181   -4.729892849
    1.427996661    2.094395102   59.677660591   32.498723484   -7.929211681
    1.618396215    2.094395102   66.345907651   35.721029441   -9.932261400
    1.808795770    2.094395102   72.582829219   27.882416339  -11.177620816
    1.999195325    2.094395102   76.340594439   10.148898516  -12.247101499
    2.189594880    2.094395102   76.073682352  -13.540568665  -13.570132780
    2.379994435    2.094395102   71.151089678  -37.816774792  -15.243806960
    2.570393989    2.094395102   61.981906229  -57.301448052  -17.029092567
    2.760793544    2.094395102   49.899568533  -67.916372948  -18.503216133
    2.951193099    2.094395102   36.812990599  -67.766160411  -19.270070568

   -3.141592654    2.443460953   18.215620475  -57.484132597  -12.859083866
   -2.951193099    2.443460953    8.946845494  -39.227183177  -11.433159361
   -2.760793544    2.443460953    3.412668525  -19.158017895   -9.462375957
   -2.570393989    2.443460953    1.439443418   -2.607812571   -7.073305237
   -2.379994435    2.443460953    1.951191810    6.536206068   -4.327034946
   -2.189594880    2.443460953    3.396921828    7.359401821   -1.201941175
   -1.999195325    2.443460953    4.386105009    2.434007277    2.345031976
   -1.808795770    2.443460953    4.284379258   -3.154113086    6.261221952
   -1.618396215    2.443460953    3.482489507   -4.194061302   10.318049303
   -1.427996661    2.443460953    3.176236486    2.237618482   14.130910122
   -1.237597106    2.443460953    4.785199636   15.482283511   17.290885568
   -1.047197551    2.443460953    9.295313614   31.964973547   19.523290129
   -0.856797996    2.443460953   16.874888958   46.871567165   20.768279208
   -0.666398442    2.443460953   26.808688761   56.122506453   21.125342558
   -0.475998887    2.443460953   37.756074470   57.265966218   20.715468941
   -0.285599332    2.443460953   48.091483018   49.765518573   19.559673503
   -0.095199777    2.443460953   56.254698309   34.807403229   17.525827364
    0.095199777    2.443460953   61.070518584   15.235838147   14.403115957
    0.285599332    2.443460953   62.053836844   -4.598983850   10.042720583
    0.475998887    2.443460953   59.649098612  -19.527469873    4.562845312
    0.666398442    2.443460953   55.247931710  -24.993949326   -1.536667957
    0.856797996    2.443460953   50.889452522  -19.053298487   -7.415168019
    1.047197551    2.443460953   48.617042087   -3.754530047  -12.156142923
    1.237597106    2.443460953   49.719324744   15.210596000  -15.125908915
    1.427996661    2.443460953   54.195287822   30.546575928  -16.217017972
    1.618396215    2.443460953   60.732191662   36.072508567  -15.867295246
    1.808795770    2.443460953   67.137426216   29.061465796  -14.817715585
    1.999195325    2.443460953   71.090899214   10.864291134  -13.790476358
    2.189594880    2.443460953   70.856132964  -13.961720832  -13.232476758
    2.379994435    2.443460953   65.742171421  -39.336704314  -13.224689331
    2.570393989    2.443460953   56.219609491  -59.368696079  -13.538107169
    2.760793544    2.443460953   43.750120263  -69.791542322  -13.794258103
    2.951193099    2.443460953   30.375918234  -68.824088560  -13.638294459

   -3.141592654    2.792526803   15.442763294  -56.020803166    0.640604724
   -2.951193099    2.792526803    6.509656917  -37.184265354    2.551779009
   -2.760793544    2.792526803    1.420402397  -16.543370740    4.432638677
   -2.570393989    2.792526803    0.000000000    0.586212745    6.260250813
   -2.379994435    2.792526803    1.182802776   10.411202588    8.131133210
   -2.189594880    2.792526803    3.446014466   12.098314908   10.272819002
   -1.999195325    2.792526803    5.432471552    8.173212210   12.951038771
   -1.808795770    2.792526803    6.514139005    3.489350742   16.286208873
   -1.618396215    2.792526803    7.031421378    2.915129336   20.091810356
   -1.427996661    2.792526803    8.067757160    9.096654297   23.858075221
   -1.237597106    2.792526803   10.896692993   21.316487915   26.913996568
   -1.047197551    2.792526803   16.369544545   36.164350994   28.680557583
   -0.856797996    2.792526803   24.562409329   49.072222135   28.855447332
   -0.666398442    2.792526803   34.708286882   56.117556080   27.436646979
   -0.475998887    2.792526803   45.430503139   54.870096186   24.606367859
   -0.285599332    2.792526803   55.064282103   44.749827595   20.589153120
   -0.095199777    2.792526803   62.007324522   26.996070476   15.559882706
    0.095199777    2.792526803   65.073808899    4.727281157    9.667728358
    0.285599332    2.792526803   63.846086131  -17.151277997    3.130324285
    0.475998887    2.792526803   58.958397366  -32.782829165   -3.629327112
    0.666398442    2.792526803   52.111934614  -37.086064724   -9.942813364
    0.856797996    2.792526803   45.711909455  -28.116625924  -15.004225343
    1.047197551    2.792526803   42.104448338   -8.590359342  -18.142783457
    1.237597106    2.792526803   42.702975147   14.680994975  -19.104731204
    1.427996661    2.792526803   47.412955347   33.301979719  -18.157631985
    1.618396215    2.792526803   54.659525016   40.500556494  -15.964983493
    1.808795770    2.792526803   61.939625345   33.612233544  -13.275311146
    1.999195325    2.792526803   66.684098562   14.523036039  -10.658024134
    2.189594880    2.792526803   67.027970015  -11.542275487   -8.377153933
    2.379994435    2.792526803   62.267577063  -37.974035323   -6.437424250
    2.570393989    2.792526803   52.938806860  -58.606979280   -4.697977613
    2.760793544    2.792526803   40.597715641  -69.130048031   -2.996992366
    2.951193099    2.792526803   27.373085497  -67.870673010   -1.226488736
