#! FIELDS phi psi file.free der_phi der_psi
#! SET min_phi -pi
#! SET max_phi pi
#! SET nbins_phi  33
#! SET periodic_phi true
#! SET min_psi -pi
#! SET max_psi pi
#! SET nbins_psi  18
#! SET periodic_psi true
   -3.141592654   -3.141592654   18.553469525  -54.632429733   15.747180154
   -2.951193099   -3.141592654    9.781657317  -36.778809196   18.189706828
   -2.760793544   -3.141592654    4.730746156  -16.405846585   19.977199390
   -2.570393989   -3.141592654    3.370077727    1.220790243   21.136901110
   -2.379994435   -3.141592654    4.775059019   12.217956738   21.923637304
   -2.189594880   -3.141592654    7.536043967   15.587577844   22.789414230
   -1.999195325   -3.141592654   10.364298111   13.529319911   24.203816574
   -1.808795770   -3.141592654   12.619590012   10.361063470   26.386491831
   -1.618396215   -3.141592654   14.517013076   10.346500065   29.104264593
   -1.427996661   -3.141592654   16.910254005   15.679720582   31.687504081
   -1.237597106   -3.141592654   20.791320704   25.582642367   33.282897159
   -1.047197551   -3.141592654   26.760942783   37.000607365   33.204380438
   -0.856797996   -3.141592654   34.740049956   45.975839613   31.179059013
   -0.666398442   -3.141592654   43.927359645   49.225692970   27.388006621
   -0.475998887   -3.141592654   53.023176434   44.836313729   22.303482083
   -0.285599332   -3.141592654   60.524682633   32.592864080   16.470472717
   -0.095199777   -3.141592654   65.046457345   13.960157665   10.324796493
    0.095199777   -3.141592654   65.651897556   -7.847196132    4.150138468
    0.285599332   -3.141592654   62.180637733  -27.920249410   -1.846096470
    0.475998887   -3.141592654   55.509766070  -40.557529355   -7.381812668
    0.666398442   -3.141592654   47.532267229  -41.093682390  -12.015792414
    0.856797996   -3.141592654   40.736294121  -28.310333434  -15.213789531
    1.047197551   -3.141592654   37.392593015   -5.805191387  -16.564505596
    1.237597106   -3.141592654   38.687340675   18.969429856  -16.004722652
    1.427996661   -3.141592654   44.234260029   37.622147237  -13.875922469
    1.618396215   -3.141592654   52.235164115   44.081038171  -10.781753707
    1.808795770   -3.141592654   60.131207995   36.615946852   -7.308315667
    1.999195325   -3.141592654   65.447769601   17.680525284   -3.829532195
    2.189594880   -3.141592654   66.459346863   -7.616095117   -0.457038543
    2.379994435   -3.141592654   62.525106169  -33.273755935    2.858312505
    2.570393989   -3.141592654   54.118318028  -53.760509035    6.193354000
    2.760793544   -3.141592654   42.644626731  -64.997898688    9.542798564
    2.951193099   -3.141592654   30.086343638  -65.067036297   12.792525917

   -3.141592654   -2.792526803   25.833921133  -49.973689986   23.563374560
   -2.951193099   -2.792526803   17.801032869  -33.729000788   25.992208846
   -2.760793544   -2.792526803   13.172398707  -14.996307584   27.414480959
   -2.570393989   -2.792526803   11.951282579    1.380283656   27.941328418
   -2.379994435   -2.792526803   13.332094437   11.975186011   27.927674997
   -2.189594880   -2.792526803   16.094957903   16.029299658   27.913096499
   -1.999195325   -2.792526803   19.145891607   15.527129543   28.416793090
   -1.808795770   -2.792526803   21.948581158   14.059083966   29.660423219
   -1.618396215   -2.792526803   24.653270774   14.915250345   31.374688920
   -1.427996661   -2.792526803   27.875896183   19.528319737   32.842282739
   -1.237597106   -2.792526803   32.277939323   26.952224678   33.181754744
   -1.047197551   -2.792526803   38.164176199   34.624856351   31.724654186
   -0.856797996   -2.792526803   45.298594303   39.518596551   28.269586528
   -0.666398442   -2.792526803   52.907523714   39.277367768   23.124772072
   -0.475998887   -2.792526803   59.870041165   32.622879784   16.922167625
   -0.285599332   -2.792526803   64.941392798   19.519420494   10.369214877
   -0.095199777   -2.792526803   66.990373325    1.244294748    4.032651087
    0.095199777   -2.792526803   65.279790950  -19.339118223   -1.736681735
    0.285599332   -2.792526803   59.785216445  -37.593888790   -6.746080874
    0.475998887   -2.792526803   51.484965672  -47.911912260  -10.831914833
    0.666398442   -2.792526803   42.366570124  -45.634307211  -13.771230567
    0.856797996   -2.792526803   35.002946081  -29.681379583  -15.314491341
    1.047197551   -2.792526803   31.700457325   -4.031090434  -15.312939723
    1.237597106   -2.792526803   33.590881869   23.341006542  -13.849682347
    1.427996661   -2.792526803   40.144421496   43.665581592  -11.246249686
    1.618396215   -2.792526803   49.378566424   50.864624231   -7.939423009
    1.808795770   -2.792526803   58.584395404   43.530272021   -4.286543305
    1.999195325   -2.792526803   65.212037627   24.538821951   -0.464486408
    2.189594880   -2.792526803   67.530246395   -0.731865319    3.514868446
    2.379994435   -2.792526803   64.918204238  -26.270080479    7.682465446
    2.570393989   -2.792526803   57.851180003  -46.733761927   11.997019882
    2.760793544   -2.792526803   47.693872784  -58.279356498   16.278327952
    2.951193099   -2.792526803   36.349481772  -59.134865802   20.239485783

   -3.141592654   -2.443460953   34.220515085  -45.030888451   22.553617946
   -2.951193099   -2.443460953   26.962671941  -30.575873012   24.628867957
   -2.760793544   -2.443460953   22.760563904  -13.642070047   25.756321363
   -2.570393989   -2.443460953   21.651733213    1.300973629   26.039824345
   -2.379994435   -2.443460953   22.938612502   11.218409068   25.765850835
   -2.189594880   -2.443460953   25.567530811   15.530504901   25.351485863
   -1.999195325   -2.443460953   28.607620092   15.985005547   25.175364523
   -1.808795770   -2.443460953   31.595878602   15.480452970   25.363348531
   -1.618396215   -2.443460953   34.601106191   16.446262809   25.657222192
   -1.427996661   -2.443460953   38.012319536   19.726404664   25.484591381
   -1.237597106   -2.443460953   42.207866181   24.405914171   24.207886691
   -1.047197551   -2.443460953   47.279658597   28.580459712   21.421548913
   -0.856797996   -2.443460953   52.940851119   30.224628151   17.124280101
   -0.666398442   -2.443460953   58.552211823   27.834842025   11.723444475
   -0.475998887   -2.443460953   63.250397033   20.554796791    5.852750831
   -0.285599332   -2.443460953   66.077628295    8.233024113    0.159215281
   -0.095199777   -2.443460953   66.130030568   -8.322843570   -4.878219622
    0.095199777   -2.443460953   62.795858415  -26.796985865   -9.015809056
    0.285599332   -2.443460953   56.084723195  -42.926645927  -12.192358099
    0.475998887   -2.443460953   46.962620331  -51.217183909  -14.421411332
    0.666398442   -2.443460953   37.402799191  -46.957430011  -15.692706051
    0.856797996   -2.443460953   29.974716110  -29.023451757  -15.957461255
    1.047197551   -2.443460953   26.978526552   -1.487674058  -15.179122051
    1.237597106   -2.443460953   29.508904001   27.466432983  -13.410178242
    1.427996661   -2.443460953   36.962121930   48.911252662  -10.819929509
    1.618396215   -2.443460953   47.265727618   56.795189915   -7.650113966
    1.808795770   -2.443460953   57.644373058   49.893489504   -4.112545605
    1.999195325   -2.443460953   65.521275995   31.302469350   -0.335612051
    2.189594880   -2.443460953   69.170645107    6.483583519    3.634471454
    2.379994435   -2.443460953   67.973918527  -18.649844813    7.759953723
    2.570393989   -2.443460953   62.376616643  -38.991599044   11.941545832
    2.760793544   -2.443460953   53.668027921  -50.909620865   15.978051072
    2.951193099   -2.443460953   43.646323396  -52.720311005   19.604157993

   -3.141592654   -2.094395102   40.936032546  -40.609485819   14.558873163
   -2.951193099   -2.094395102   34.397139145  -27.495626192   15.915909353
   -2.760793544   -2.094395102   30.641133094  -12.045565036   16.668319582
   -2.570393989   -2.094395102   29.698961400    1.492322416   16.830900640
   -2.379994435   -2.094395102   30.916133093   10.377193079   16.488520321
   -2.189594880   -2.094395102   33.329616235   14.199952552   15.795285291
   -1.999195325   -2.094395102   36.105084743   14.578072096   14.901380337
   -1.808795770   -2.094395102   38.819736017   13.962823186   13.845958396
   -1.618396215   -2.094395102   41.484738671   14.265037985   12.498294975
   -1.427996661   -2.094395102   44.351542143   16.059863724   10.613814434
   -1.237597106   -2.094395102   47.652284125   18.621922448    7.976230703
   -1.047197551   -2.094395102   51.410073230   20.618392936    4.544899994
   -0.856797996   -2.094395102   55.393708232   20.736396671    0.509588525
   -0.666398442   -2.094395102   59.140016676   17.950192465   -3.741147415
   -0.475998887   -2.094395102   62.016195010   11.503739564   -7.760584347
   -0.285599332   -2.094395102   63.274531663    0.932883386  -11.173171976
   -0.095199777   -2.094395102   62.138382346  -13.482713249  -13.771417980
    0.095199777   -2.094395102   58.019752828  -29.925205820  -15.541427455
    0.285599332   -2.094395102   50.875199094  -44.425056412  -16.596008521
    0.475998887   -2.094395102   41.587441264  -51.509678713  -17.088232151
    0.666398442   -2.094395102   32.063280847  -46.306680524  -17.114508152
    0.856797996   -2.094395102   24.842112318  -27.487772077  -16.679797008
    1.047197551   -2.094395102   22.226780768    0.997915745  -15.707400913
    1.237597106   -2.094395102   25.324019764   30.942116267  -14.108939943
    1.427996661   -2.094395102   33.529758669   53.314999151  -11.864934397
    1.618396215   -2.094395102   44.749150711   61.977486295   -9.063821822
    1.808795770   -2.094395102   56.174531097   55.669105647   -5.871957909
    1.999195325   -2.094395102   65.195847813   37.517111645   -2.483948593
    2.189594880   -2.094395102   70.061000975   13.006989206    0.937181719
    2.379994435   -2.094395102   70.124764211  -11.970588088    4.264416050
    2.570393989   -2.094395102   65.796994276  -32.391250319    7.394446052
    2.760793544   -2.094395102   58.314482135  -44.695996790   10.219819003
    2.951193099   -2.094395102   49.412871677  -47.237007730   12.638029086

   -3.141592654   -1.745329252   43.567935969  -38.704701942    6.382256887
   -2.951193099   -1.745329252   37.338805661  -26.165083647    6.902239005
   -2.760793544   -1.745329252   33.776630885  -11.359103488    7.136064663
   -2.570393989   -1.745329252   32.894907237    1.420198030    7.057286584
   -2.379994435   -1.745329252   34.019121866    9.459161739    6.612038758
   -2.189594880   -1.745329252   36.172233128   12.372204672    5.745080352
   -1.999195325   -1.745329252   38.505442214   11.739437005    4.401927356
   -1.808795770   -1.745329252   40.569771990    9.938115947    2.526952404
   -1.618396215   -1.745329252   42.342041651    8.897085019    0.089156916
   -1.427996661   -1.745329252   44.059355029    9.392158732   -2.857667462
   -1.237597106   -1.745329252   45.995199835   11.062589336   -6.135668023
   -1.047197551   -1.745329252   48.287057810   12.932175753   -9.456855244
   -0.856797996   -1.745329252   50.870301831   13.876389434  -12.502576490
   -0.666398442   -1.745329252   53.456594174   12.740826609  -14.994087063
   -0.475998887   -1.745329252   55.537842430    8.407159159  -16.770530475
   -0.285599332   -1.745329252   56.408669254   -0.072950283  -17.804613072
   -0.095199777   -1.745329252   55.247573592  -12.840270428  -18.191008961
    0.095199777   -1.745329252   51.356109890  -28.299843142  -18.120991463
    0.285599332   -1.745329252   44.559683308  -42.494050944  -17.807395713
    0.475998887   -1.745329252   35.627533435  -49.752628712  -17.426068046
    0.666398442   -1.745329252   26.405996732  -44.877791895  -17.041296478
    0.856797996   -1.745329252   19.439381106  -26.182881643  -16.582381016
    1.047197551   -1.745329252   17.095930919    2.631869872  -15.859155676
    1.237597106   -1.745329252   20.573970614   33.365946266  -14.647099391
    1.427996661   -1.745329252   29.339895440   56.776687027  -12.809766040
    1.618396215   -1.745329252   41.314069415   66.392451382  -10.376478626
    1.808795770   -1.745329252   53.644000961   60.669368672   -7.535445181
    1.999195325   -1.745329252   63.637117143   42.640939822   -4.568857704
    2.189594880   -1.745329252   69.458146755   17.858931416   -1.743741446
    2.379994435   -1.745329252   70.400032892   -7.633568221    0.744753396
    2.570393989   -1.745329252   66.840037479  -28.681591736    2.797215991
    2.760793544   -1.745329252   60.003123410  -41.626403693    4.390543835
    2.951193099   -1.745329252   51.628425907  -44.769860011    5.564021621

   -3.141592654   -1.396263402   42.552767817  -39.441265132    3.684480796
   -2.951193099   -1.396263402   36.177920976  -26.942736020    3.508263860
   -2.760793544   -1.396263402   32.473059200  -12.083138040    3.071794901
   -2.570393989   -1.396263402   31.454487941    0.678665046    2.378048221
   -2.379994435   -1.396263402   32.419126314    8.467770036    1.342677481
   -2.189594880   -1.396263402   34.329614069   10.738643951   -0.184400716
   -1.999195325   -1.396263402   36.252703438    8.990939261   -2.367805972
   -1.808795770   -1.396263402   37.657975182    5.730957455   -5.297177485
   -1.618396215   -1.396263402   38.491251022    3.295650071   -8.887603366
   -1.427996661   -1.396263402   39.053546340    3.010016289  -12.817613714
   -1.237597106   -1.396263402   39.780717218    4.946383872  -16.573463799
   -1.047197551   -1.396263402   41.023458946    8.195327746  -19.594067873
   -0.856797996   -1.396263402   42.903621698   11.321089400  -21.463373268
   -0.666398442   -1.396263402   45.234153260   12.596849651  -22.028693101
   -0.475998887   -1.396263402   47.495659670   10.352052238  -21.434667127
   -0.285599332   -1.396263402   48.880541185    3.246653671  -20.038780332
   -0.095199777   -1.396263402   48.413566178   -9.027147301  -18.277894550
    0.095199777   -1.396263402   45.228909993  -24.815936447  -16.553659320
    0.285599332   -1.396263402   39.013082695  -39.957784962  -15.121937084
    0.475998887   -1.396263402   30.448531114  -48.430661265  -14.072324673
    0.666398442   -1.396263402   21.372264202  -44.610747335  -13.330583018
    0.856797996   -1.396263402   14.399516379  -26.399260057  -12.715223818
    1.047197551   -1.396263402   12.033257128    2.736020515  -11.995058931
    1.237597106   -1.396263402   15.621472277   34.498113230  -10.962493952
    1.427996661   -1.396263402   24.731955995   59.259036249   -9.509731040
    1.618396215   -1.396263402   37.296835811   70.034239754   -7.654237126
    1.808795770   -1.396263402   50.385071918   64.861987121   -5.527165383
    1.999195325   -1.396263402   61.170942092   46.651814492   -3.324246582
    2.189594880   -1.396263402   67.689151872   21.084559646   -1.236988322
    2.379994435   -1.396263402   69.143743446   -5.504982332    0.577291436
    2.570393989   -1.396263402   65.881610608  -27.667944709    2.010094444
    2.760793544   -1.396263402   59.147170930  -41.516167342    2.999056745
    2.951193099   -1.396263402   50.732776822  -45.243226482    3.541642380

   -3.141592654   -1.047197551   40.649855376  -41.891944278    3.375841103
   -2.951193099   -1.047197551   33.802783976  -29.396855167    2.285234719
   -2.760793544   -1.047197551   29.656603514  -14.238644908    0.859605045
   -2.570393989   -1.047197551   28.260122282   -1.165900760   -0.795395104
   -2.379994435   -1.047197551   28.879246850    6.596396458   -2.690333556
   -2.189594880   -1.047197551   30.384367891    8.241613113   -4.961041437
   -1.999195325   -1.047197551   31.724288242    5.287198482   -7.793174897
   -1.808795770   -1.047197551   32.289550707    0.628809314  -11.262874774
   -1.618396215   -1.047197551   32.050482965   -2.726911575  -15.177372632
   -1.427996661   -1.047197551   31.462918291   -2.820393826  -19.023544142
   -1.237597106   -1.047197551   31.208336776    0.692612407  -22.096933256
   -1.047197551   -1.047197551   31.883692882    6.621007598  -23.760577508
   -0.856797996   -1.047197551   33.758255014   12.832515566  -23.703652979
   -0.666398442   -1.047197551   36.641936745   16.757042394  -22.054309083
   -0.475998887   -1.047197551   39.866602455   16.090193027  -19.317351763
   -0.285599332   -1.047197551   42.389417428    9.241788907  -16.173349572
   -0.095199777   -1.047197551   42.993041037   -3.955016896  -13.235778693
    0.095199777   -1.047197551   40.624453982  -21.395115601  -10.881214234
    0.285599332   -1.047197551   34.884135946  -38.368051742   -9.157099139
    0.475998887   -1.047197551   26.471230092  -48.331260404   -7.869156841
    0.666398442   -1.047197551   17.325787340  -45.308863975   -6.732440372
    0.856797996   -1.047197551   10.211543193  -27.064551585   -5.547940826
    1.047197551   -1.047197551    7.783063051    2.834983274   -4.277169700
    1.237597106   -1.047197551   11.500657129   35.774248751   -3.002518973
    1.427996661   -1.047197551   20.971164767   61.717202090   -1.835500912
    1.618396215   -1.047197551   34.089856596   73.298267256   -0.814027400
    1.808795770   -1.047197551   47.829629300   68.327623214    0.108909839
    1.999195325   -1.047197551   59.245777027   49.710648475    1.017706992
    2.189594880   -1.047197551   66.269342413   23.270102467    1.959947465
    2.379994435   -1.047197551   68.035015404   -4.449496354    2.888090909
    2.570393989   -1.047197551   64.859911960  -27.807548853    3.657195011
    2.760793544   -1.047197551   57.992712189  -42.736497415    4.076208524
    2.951193099   -1.047197551   49.263547048  -47.275714798    3.998050197

   -3.141592654   -0.698131701   40.308723575  -45.017585966    2.528070676
   -2.951193099   -0.698131701   32.818812976  -32.948568753    0.400351466
   -2.760793544   -0.698131701   27.986593882  -17.839584803   -2.098464739
   -2.570393989   -0.698131701   25.912820842   -4.687797293   -4.718188611
   -2.379994435   -0.698131701   25.854590840    2.939612196   -7.347740748
   -2.189594880   -0.698131701   26.615639846    4.003603657  -10.071850283
   -1.999195325   -0.698131701   27.062868936    0.121089861  -13.077666213
   -1.808795770   -0.698131701   26.562229083   -5.320640583  -16.426263164
   -1.618396215   -0.698131701   25.176862416   -8.622793817  -19.845156436
   -1.427996661   -0.698131701   23.576006372   -7.322921923  -22.704008097
   -1.237597106   -0.698131701   22.704115716   -1.099707542  -24.237041669
   -1.047197551   -0.698131701   23.358154852    8.230778860  -23.897768923
   -0.856797996   -0.698131701   25.849943392   17.574934967  -21.639154310
   -0.666398442   -0.698131701   29.849336808   23.484666406  -17.961049214
   -0.475998887   -0.698131701   34.418743537   23.210374524  -13.707959213
   -0.285599332   -0.698131701   38.213950448   15.280134409   -9.742086735
   -0.095199777   -0.698131701   39.788567955    0.111912631   -6.623123475
    0.095199777   -0.698131701   37.996468934  -19.349048818   -4.456518507
    0.285599332   -0.698131701   32.502203566  -37.674925619   -2.910826424
    0.475998887   -0.698131701   24.173279847  -47.968375122   -1.468802148
    0.666398442   -0.698131701   15.138997937  -44.401487053    0.269075474
    0.856797996   -0.698131701    8.285051972  -25.249606164    2.348838739
    1.047197551   -0.698131701    6.277832466    5.357201156    4.452883137
    1.237597106   -0.698131701   10.502649270   38.465336474    6.116616833
    1.427996661   -0.698131701   20.461074559   64.078460096    6.997909386
    1.618396215   -0.698131701   33.978250298   75.106342101    7.074721525
    1.808795770   -0.698131701   48.012674050   69.638970334    6.614850677
    1.999195325   -0.698131701   59.645020164   50.695888357    6.012010321
    2.189594880   -0.698131701   66.832023562   23.999989739    5.570934020
    2.379994435   -0.698131701   68.703290709   -4.108626505    5.373092505
    2.570393989   -0.698131701   65.533897584  -28.142611979    5.256975808
    2.760793544   -0.698131701   58.515735594  -44.017730261    4.916242583
    2.951193099   -0.698131701   49.444622895  -49.581123830    4.056841607

   -3.141592654   -0.349065850   40.684341351  -49.232682198    1.723962309
   -2.951193099   -0.349065850   32.302084793  -38.012001494   -0.999532107
   -2.760793544   -0.349065850   26.466630419  -23.215717899   -4.012158469
   -2.570393989   -0.349065850   23.373213647   -9.980325617   -7.010728652
   -2.379994435   -0.349065850   22.321767777   -2.222533834   -9.834056811
   -2.189594880   -0.349065850   22.094274048   -1.264535794  -12.529986637
   -1.999195325   -0.349065850   21.513355577   -5.402879999  -15.242531941
   -1.808795770   -0.349065850   19.959951844  -10.735752678  -17.962695854
   -1.618396215   -0.349065850   17.630203035  -12.909430117  -20.338523053
   -1.427996661   -0.349065850   15.427207663   -9.137568188  -21.719071731
   -1.237597106   -0.349065850   14.531418806    0.572834634  -21.451926800
   -1.047197551   -0.349065850   15.852042925   13.485394831  -19.257581565
   -0.856797996   -0.349065850   19.613989113   25.412705447  -15.440323340
   -0.666398442   -0.349065850   25.216190564   32.159013672  -10.807354648
   -0.475998887   -0.349065850   31.368443690   30.877444823   -6.330402064
   -0.285599332   -0.349065850   36.420223162   20.674053803   -2.760500343
   -0.095199777   -0.349065850   38.775879152    2.954853921   -0.334305641
    0.095199777   -0.349065850   37.336073357  -18.296135914    1.268599736
    0.285599332   -0.349065850   31.979628990  -37.032019586    2.745410943
    0.475998887   -0.349065850   23.844520096  -46.396336831    4.775758409
    0.666398442   -0.349065850   15.257258830  -41.266669201    7.637631318
    0.856797996   -0.349065850    9.130134969  -20.912813360   11.010128972
    1.047197551   -0.349065850    7.979584858    9.785086168   14.106134824
    1.237597106   -0.349065850   12.956643513   41.744666597   16.086277523
    1.427996661   -0.349065850   23.367508585   65.496824226   16.471791261
    1.618396215   -0.349065850   36.978530268   74.748916353   15.365250888
    1.808795770   -0.349065850   50.828495514   68.207158388   13.326273182
    1.999195325   -0.349065850   62.154320061   49.038273065   11.068597627
    2.189594880   -0.349065850   69.050345868   22.655509955    9.128671299
    2.379994435   -0.349065850   70.700379796   -5.129260624    7.691985855
    2.570393989   -0.349065850   67.335180233  -29.276009093    6.589156219
    2.760793544   -0.349065850   60.041732164  -45.870678963    5.447737712
    2.951193099   -0.349065850   50.511983161  -52.595007728    3.893774986

   -3.141592654    0.000000000   41.357114628  -53.734571307    0.925416722
   -2.951193099    0.000000000   32.043161241  -43.195100147   -1.566569502
   -2.760793544    0.000000000   25.196897579  -28.544207409   -4.197859448
   -2.570393989    0.000000000   21.112897672  -14.999815992   -6.748846111
   -2.379994435    0.000000000   19.148287740   -6.797796939   -9.108245436
   -2.189594880    0.000000000   18.082406264   -5.521490614  -11.310486847
   -1.999195325    0.000000000   16.715387940   -9.376555055  -13.414268722
   -1.808795770    0.000000000   14.462052508  -13.989588731  -15.294541839
   -1.618396215    0.000000000   11.653789564  -14.490042105  -16.538447175
   -1.427996661    0.000000000    9.394825723   -7.992203721  -16.575715673
   -1.237597106    0.000000000    9.022948599    4.936355027  -14.997569052
   -1.047197551    0.000000000   11.447754645   20.542877078  -11.856458881
   -0.856797996    0.000000000   16.697780147   33.679876814   -7.732440473
   -0.666398442    0.000000000   23.841463214   39.781755311   -3.519526434
   -0.475998887    0.000000000   31.260824630   36.378261863   -0.026456506
   -0.285599332    0.000000000   37.109486287   23.552375256    2.356018472
   -0.095199777    0.000000000   39.807114119    3.854734261    3.819771801
    0.095199777    0.000000000   38.466664529  -17.861004148    5.028283851
    0.285599332    0.000000000   33.286044128  -35.366703218    6.802918166
    0.475998887    0.000000000   25.678702277  -42.432438496    9.695536032
    0.666398442    0.000000000   18.064776765  -35.155424706   13.656460699
    0.856797996    0.000000000   13.205874157  -14.032509975   17.971297619
    1.047197551    0.000000000   13.283357953   15.464262339   21.537933387
    1.237597106    0.000000000   19.092197639   44.601323811   23.377083419
    1.427996661    0.000000000   29.725007411   64.994151623   23.060051781
    1.618396215    0.000000000   42.964498071   71.542003802   20.862594385
    1.808795770    0.000000000   56.052835763   63.669790499   17.552940836
    1.999195325    0.000000000   66.499478299   44.537737348   14.018010756
    2.189594880    0.000000000   72.611568314   19.001080813   10.906593269
    2.379994435    0.000000000   73.656857924   -7.874270951    8.469982730
    2.570393989    0.000000000   69.818497579  -31.614194348    6.581099725
    2.760793544    0.000000000   62.061093453  -48.521134248    4.904633920
    2.951193099    0.000000000   51.950666091  -56.107592509    3.088448982

   -3.141592654    0.349065850   42.746166002  -56.994055822    0.978744391
   -2.951193099    0.349065850   32.752979884  -47.000887240   -0.501841332
   -2.760793544    0.349065850   25.154331819  -32.565468224   -1.970781546
   -2.570393989    0.349065850   20.310034397  -18.919891933   -3.394392861
   -2.379994435    0.349065850   17.619589422  -10.490170062   -4.790208652
   -2.189594880    0.349065850   15.872974327   -8.969572960   -6.215202832
   -1.999195325    0.349065850   13.883998691  -12.400287228   -7.656511156
   -1.808795770    0.349065850   11.136021085  -16.034670995   -8.906283447
   -1.618396215    0.349065850    8.094687215  -14.754096410   -9.561399254
   -1.427996661    0.349065850    6.007477573   -5.865396342   -9.201878423
   -1.237597106    0.349065850    6.269736925    9.385289312   -7.653083474
   -1.047197551    0.349065850    9.696666332   26.410031378   -5.144959010
   -0.856797996    0.349065850   16.086234176   39.525425156   -2.243300838
   -0.666398442    0.349065850   24.231568387   44.279683243    0.409039350
   -0.475998887    0.349065850   32.322025369   38.897822353    2.417859301
   -0.285599332    0.349065850   38.484519495   24.469545580    3.814380249
   -0.095199777    0.349065850   41.298406088    4.414996674    5.056938194
    0.095199777    0.349065850   40.159131054  -16.045492413    6.828291800
    0.285599332    0.349065850   35.549510548  -31.044509951    9.710661317
    0.475998887    0.349065850   29.032115415  -35.382718307   13.859067461
    0.666398442    0.349065850   22.944198935  -26.469133147   18.810385777
    0.856797996    0.349065850   19.735993306   -5.784685275   23.563574622
    1.047197551    0.349065850   21.163410467   21.063862392   26.936688922
    1.237597106    0.349065850   27.665375016   46.154584179   28.061968819
    1.427996661    0.349065850   38.192970050   62.453058683   26.736000833
    1.618396215    0.349065850   50.644303591   66.074204888   23.458837901
    1.808795770    0.349065850   62.551278874   57.031013954   19.148630256
    1.999195325    0.349065850   71.752199958   38.309271251   14.751236311
    2.189594880    0.349065850   76.796051568   14.098662971   10.922036494
    2.379994435    0.349065850   77.049534282  -11.330962902    7.923680438
    2.570393989    0.349065850   72.656582297  -34.093581589    5.680430596
    2.760793544    0.349065850   64.462336936  -50.751558608    3.944415580
    2.951193099    0.349065850   53.898736039  -58.713452572    2.440199594

   -3.141592654    0.698131701   44.083146179  -58.331578315   -0.099254754
   -2.951193099    0.698131701   33.821611257  -48.471152572   -0.276283306
   -2.760793544    0.698131701   25.921895281  -34.250655005   -0.325567176
   -2.570393989    0.698131701   20.732500524  -20.857927829   -0.397670533
   -2.379994435    0.698131701   17.646043573  -12.703498846   -0.630883696
   -2.189594880    0.698131701   15.457058432  -11.366585487   -1.114457753
   -1.999195325    0.698131701   13.018175251  -14.647776326   -1.819456274
   -1.808795770    0.698131701    9.901301673  -17.551351463   -2.557200141
   -1.618396215    0.698131701    6.688874138  -14.950515320   -3.035388802
   -1.427996661    0.698131701    4.713869050   -4.495529798   -3.010019161
   -1.237597106    0.698131701    5.364731540   11.988687066   -2.432129142
   -1.047197551    0.698131701    9.343187198   29.441329564   -1.477474965
   -0.856797996    0.698131701   16.277921439   42.087137064   -0.419366322
   -0.666398442    0.698131701   24.823026620   45.890561898    0.557475171
   -0.475998887    0.698131701   33.140038931   39.758003708    1.516924499
   -0.285599332    0.698131701   39.459718247   25.442165684    2.773691674
   -0.095199777    0.698131701   42.564063480    6.700878157    4.777466636
    0.095199777    0.698131701   42.071315330  -11.405671479    7.912537148
    0.285599332    0.698131701   38.606218762  -23.678270314   12.265364847
    0.475998887    0.698131701   33.707996707  -25.946856628   17.475561605
    0.666398442    0.698131701   29.487860430  -16.639373395   22.723681394
    0.856797996    0.698131701   28.014199314    2.223117477   26.935313078
    1.047197551    0.698131701   30.631944114   25.300858640   29.140827213
    1.237597106    0.698131701   37.498856334   45.717355350   28.844202292
    1.427996661    0.698131701   47.523068058   57.791889998   26.206560060
    1.618396215    0.698131701   58.799373738   58.699472853   21.939472134
    1.808795770    0.698131701   69.195063686   48.836510773   16.987508451
    1.999195325    0.698131701   76.887653440   30.865798741   12.198673066
    2.189594880    0.698131701   80.660611370    8.274978205    8.114978097
    2.379994435    0.698131701   79.975704520  -15.393612006    4.957137132
    2.570393989    0.698131701   74.952114782  -36.733288047    2.705750900
    2.760793544    0.698131701   66.347760085  -52.509825589    1.228561730
    2.951193099    0.698131701   55.491712458  -60.089912373    0.350195208

   -3.141592654    1.047197551   42.838859598  -58.395136046   -4.441315187
   -2.951193099    1.047197551   32.633746619  -47.848946225   -3.679714796
   -2.760793544    1.047197551   24.888044767  -33.307141961   -2.651284867
   -2.570393989    1.047197551   19.881580556  -19.925451033   -1.630459613
   -2.379994435    1.047197551   16.948977746  -12.047947926   -0.820209836
   -2.189594880    1.047197551   14.846531032  -11.116765730   -0.330235560
   -1.999195325    1.047197551   12.419272949  -14.751358338   -0.169112281
   -1.808795770    1.047197551    9.264539277  -17.804900199   -0.262662852
   -1.618396215    1.047197551    6.006958727  -15.144764179   -0.499397750
   -1.427996661    1.047197551    4.008087943   -4.563406617   -0.786183925
   -1.237597106    1.047197551    4.651241964   11.933817673   -1.065535392
   -1.047197551    1.047197551    8.608912323   29.256616523   -1.278292390
   -0.856797996    1.047197551   15.497521020   41.818571886   -1.289113116
   -0.666398442    1.047197551   24.014543952   45.969859139   -0.862091371
   -0.475998887    1.047197551   32.439070148   40.952934651    0.312638118
   -0.285599332    1.047197551   39.163651791   28.631550868    2.517343286
   -0.095199777    1.047197551   43.118418933   12.512946902    5.888873954
    0.095199777    1.047197551   43.988220468   -2.968788589   10.327234483
    0.285599332    1.047197551   42.320560631  -13.442921928   15.418978101
    0.475998887    1.047197551   39.419032043  -15.533368893   20.461979386
    0.666398442    1.047197551   37.038282512   -8.077150578   24.579826130
    0.856797996    1.047197551   36.870200725    7.129938016   26.958914583
    1.047197551    1.047197551   39.989375525   25.598149654   27.112207550
    1.237597106    1.047197551   46.483104308   41.635906552   25.044166484
    1.427996661    1.047197551   55.404254010   50.549902032   21.243271160
    1.618396215    1.047197551   65.131265068   49.940170039   16.468877554
    1.808795770    1.047197551   73.836330645   40.040476054   11.476465153
    1.999195325    1.047197551   79.931965789   22.991301276    6.826568047
    2.189594880    1.047197551   82.331385401    1.758356301    2.832884024
    2.379994435    1.047197551   80.544251248  -20.455401016   -0.359858201
    2.570393989    1.047197551   74.693081368  -40.368597803   -2.687455961
    2.760793544    1.047197551   65.526186219  -54.795071643   -4.112763069
    2.951193099    1.047197551   54.352577497  -61.152763675   -4.659153759

   -3.141592654    1.396263402   38.648935282  -57.598093348  -10.955984659
   -2.951193099    1.396263402   28.744320882  -45.562638369   -9.947827754
   -2.760793544    1.396263402   21.527864835  -30.146304409   -8.432849312
   -2.570393989    1.396263402   17.153881581  -16.543979038   -6.688619006
   -2.379994435    1.396263402   14.840046594   -9.007243204   -4.902493408
   -2.189594880    1.396263402   13.251782425   -8.804951791   -3.187268892
   -1.999195325    1.396263402   11.176953600  -13.386584396   -1.631208890
   -1.808795770    1.396263402    8.185031862  -17.464789381   -0.345330363
   -1.618396215    1.396263402    4.896319666  -15.801911717    0.540641061
   -1.427996661    1.396263402    2.689694345   -6.057606820    0.935326614
   -1.237597106    1.396263402    2.997272477    9.968771873    0.879371154
   -1.047197551    1.396263402    6.586071510   27.466321923    0.604086654
   -0.856797996    1.396263402   13.218373779   41.067344690    0.521685065
   -0.666398442    1.396263402   21.764918777   47.169237977    1.102089488
   -0.475998887    1.396263402   30.659952219   44.770026515    2.727668193
   -0.285599332    1.396263402   38.378840235   35.225529640    5.565138807
   -0.095199777    1.396263402   43.819162894   21.387844479    9.494863229
    0.095199777    1.396263402   46.507519139    7.017626045   14.118655511
    0.285599332    1.396263402   46.718958896   -3.986961524   18.779799651
    0.475998887    1.396263402   45.426662593   -8.367667436   22.680605859
    0.666398442    1.396263402   44.077672154   -4.577933709   25.051335568
    0.856797996    1.396263402   44.175060327    6.421263149   25.383382389
    1.047197551    1.396263402   46.787985488   21.145170380   23.599813899
    1.237597106    1.396263402   52.173994446   34.702296385   20.068482985
    1.427996661    1.396263402   59.658896776   42.629273603   15.460623338
    1.618396215    1.396263402   67.880072283   42.178342508   10.482938627
    1.808795770    1.396263402   75.169398087   32.959660155    5.656337165
    1.999195325    1.396263402   79.984976469   16.597198410    1.248243697
    2.189594880    1.396263402   81.220034957   -4.092384455   -2.653397344
    2.379994435    1.396263402   78.371357421  -25.718723670   -5.988694306
    2.570393989    1.396263402   71.599283012  -44.690524857   -8.632390610
    2.760793544    1.396263402   61.738521817  -57.670426072  -10.402935659
    2.951193099    1.396263402   50.185628148  -62.203570150  -11.171669697

   -3.141592654    1.745329252   32.209173617  -56.878556921  -16.654326605
   -2.951193099    1.745329252   22.622568986  -43.014800542  -15.922244560
   -2.760793544    1.745329252   16.020481330  -26.350147943  -14.413669402
   -2.570393989    1.745329252   12.438639235  -12.117965002  -12.343255959
   -2.379994435    1.745329252   10.983229639   -4.499064704   -9.861494470
   -2.189594880    1.745329252   10.224230819   -4.676100041   -7.078560310
   -1.999195325    1.745329252    8.866314629  -10.056841496   -4.131588574
   -1.808795770    1.745329252    6.402565637  -15.303915524   -1.248902914
   -1.618396215    1.745329252    3.396166936  -15.016449085    1.271127384
   -1.427996661    1.745329252    1.217380578   -6.499068031    3.162901847
   -1.237597106    1.745329252    1.371792520    8.925499298    4.339515116
   -1.047197551    1.745329252    4.786003970   26.858754282    4.976086993
   -0.856797996    1.745329252   11.434816804   42.014538877    5.480882316
   -0.666398442    1.745329252   20.378692094   50.480390685    6.329088766
   -0.475998887    1.745329252   30.149576881   50.626686573    7.872720217
   -0.285599332    1.745329252   39.190336988   43.102140355   10.200496883
   -0.095199777    1.745329252   46.238438672   30.180775855   13.075410833
    0.095199777    1.745329252   50.573015939   15.256871618   15.989869084
    0.285599332    1.745329252   52.179266264    2.186608384   18.259752406
    0.475998887    1.745329252   51.766198881   -5.466726738   19.229162248
    0.666398442    1.745329252   50.608521921   -5.487003407   18.486354722
    0.856797996    1.745329252   50.187913227    2.025653652   16.048976789
    1.047197551    1.745329252   51.711928261   14.321496812   12.373521061
    1.237597106    1.745329252   55.678914916   26.845500675    8.165388433
    1.427996661    1.745329252   61.666708876   34.908386510    4.098946314
    1.618396215    1.745329252   68.482008418   35.167599850    0.555991369
    1.808795770    1.745329252   74.505386307   26.627812133   -2.452498576
    1.999195325    1.745329252   78.152824544   10.598306710   -5.162010664
    2.189594880    1.745329252   78.254919709  -10.003598849   -7.831834244
    2.379994435    1.745329252   74.295708950  -31.405308253  -10.538728372
    2.570393989    1.745329252   66.502330017  -49.608680715  -13.104526693
    2.760793544    1.745329252   55.834282955  -61.107571293  -15.178950070
    2.951193099    1.745329252   43.811737387  -63.622466984  -16.421502366

   -3.141592654    2.094395102   25.293805305  -57.114268094  -18.369072039
   -2.951193099    2.094395102   15.827363493  -41.562213096  -17.784623795
   -2.760793544    2.094395102    9.639196322  -23.522674332  -16.236077897
   -2.570393989    2.094395102    6.702507345   -8.215145239  -13.881992876
   -2.379994435    2.094395102    6.074940518    0.258734589  -10.872629057
   -2.189594880    2.094395102    6.287191625    0.723012077   -7.344675857
   -1.999195325    2.094395102    5.992465301   -4.368064690   -3.463985864
   -1.808795770    2.094395102    4.598817246   -9.854084072    0.511620354
   -1.618396215    2.094395102    2.561897472  -10.372631481    4.234553775
   -1.427996661    2.094395102    1.161785751   -2.996418396    7.353643566
   -1.237597106    2.094395102    1.881027438   11.400512135    9.657842715
   -1.047197551    2.094395102    5.711911744   28.873770259   11.175234981
   -0.856797996    2.094395102   12.760878261   44.319812229   12.163375515
   -0.666398442    2.094395102   22.220702348   53.651048923   12.963688734
   -0.475998887    2.094395102   32.690606266   54.764903292   13.824105859
   -0.285599332    2.094395102   42.579113176   47.732201443   14.769530729
   -0.095199777    2.094395102   50.482994860   34.351337702   15.555510435
    0.095199777    2.094395102   55.473084685   17.767719662   15.748473072
    0.285599332    2.094395102   57.312567623    1.981269523   14.857267717
    0.475998887    2.094395102   56.556479067   -8.888539758   12.566094877
    0.666398442    2.094395102   54.462297376  -11.761255179    8.927178439
    0.856797996    2.094395102   52.663458784   -5.913536411    4.443170593
    1.047197551    2.094395102   52.642760283    6.302912638   -0.082540176
    1.237597106    2.094395102   55.189123588   20.119675608   -3.868817142
    1.427996661    2.094395102   60.075986305   30.098487950   -6.472353190
    1.618396215    2.094395102   66.142295823   32.002719761   -7.951423019
    1.808795770    2.094395102   71.652089666   24.233400722   -8.772490957
    1.999195325    2.094395102   74.837141522    7.999069978   -9.545651271
    2.189594880    2.094395102   74.373250616  -13.391518828  -10.737148827
    2.379994435    2.094395102   69.691931380  -35.530242368  -12.483698689
    2.570393989    2.094395102   61.088065148  -53.851126525  -14.566179830
    2.760793544    2.094395102   49.669340425  -64.598813854  -16.536710535
    2.951193099    2.094395102   37.112513548  -65.641183331  -17.916806358

   -3.141592654    2.443460953   19.016060698  -58.001597039  -12.021215232
   -2.951193099    2.443460953    9.537169252  -40.796054622  -11.020364342
   -2.760793544    2.443460953    3.660795056  -21.030463734   -9.302358604
   -2.570393989    2.443460953    1.360312626   -4.045618802   -7.003499092
   -2.379994435    2.443460953    1.676329581    5.965324654   -4.230415493
   -2.189594880    2.443460953    3.101956912    7.698958971   -1.019812493
   -1.999195325    2.443460953    4.221403023    3.408027650    2.621493205
   -1.808795770    2.443460953    4.331753574   -1.962637648    6.603181272
   -1.618396215    2.443460953    3.746936713   -3.140770174   10.666416168
   -1.427996661    2.443460953    3.609722400    2.952278704   14.398829989
   -1.237597106    2.443460953    5.316677287   15.811983839   17.368204614
   -1.047197551    2.443460953    9.852121350   31.916281874   19.289272485
   -0.856797996    2.443460953   17.382234087   46.399242966   20.118415618
   -0.666398442    2.443460953   27.177104080   55.123875552   20.010222267
   -0.475998887    2.443460953   37.877548365   55.685100358   19.179846330
   -0.285599332    2.443460953   47.865518902   47.757405748   17.755973442
   -0.095199777    2.443460953   55.638985646   32.833825074   15.688291391
    0.095199777    2.443460953   60.134409187   13.977143606   12.785658854
    0.285599332    2.443460953   60.998452194   -4.499628011    8.846544526
    0.475998887    2.443460953   58.767352673  -17.788562638    3.891024256
    0.666398442    2.443460953   54.831975706  -21.936219222   -1.675574062
    0.856797996    2.443460953   51.111208426  -15.594947075   -7.065833636
    1.047197551    2.443460953   49.437040989   -1.123000869  -11.364820182
    1.237597106    2.443460953   50.875039488   15.992845644  -13.909527792
    1.427996661    2.443460953   55.291581510   29.180243896  -14.567388809
    1.618396215    2.443460953   61.406308466   33.196952582  -13.780082023
    1.808795770    2.443460953   67.221104030   25.992801843  -12.329186169
    1.999195325    2.443460953   70.681833432    8.960948882  -11.003479432
    2.189594880    2.443460953   70.260537858  -13.959228901  -10.321469184
    2.379994435    2.443460953   65.320474891  -37.611593323  -10.413748324
    2.570393989    2.443460953   56.219895118  -56.848392965  -11.055515967
    2.760793544    2.443460953   44.211832058  -67.637786369  -11.817796966
    2.951193099    2.443460953   31.139435553  -67.892116011  -12.248153355

   -3.141592654    2.792526803   16.465885044  -57.150392152    0.537816217
   -2.951193099    2.792526803    7.229665869  -39.114075740    2.218473017
   -2.760793544    2.792526803    1.752948162  -18.537987081    4.041604182
   -2.570393989    2.792526803    0.000000000   -0.796089308    5.943732232
   -2.379994435    2.792526803    1.008213542    9.994900960    7.960726730
   -2.189594880    2.792526803    3.284126911   12.618478809   10.259725222
   -1.999195325    2.792526803    5.432090254    9.286348642   13.056143957
   -1.808795770    2.792526803    6.742550645    4.707135106   16.429636790
   -1.618396215    2.792526803    7.465134826    3.806187520   20.161795663
   -1.427996661    2.792526803    8.616325750    9.396514244   23.722491730
   -1.237597106    2.792526803   11.437543170   20.951793823   26.442520686
   -1.047197551    2.792526803   16.779691329   35.185536102   27.774339151
   -0.856797996    2.792526803   24.733706673   47.569945509   27.481863017
   -0.666398442    2.792526803   34.552140039   54.210527251   25.660902420
   -0.475998887    2.792526803   44.886202587   52.754085118   22.605681943
   -0.285599332    2.792526803   54.122537936   42.773265969   18.628054848
   -0.095199777    2.792526803   60.740701690   25.664172597   13.923704035
    0.095199777    2.792526803   63.657115068    4.577643935    8.572162142
    0.285599332    2.792526803   62.544472784  -15.751227294    2.646279447
    0.475998887    2.792526803   58.072766080  -29.840022773   -3.591524421
    0.666398442    2.792526803   51.896404178  -33.102144284   -9.575951382
    0.856797996    2.792526803   46.281480383  -24.025627046  -14.502372903
    1.047197551    2.792526803   43.373076825   -5.507025006  -17.606598186
    1.237597106    2.792526803   44.387925526   15.879525283  -18.503847414
    1.427996661    2.792526803   49.121854813   32.400414018  -17.368179929
    1.618396215    2.792526803   56.038512184   38.116013902  -14.856170406
    1.808795770    2.792526803   62.815934196   30.949760230  -11.798949410
    1.999195325    2.792526803   67.125885432   12.800626596   -8.895488275
    2.189594880    2.792526803   67.287790586  -11.685529880   -6.525985334
    2.379994435    2.792526803   62.640536694  -36.735773992   -4.747613237
    2.570393989    2.792526803   53.614245804  -56.834452792   -3.389455688
    2.760793544    2.792526803   41.578825190  -67.834514069   -2.194404689
    2.951193099    2.792526803   28.495406759  -67.739865989   -0.930392412
