#! FIELDS phi psi file.free der_phi der_psi
#! SET min_phi -pi
#! SET max_phi pi
#! SET nbins_phi  33
#! SET periodic_phi true
#! SET min_psi -pi
#! SET max_psi pi
#! SET nbins_psi  18
#! SET periodic_psi true
   -3.141592654   -3.141592654   18.884550817  -54.715767268   15.135731765
   -2.951193099   -3.141592654   10.039776077  -37.384320599   17.580932138
   -2.760793544   -3.141592654    4.860403824  -17.074837483   19.456224250
   -2.570393989   -3.141592654    3.393102525    0.809325810   20.756474954
   -2.379994435   -3.141592654    4.752620788   12.151802995   21.693682570
   -2.189594880   -3.141592654    7.526600127   15.763391480   22.678130231
   -1.999195325   -3.141592654   10.397492586   13.774888304   24.146972322
   -1.808795770   -3.141592654   12.694270721   10.535352279   26.298971517
   -1.618396215   -3.141592654   14.611493203   10.377479562   28.894415142
   -1.427996661   -3.141592654   16.993254548   15.531452403   31.271696080
   -1.237597106   -3.141592654   20.824795857   25.211980768   32.602318651
   -1.047197551   -3.141592654   26.697321216   36.346093194   32.237830672
   -0.856797996   -3.141592654   34.520817683   44.999436545   29.951110356
   -0.666398442   -3.141592654   43.492321095   47.950972350   25.970292172
   -0.475998887   -3.141592654   52.326192105   43.393670020   20.806188685
   -0.285599332   -3.141592654   59.554397576   31.216169772   15.023299036
   -0.095199777   -3.141592654   63.842580844   12.935805011    9.046897579
    0.095199777   -3.141592654   64.306063812   -8.277982378    3.119996098
    0.285599332   -3.141592654   60.817108331  -27.671742271   -2.609969927
    0.475998887   -3.141592654   54.249066651  -39.762958214   -7.916407519
    0.666398442   -3.141592654   46.449699655  -40.080344120  -12.388837744
    0.856797996   -3.141592654   39.834091522  -27.491629211  -15.489132844
    1.047197551   -3.141592654   36.598407266   -5.530362711  -16.776952471
    1.237597106   -3.141592654   37.879574911   18.556581530  -16.154627085
    1.427996661   -3.141592654   43.291330612   36.671361079  -13.943631435
    1.618396215   -3.141592654   51.092289986   43.026422569  -10.752386722
    1.808795770   -3.141592654   58.823102711   36.036353245   -7.192239262
    1.999195325   -3.141592654   64.113816471   18.050496897   -3.671691959
    2.189594880   -3.141592654   65.299404452   -6.173694411   -0.330282848
    2.379994435   -3.141592654   61.719163140  -31.085247703    2.873482968
    2.570393989   -3.141592654   53.750015911  -51.470270897    6.034543316
    2.760793544   -3.141592654   42.667829951  -63.263980863    9.188422261
    2.951193099   -3.141592654   30.353259110  -64.263521673   12.272689861

   -3.141592654   -2.792526803   25.889017722  -50.014652364   22.728313353
   -2.951193099   -2.792526803   17.805908679  -34.143732514   25.207592159
   -2.760793544   -2.792526803   13.095568954  -15.375698335   26.750664875
   -2.570393989   -2.792526803   11.826842505    1.287513997   27.424546060
   -2.379994435   -2.792526803   13.220036838   12.187000402   27.541195671
   -2.189594880   -2.792526803   16.040226996   16.384613518   27.607969575
   -1.999195325   -2.792526803   19.154920097   15.808737575   28.124541970
   -1.808795770   -2.792526803   21.989945036   14.098578897   29.302689601
   -1.618396215   -2.792526803   24.672215295   14.639083240   30.875343268
   -1.427996661   -2.792526803   27.811200348   18.939140335   32.142132845
   -1.237597106   -2.792526803   32.073044618   26.086200170   32.256980251
   -1.047197551   -2.792526803   37.771218280   33.529099745   30.598007584
   -0.856797996   -2.792526803   44.680146313   38.265508104   27.009740228
   -0.666398442   -2.792526803   52.043037698   37.970206911   21.832316920
   -0.475998887   -2.792526803   58.762859523   31.413023360   15.707039902
   -0.285599332   -2.792526803   63.627004993   18.589930306    9.326193530
   -0.095199777   -2.792526803   65.539452319    0.770057598    3.218561524
    0.095199777   -2.792526803   63.790456847  -19.255939746   -2.315727247
    0.285599332   -2.792526803   58.362787527  -36.985537505   -7.134575711
    0.475998887   -2.792526803   50.214161205  -46.967054160  -11.105923695
    0.666398442   -2.792526803   41.283930109  -44.655303893  -14.008554024
    0.856797996   -2.792526803   34.082995741  -28.996984096  -15.563364526
    1.047197551   -2.792526803   30.861510293   -3.890559380  -15.577079398
    1.237597106   -2.792526803   32.718662461   22.862121251  -14.095245050
    1.427996661   -2.792526803   39.132369355   42.727400734  -11.428001444
    1.618396215   -2.792526803   48.173443598   49.858855303   -8.032465743
    1.808795770   -2.792526803   57.221519887   42.967729776   -4.306692129
    1.999195325   -2.792526803   63.818870233   24.836464697   -0.471341677
    2.189594880   -2.792526803   66.286818457    0.528298186    3.434946715
    2.379994435   -2.792526803   63.985079585  -24.350047030    7.446121117
    2.570393989   -2.792526803   57.300981721  -44.736959414   11.554419635
    2.760793544   -2.792526803   47.483131219  -56.784887447   15.633536895
    2.951193099   -2.792526803   36.347671548  -58.447739405   19.452050911

   -3.141592654   -2.443460953   34.044023476  -44.995349833   21.952024102
   -2.951193099   -2.443460953   26.761909158  -30.804654154   24.039048205
   -2.760793544   -2.443460953   22.518482895  -13.795771595   25.229610964
   -2.570393989   -2.443460953   21.403244125    1.405508921   25.590321514
   -2.379994435   -2.443460953   22.733456815   11.552296803   25.377706373
   -2.189594880   -2.443460953   25.433741117   15.909180918   24.993205323
   -1.999195325   -2.443460953   28.531719178   16.180712341   24.810463301
   -1.808795770   -2.443460953   31.525480249   15.325877656   24.953771974
   -1.618396215   -2.443460953   34.462453951   15.887761391   25.168278411
   -1.427996661   -2.443460953   37.731778844   18.818791914   24.894639321
   -1.237597106   -2.443460953   41.729337664   23.265832348   23.523514863
   -1.047197551   -2.443460953   46.572136320   27.341742739   20.686144712
   -0.856797996   -2.443460953   51.998263009   29.019660741   16.411428407
   -0.666398442   -2.443460953   57.392153029   26.775848709   11.115786203
   -0.475998887   -2.443460953   61.910472384   19.745051319    5.415552922
   -0.285599332   -2.443460953   64.614046681    7.763095199   -0.080048335
   -0.095199777   -2.443460953   64.614387836   -8.387332663   -4.939094365
    0.095199777   -2.443460953   61.307318966  -26.449036822   -8.958995919
    0.285599332   -2.443460953   54.695254987  -42.247956946  -12.102928141
    0.475998887   -2.443460953   45.720206340  -50.382879112  -14.381671090
    0.666398442   -2.443460953   36.315819736  -46.194893790  -15.755253608
    0.856797996   -2.443460953   29.007483062  -28.556325298  -16.125505028
    1.047197551   -2.443460953   26.058492542   -1.473459065  -15.407066393
    1.237597106   -2.443460953   28.543876214   26.991040417  -13.623536656
    1.427996661   -2.443460953   35.868742172   48.079567110  -10.948124244
    1.618396215   -2.443460953   46.003615141   55.923710205   -7.657207860
    1.808795770   -2.443460953   56.245652343   49.404683771   -4.012131895
    1.999195325   -2.443460953   64.095283822   31.550849341   -0.188358365
    2.189594880   -2.443460953   67.871889206    7.559920955    3.740584933
    2.379994435   -2.443460953   66.940528795  -17.006278911    7.738743004
    2.570393989   -2.443460953   61.670887145  -37.283125261   11.737533605
    2.760793544   -2.443460953   53.252822766  -49.626785395   15.585519949
    2.951193099   -2.443460953   43.412328106  -52.106477195   19.068559985

   -3.141592654   -2.094395102   40.667146989  -40.685278673   14.618711848
   -2.951193099   -2.094395102   34.091542266  -27.749380002   15.885867129
   -2.760793544   -2.094395102   30.294314286  -12.181542324   16.574554215
   -2.570393989   -2.094395102   29.349784047    1.616088546   16.685521412
   -2.379994435   -2.094395102   30.612426874   10.713069870   16.298121339
   -2.189594880   -2.094395102   33.095928567   14.563735176   15.571730564
   -1.999195325   -2.094395102   35.925167086   14.746011670   14.663683176
   -1.808795770   -2.094395102   38.638959703   13.770697823   13.613038812
   -1.618396215   -2.094395102   41.228314164   13.669860283   12.283549134
   -1.427996661   -2.094395102   43.948823690   15.150237062   10.427380861
   -1.237597106   -2.094395102   47.058716025   17.568286733    7.835354482
   -1.047197551   -2.094395102   50.616347347   19.601027006    4.481293865
   -0.856797996   -2.094395102   54.420758134   19.892030086    0.563353847
   -0.666398442   -2.094395102   58.027599151   17.335901743   -3.538948120
   -0.475998887   -2.094395102   60.808673423   11.121105652   -7.406343954
   -0.285599332   -2.094395102   62.014013145    0.760760859  -10.699653620
   -0.095199777   -2.094395102   60.863432995  -13.459152863  -13.243730420
    0.095199777   -2.094395102   56.766370972  -29.723010974  -15.041327347
    0.285599332   -2.094395102   49.673479875  -44.087067235  -16.201816266
    0.475998887   -2.094395102   40.456152845  -51.121770726  -16.852343040
    0.666398442   -2.094395102   31.001590387  -45.978992774  -17.046806084
    0.856797996   -2.094395102   23.827466749  -27.333792632  -16.740377809
    1.047197551   -2.094395102   21.217412426    0.891957808  -15.816814172
    1.237597106   -2.094395102   24.266539679   30.550040105  -14.171365951
    1.427996661   -2.094395102   32.375693857   52.720394973  -11.797349416
    1.618396215   -2.094395102   43.479120239   61.407223567   -8.819385030
    1.808795770   -2.094395102   54.823206781   55.444360019   -5.449678695
    1.999195325   -2.094395102   63.857143041   37.910157846   -1.927293774
    2.189594880   -2.094395102   68.861894399   14.066293082    1.552742521
    2.379994435   -2.094395102   69.172613000  -10.496648144    4.851687802
    2.570393989   -2.094395102   65.129891160  -30.947637181    7.877970705
    2.760793544   -2.094395102   57.885020938  -43.689115186   10.555981932
    2.951193099   -2.094395102   49.117323108  -46.834681416   12.822973598

   -3.141592654   -1.745329252   43.463633241  -39.138488124    6.943697742
   -2.951193099   -1.745329252   37.133836319  -26.729649739    7.289909229
   -2.760793544   -1.745329252   33.476452841  -11.751213498    7.355762071
   -2.570393989   -1.745329252   32.549000902    1.345000401    7.123957090
   -2.379994435   -1.745329252   33.687057964    9.664537579    6.558235761
   -2.189594880   -1.745329252   35.892947524   12.687633667    5.625863491
   -1.999195325   -1.745329252   38.278877888   11.944084725    4.286995380
   -1.808795770   -1.745329252   40.356504917    9.856374211    2.483478594
   -1.618396215   -1.745329252   42.079755347    8.470372895    0.167567352
   -1.427996661   -1.745329252   43.687911741    8.705129776   -2.627795169
   -1.237597106   -1.745329252   45.481062405   10.294191913   -5.739533156
   -1.047197551   -1.745329252   47.633193362   12.262116597   -8.887499270
   -0.856797996   -1.745329252   50.106981453   13.408229042  -11.763957944
   -0.666398442   -1.745329252   52.622751232   12.460481041  -14.111277336
   -0.475998887   -1.745329252   54.661364844    8.227734428  -15.797602491
   -0.285599332   -1.745329252   55.499595666   -0.242528842  -16.822427634
   -0.095199777   -1.745329252   54.303323869  -13.036206602  -17.292661330
    0.095199777   -1.745329252   50.373020264  -28.502911058  -17.390382462
    0.285599332   -1.745329252   43.539863414  -42.661969271  -17.299369854
    0.475998887   -1.745329252   34.581081585  -49.859292931  -17.152012002
    0.666398442   -1.745329252   25.345158782  -44.920264498  -16.965069146
    0.856797996   -1.745329252   18.373914555  -26.191755484  -16.626389309
    1.047197551   -1.745329252   16.027459994    2.602268542  -15.921986436
    1.237597106   -1.745329252   19.493099802   33.263950794  -14.625880510
    1.427996661   -1.745329252   28.232824831   56.617100912  -12.621257378
    1.618396215   -1.745329252   40.180589194   66.314015586   -9.970730641
    1.808795770   -1.745329252   52.521044422   60.904009647   -6.900738582
    1.999195325   -1.745329252   62.604822258   43.383258496   -3.732758577
    2.189594880   -1.745329252   68.616585719   19.099094329   -0.768368529
    2.379994435   -1.745329252   69.821251869   -6.174927886    1.774444061
    2.570393989   -1.745329252   66.525496218  -27.434731477    3.791964060
    2.760793544   -1.745329252   59.875711794  -40.941874182    5.277012408
    2.951193099   -1.745329252   51.567693526  -44.739711447    6.297106691

   -3.141592654   -1.396263402   42.773160613  -40.300994858    4.328687903
   -2.951193099   -1.396263402   36.214891082  -27.943799246    3.955896500
   -2.760793544   -1.396263402   32.333906620  -12.881380739    3.321836834
   -2.570393989   -1.396263402   31.198745634    0.273130361    2.447553144
   -2.379994435   -1.396263402   32.125464665    8.467828488    1.274953614
   -2.189594880   -1.396263402   34.064604896   11.010378407   -0.317652649
   -1.999195325   -1.396263402   36.048411975    9.322331591   -2.478588294
   -1.808795770   -1.396263402   37.505685311    5.924708220   -5.302589664
   -1.618396215   -1.396263402   38.353204228    3.252022954   -8.728317948
   -1.427996661   -1.396263402   38.885844792    2.767790976  -12.465178517
   -1.237597106   -1.396263402   39.557270707    4.639237346  -16.025455590
   -1.047197551   -1.396263402   40.745385374    7.947746735  -18.865257979
   -0.856797996   -1.396263402   42.587406273   11.167012200  -20.583860121
   -0.666398442   -1.396263402   44.890948441   12.448825695  -21.048158461
   -0.475998887   -1.396263402   47.113292689   10.071652011  -20.424903534
   -0.285599332   -1.396263402   48.423396600    2.738783149  -19.087918571
   -0.095199777   -1.396263402   47.838049805   -9.746035439  -17.473210579
    0.095199777   -1.396263402   44.504995818  -25.628677434  -15.960462149
    0.285599332   -1.396263402   38.137505550  -40.703352577  -14.767450594
    0.475998887   -1.396263402   29.448435735  -48.971608891  -13.939971482
    0.666398442   -1.396263402   20.295409578  -44.864679639  -13.365306775
    0.856797996   -1.396263402   13.301620846  -26.369240113  -12.836266743
    1.047197551   -1.396263402   10.961799029    2.968406661  -12.111917502
    1.237597106   -1.396263402   14.603557973   34.813842274  -10.989100184
    1.427996661   -1.396263402   23.775808947   59.593332591   -9.374688260
    1.618396215   -1.396263402   36.409814070   70.457134163   -7.307672970
    1.808795770   -1.396263402   49.600327371   65.552369043   -4.946627495
    1.999195325   -1.396263402   60.555704428   47.759678463   -2.522091213
    2.189594880   -1.396263402   67.322203889   22.557293832   -0.263424935
    2.379994435   -1.396263402   69.068297102   -3.980974327    1.641222542
    2.570393989   -1.396263402   66.065923187  -26.532410814    3.070617254
    2.760793544   -1.396263402   59.482272951  -41.096261940    3.971968274
    2.951193099   -1.396263402   51.073308963  -45.584060016    4.367143044

   -3.141592654   -1.047197551   41.193032100  -43.051917055    3.657951188
   -2.951193099   -1.047197551   34.101417329  -30.735652590    2.461810016
   -2.760793544   -1.047197551   29.713327269  -15.383576066    0.911158000
   -2.570393989   -1.047197551   28.137050916   -1.879331494   -0.880426672
   -2.379994435   -1.047197551   28.668241491    6.389432246   -2.898512838
   -2.189594880   -1.047197551   30.176560834    8.459571263   -5.245378871
   -1.999195325   -1.047197551   31.583326793    5.736707077   -8.081371431
   -1.808795770   -1.047197551   32.237605297    1.086942152  -11.477387932
   -1.618396215   -1.047197551   32.072344374   -2.419819227  -15.255528459
   -1.427996661   -1.047197551   31.524352261   -2.697803947  -18.929027305
   -1.237597106   -1.047197551   31.279543167    0.699335906  -21.820881482
   -1.047197551   -1.047197551   31.950986609    6.585053473  -23.316962685
   -0.856797996   -1.047197551   33.814895486   12.750800092  -23.126956823
   -0.666398442   -1.047197551   36.670186548   16.521066954  -21.398823568
   -0.475998887   -1.047197551   39.823616759   15.563843140  -18.652166098
   -0.285599332   -1.047197551   42.212365817    8.365729644  -15.570392960
   -0.095199777   -1.047197551   42.621058427   -5.097214982  -12.750921193
    0.095199777   -1.047197551   40.024863490  -22.603138315  -10.539087604
    0.285599332   -1.047197551   34.066337577  -39.407507831   -8.946935926
    0.475998887   -1.047197551   25.486326692  -49.021978344   -7.754328909
    0.666398442   -1.047197551   16.249966795  -45.564047582   -6.666566091
    0.856797996   -1.047197551    9.126676287  -26.912647715   -5.489724139
    1.047197551   -1.047197551    6.756612821    3.275921350   -4.196689848
    1.237597106   -1.047197551   10.573267883   36.356080283   -2.879065772
    1.427996661   -1.047197551   20.160359103   62.359972834   -1.651398611
    1.618396215   -1.047197551   33.410106063   74.062174690   -0.551654604
    1.808795770   -1.047197551   47.318517787   69.369506656    0.462561664
    1.999195325   -1.047197551   58.968836641   51.138001030    1.460742380
    2.189594880   -1.047197551   66.294162780   24.976239876    2.468418703
    2.379994435   -1.047197551   68.384048843   -2.820356220    3.419753887
    2.570393989   -1.047197551   65.475370054  -26.706370600    4.165747461
    2.760793544   -1.047197551   58.740584818  -42.470776596    4.526415985
    2.951193099   -1.047197551   49.978745245  -47.857752933    4.370251762

   -3.141592654   -0.698131701   40.947038480  -46.246096481    2.504779456
   -2.951193099   -0.698131701   33.195107234  -34.405029521    0.391353413
   -2.760793544   -0.698131701   28.093054561  -19.158087375   -2.139488526
   -2.570393989   -0.698131701   25.803172792   -5.601224587   -4.836474550
   -2.379994435   -0.698131701   25.621009451    2.565509128   -7.563990088
   -2.189594880   -0.698131701   26.361542981    4.147979272  -10.369803575
   -1.999195325   -0.698131701   26.873407794    0.622861706  -13.408989569
   -1.808795770   -0.698131701   26.483103136   -4.695413542  -16.728543541
   -1.618396215   -0.698131701   25.210706608   -8.080370037  -20.063436072
   -1.427996661   -0.698131701   23.695982633   -6.956752741  -22.806332911
   -1.237597106   -0.698131701   22.876928095   -0.891892826  -24.219726234
   -1.047197551   -0.698131701   23.558625552    8.321211512  -23.780282051
   -0.856797996   -0.698131701   26.055482803   17.531322571  -21.454743525
   -0.666398442   -0.698131701   30.025333077   23.201587474  -17.746752429
   -0.475998887   -0.698131701   34.507916945   22.572483107  -13.495009422
   -0.285599332   -0.698131701   38.144865176   14.269812250   -9.548224229
   -0.095199777   -0.698131701   39.501068131   -1.134221606   -6.446233138
    0.095199777   -0.698131701   37.468366837  -20.584011934   -4.276028035
    0.285599332   -0.698131701   31.759747554  -38.648186022   -2.697301354
    0.475998887   -0.698131701   23.283582858  -48.523796810   -1.201380786
    0.666398442   -0.698131701   14.186499050  -44.507153023    0.588251916
    0.856797996   -0.698131701    7.348542405  -24.992130419    2.689745689
    1.047197551   -0.698131701    5.412713143    5.826501541    4.768342916
    1.237597106   -0.698131701    9.734875969   39.005024870    6.361484454
    1.427996661   -0.698131701   19.797985436   64.646437530    7.146949866
    1.618396215   -0.698131701   33.432418614   75.806918698    7.128881367
    1.808795770   -0.698131701   47.626579256   70.652658223    6.593293429
    1.999195325   -0.698131701   59.490762093   52.123883616    5.938467474
    2.189594880   -0.698131701   66.980479990   25.710831515    5.464162563
    2.379994435   -0.698131701   69.175583098   -2.490585067    5.247813729
    2.570393989   -0.698131701   66.268749112  -27.070162863    5.130638366
    2.760793544   -0.698131701   59.376625041  -43.788814818    4.811423097
    2.951193099   -0.698131701   50.265277137  -50.207127155    3.992566055

   -3.141592654   -0.349065850   41.309931511  -50.251375564    1.406270193
   -2.951193099   -0.349065850   32.697370150  -39.352926365   -1.163800166
   -2.760793544   -0.349065850   26.602366730  -24.541960093   -4.102660384
   -2.570393989   -0.349065850   23.281124100  -11.001226943   -7.110703126
   -2.379994435   -0.349065850   22.080496261   -2.742594708  -10.001824675
   -2.189594880   -0.349065850   21.806604715   -1.236075062  -12.784462324
   -1.999195325   -0.349065850   21.275040825   -4.941558760  -15.565683026
   -1.808795770   -0.349065850   19.832183852  -10.070575428  -18.314776264
   -1.618396215   -0.349065850   17.628323563  -12.279076052  -20.678658484
   -1.427996661   -0.349065850   15.528795432   -8.687111602  -22.021583422
   -1.237597106   -0.349065850   14.697979887    0.817072672  -21.713213243
   -1.047197551   -0.349065850   16.046981612   13.546343705  -19.490232570
   -0.856797996   -0.349065850   19.803032507   25.289250840  -15.659078550
   -0.666398442   -0.349065850   25.358963883   31.790201657  -11.014902131
   -0.475998887   -0.349065850   31.412167099   30.206900621   -6.508939684
   -0.285599332   -0.349065850   36.309029731   19.739365621   -2.873025670
   -0.095199777   -0.349065850   38.473514502    1.920387309   -0.332582201
    0.095199777   -0.349065850   36.845545321  -19.198795522    1.428929129
    0.285599332   -0.349065850   31.344758519  -37.617244601    3.088215567
    0.475998887   -0.349065850   23.133890175  -46.606249479    5.287699479
    0.666398442   -0.349065850   14.537492473  -41.168735624    8.261164028
    0.856797996   -0.349065850    8.446271894  -20.654658940   11.648875367
    1.047197551   -0.349065850    7.347436679   10.052283607   14.646646233
    1.237597106   -0.349065850   12.368382377   41.938122114   16.426590989
    1.427996661   -0.349065850   22.811138537   65.661605324   16.545921147
    1.618396215   -0.349065850   36.463757986   75.068557910   15.153550992
    1.808795770   -0.349065850   50.407150404   68.910773301   12.849726172
    1.999195325   -0.349065850   61.914174618   50.245662930   10.378234683
    2.189594880   -0.349065850   69.080020214   24.242183636    8.296319288
    2.379994435   -0.349065850   71.040173203   -3.530004108    6.805907451
    2.570393989   -0.349065850   67.944616469  -28.110650277    5.746684623
    2.760793544   -0.349065850   60.804580083  -45.451926158    4.738829437
    2.951193099   -0.349065850   51.276221734  -52.984243026    3.376857764

   -3.141592654    0.000000000   41.845582396  -54.245899568    0.450159909
   -2.951193099    0.000000000   32.385459807  -44.171311357   -1.796648121
   -2.760793544    0.000000000   25.331403807  -29.693557879   -4.288053188
   -2.570393989    0.000000000   21.036283567  -16.015267817   -6.804038417
   -2.379994435    0.000000000   18.911527492   -7.427540954   -9.204145458
   -2.189594880    0.000000000   17.772954835   -5.648914042  -11.482090892
   -1.999195325    0.000000000   16.425961808   -9.060575770  -13.659708581
   -1.808795770    0.000000000   14.259140010  -13.430572746  -15.589422200
   -1.618396215    0.000000000   11.560430481  -13.928715152  -16.854535995
   -1.427996661    0.000000000    9.393648399   -7.597171513  -16.894999442
   -1.237597106    0.000000000    9.075746552    5.116709053  -15.316800132
   -1.047197551    0.000000000   11.515810706   20.532362201  -12.178207682
   -0.856797996    0.000000000   16.747841255   33.509006330   -8.048545277
   -0.666398442    0.000000000   23.842550199   39.442011725   -3.798310989
   -0.475998887    0.000000000   31.179695431   35.861914954   -0.212258747
   -0.285599332    0.000000000   36.916736423   22.919078093    2.328763376
   -0.095199777    0.000000000   39.493337816    3.248772435    4.006160002
    0.095199777    0.000000000   38.053838911  -18.268907522    5.452497752
    0.285599332    0.000000000   32.822267344  -35.483398148    7.446254577
    0.475998887    0.000000000   25.217516943  -42.304713542   10.491213352
    0.666398442    0.000000000   17.638751169  -34.942752994   14.495743843
    0.856797996    0.000000000   12.811980810  -13.931893886   18.718400200
    1.047197551    0.000000000   12.885637918   15.312508324   22.056305467
    1.237597106    0.000000000   18.638879138   44.183592684   23.557598499
    1.427996661    0.000000000   29.176854239   64.456999109   22.842080437
    1.618396215    0.000000000   42.323888979   71.170077335   20.240547653
    1.808795770    0.000000000   55.381712884   63.775001898   16.568585586
    1.999195325    0.000000000   65.909659346   45.303631367   12.751842986
    2.189594880    0.000000000   72.226739724   20.356217650    9.471123521
    2.379994435    0.000000000   73.561303682   -6.258724251    7.003636336
    2.570393989    0.000000000   70.019840375  -30.182791538    5.231594636
    2.760793544    0.000000000   62.486390558  -47.641064824    3.799053132
    2.951193099    0.000000000   52.475413719  -55.948574763    2.299069469

   -3.141592654    0.349065850   43.030993646  -56.885271753    0.393001823
   -2.951193099    0.349065850   32.994875144  -47.524008800   -0.844738064
   -2.760793544    0.349065850   25.255137583  -33.468614787   -2.170522783
   -2.570393989    0.349065850   20.228129939  -19.876619916   -3.543093349
   -2.379994435    0.349065850   17.375055989  -11.194943893   -4.953299771
   -2.189594880    0.349065850   15.533828179   -9.242797225   -6.427487219
   -1.999195325    0.349065850   13.534734138  -12.248875100   -7.926683852
   -1.808795770    0.349065850   10.842838143  -15.629727889   -9.225357633
   -1.618396215    0.349065850    7.883567187  -14.329414708   -9.912827528
   -1.427996661    0.349065850    5.863983917   -5.593578968   -9.568501388
   -1.237597106    0.349065850    6.158570309    9.463508280   -8.018845510
   -1.047197551    0.349065850    9.585872226   26.353306213   -5.488610786
   -0.856797996    0.349065850   15.958296599   39.420139507   -2.528846400
   -0.666398442    0.349065850   24.081904551   44.167083178    0.234284180
   -0.475998887    0.349065850   32.150016468   38.780448261    2.412360514
   -0.285599332    0.349065850   38.290071028   24.362652733    4.021322298
   -0.095199777    0.349065850   41.088322268    4.372402667    5.485590809
    0.095199777    0.349065850   39.952155070  -15.961065315    7.445558944
    0.285599332    0.349065850   35.370542321  -30.839323549   10.446677631
    0.475998887    0.349065850   28.894700945  -35.176752385   14.617387956
    0.666398442    0.349065850   22.830341015  -26.459565644   19.480739857
    0.856797996    0.349065850   19.589035163   -6.160453417   24.032998325
    1.047197551    0.349065850   20.900036802   20.218840869   27.104880433
    1.237597106    0.349065850   27.201155038   44.921645115   27.857373627
    1.427996661    0.349065850   37.475657270   61.085868320   26.128076815
    1.618396215    0.349065850   49.682706464   64.949550737   22.461669195
    1.808795770    0.349065850   61.428853405   56.529930503   17.815628053
    1.999195325    0.349065850   70.613874372   38.669434626   13.171147752
    2.189594880    0.349065850   75.808501567   15.298321039    9.215370795
    2.379994435    0.349065850   76.348514554   -9.585658115    6.234923113
    2.570393989    0.349065850   72.304124445  -32.255406703    4.156922005
    2.760793544    0.349065850   64.432278499  -49.261434744    2.703103160
    2.951193099    0.349065850   54.093632773  -57.869513227    1.535895695

   -3.141592654    0.698131701   44.100001357  -57.731767315   -0.643441626
   -2.951193099    0.698131701   33.877129444  -48.635185293   -0.655510905
   -2.760793544    0.698131701   25.890289803  -34.945754107   -0.610754374
   -2.570393989    0.698131701   20.544912467  -21.737118892   -0.647236616
   -2.379994435    0.698131701   17.301006776  -13.425713814   -0.885541222
   -2.189594880    0.698131701   15.008027386  -11.715569180   -1.399995270
   -1.999195325    0.698131701   12.541778784  -14.597387980   -2.148697280
   -1.808795770    0.698131701    9.461893099  -17.243172927   -2.927917518
   -1.618396215    0.698131701    6.315791215  -14.591530547   -3.428825481
   -1.427996661    0.698131701    4.400880737   -4.234282428   -3.391306646
   -1.237597106    0.698131701    5.089493190   12.138032941   -2.755372937
   -1.047197551    0.698131701    9.092038155   29.567614944   -1.691889756
   -0.856797996    0.698131701   16.056949169   42.298081110   -0.476404728
   -0.666398442    0.698131701   24.653038521   46.221103102    0.693029574
   -0.475998887    0.698131701   33.040533787   40.160178818    1.853032966
   -0.285599332    0.698131701   39.437059277   25.841863970    3.279954816
   -0.095199777    0.698131701   42.612815767    7.050136719    5.386027459
    0.095199777    0.698131701   42.180234178  -11.122857589    8.532744790
    0.285599332    0.698131701   38.759372150  -23.503445734   12.807016782
    0.475998887    0.698131701   33.875473696  -25.992254985   17.865912738
    0.666398442    0.698131701   29.612579749  -17.067897660   22.913189126
    0.856797996    0.698131701   28.008415459    1.270890205   26.891507956
    1.047197551    0.698131701   30.391128947   23.795411097   28.841649925
    1.237597106    0.698131701   36.927979118   43.796261885   28.276044950
    1.427996661    0.698131701   46.569583388   55.760167830   25.368087418
    1.618396215    0.698131701   57.480807021   56.976011604   20.847595693
    1.808795770    0.698131701   67.610973552   47.841718549   15.681791511
    1.999195325    0.698131701   75.207088262   30.882812187   10.746126172
    2.189594880    0.698131701   79.083880885    9.334046760    6.610079788
    2.379994435    0.698131701   78.681299767  -13.547925275    3.511905752
    2.570393989    0.698131701   74.048210481  -34.560963870    1.427551513
    2.760793544    0.698131701   65.847094746  -50.520632282    0.191909663
    2.951193099    0.698131701   55.317892580  -58.694651531   -0.424096819

   -3.141592654    1.047197551   42.793725659  -57.601228565   -4.861157089
   -2.951193099    1.047197551   32.653842258  -47.924369450   -4.055357086
   -2.760793544    1.047197551   24.830463067  -33.985808543   -3.008640942
   -2.570393989    1.047197551   19.667120036  -20.826675796   -1.977076893
   -2.379994435    1.047197551   16.570698387  -12.813934223   -1.157499728
   -2.189594880    1.047197551   14.354313587  -11.526099163   -0.665061161
   -1.999195325    1.047197551   11.887520979  -14.765587050   -0.513159999
   -1.808795770    1.047197551    8.759446933  -17.535587177   -0.618853832
   -1.618396215    1.047197551    5.566761038  -14.754939796   -0.848643952
   -1.427996661    1.047197551    3.643765266   -4.162128012   -1.083557570
   -1.237597106    1.047197551    4.363392465   12.350521667   -1.252259542
   -1.047197551    1.047197551    8.407352139   29.764109268   -1.301198264
   -0.856797996    1.047197551   15.405905234   42.475278071   -1.119446566
   -0.666398442    1.047197551   24.058733846   46.729707850   -0.508743549
   -0.475998887    1.047197551   32.626191015   41.669930745    0.798065497
   -0.285599332    1.047197551   39.469476539   29.144354410    3.045950386
   -0.095199777    1.047197551   43.494105501   12.731260024    6.351817259
    0.095199777    1.047197551   44.377124731   -3.038085736   10.622428249
    0.285599332    1.047197551   42.671675963  -13.761269384   15.478949083
    0.475998887    1.047197551   39.685364212  -16.109990447   20.268866407
    0.666398442    1.047197551   37.164000632   -8.991994611   24.161621757
    0.856797996    1.047197551   36.780654267    5.776190407   26.368430683
    1.047197551    1.047197551   39.596522642   23.773916106   26.402113792
    1.237597106    1.047197551   45.705499989   39.454514574   24.250002144
    1.427996661    1.047197551   54.198112913   48.293673137   20.380588109
    1.618396215    1.047197551   63.520233576   48.024689535   15.542895066
    1.808795770    1.047197551   71.927974062   38.910556153   10.496346343
    1.999195325    1.047197551   77.910039272   22.973468388    5.818961315
    2.189594880    1.047197551   80.419342564    2.921128090    1.845483924
    2.379994435    1.047197551   78.948286436  -18.362023022   -1.268809112
    2.570393989    1.047197551   73.545364039  -37.848519575   -3.469277513
    2.760793544    1.047197551   64.851123883  -52.439806332   -4.748282135
    2.951193099    1.047197551   54.069128672  -59.454633345   -5.165985683

   -3.141592654    1.396263402   38.646194238  -56.866089538  -11.137863765
   -2.951193099    1.396263402   28.787844468  -45.763437093  -10.187000364
   -2.760793544    1.396263402   21.469857895  -30.939586363   -8.709720774
   -2.570393989    1.396263402   16.922047882  -17.505596363   -6.966602694
   -2.379994435    1.396263402   14.438225038   -9.780891411   -5.154053535
   -2.189594880    1.396263402   12.737566666   -9.195241637   -3.410329680
   -1.999195325    1.396263402   10.628069056  -13.368841492   -1.844466909
   -1.808795770    1.396263402    7.671373295  -17.133024255   -0.564682399
   -1.618396215    1.396263402    4.465519278  -15.278416326    0.324716581
   -1.427996661    1.396263402    2.369695884   -5.419462469    0.764611989
   -1.237597106    1.396263402    2.808606011   10.720950272    0.810217459
   -1.047197551    1.396263402    6.553247021   28.357849734    0.677641078
   -0.856797996    1.396263402   13.366603472   42.070959952    0.738153493
   -0.666398442    1.396263402   22.103702702   48.140430536    1.411240946
   -0.475998887    1.396263402   31.162185015   45.479356512    3.037301684
   -0.285599332    1.396263402   38.973764803   35.470851137    5.763615881
   -0.095199777    1.396263402   44.409622799   21.103336087    9.479943813
    0.095199777    1.396263402   46.999877522    6.303069303   13.826068518
    0.285599332    1.396263402   47.047924391   -4.954707296   18.203616897
    0.475998887    1.396263402   45.557957231   -9.461201094   21.876460146
    0.666398442    1.396263402   43.989839428   -5.793254080   24.119786571
    0.856797996    1.396263402   43.836409155    4.988268383   24.437471075
    1.047197551    1.396263402   46.147164448   19.397288161   22.730823216
    1.237597106    1.396263402   51.170103084   32.656607239   19.324500944
    1.427996661    1.396263402   58.251442911   40.491318513   14.845306009
    1.618396215    1.396263402   66.086133480   40.338939142    9.972048429
    1.808795770    1.396263402   73.090683865   31.894987913    5.221145321
    1.999195325    1.396263402   77.808468913   16.690736136    0.874021128
    2.189594880    1.396263402   79.182350759   -2.733880256   -2.963604918
    2.379994435    1.396263402   76.694527586  -23.357854484   -6.226846000
    2.570393989    1.396263402   70.423544629  -41.896797053   -8.803301108
    2.760793544    1.396263402   61.081379999  -55.120248793  -10.534586092
    2.951193099    1.396263402   49.945073877  -60.442572620  -11.308793600

   -3.141592654    1.745329252   32.320166449  -56.438558124  -16.629220363
   -2.951193099    1.745329252   22.725665194  -43.478923340  -15.992007541
   -2.760793544    1.745329252   15.980603978  -27.307994768  -14.533254052
   -2.570393989    1.745329252   12.204759349  -13.129367937  -12.451312565
   -2.379994435    1.745329252   10.578293614   -5.242476767   -9.912423129
   -2.189594880    1.745329252    9.716032624   -5.008671358   -7.061752052
   -1.999195325    1.745329252    8.334517207   -9.981147617   -4.067179596
   -1.808795770    1.745329252    5.917964792  -14.898320398   -1.164337810
   -1.618396215    1.745329252    3.013198261  -14.361072817    1.363687847
   -1.427996661    1.745329252    0.978158867   -5.645041464    3.273289177
   -1.237597106    1.745329252    1.311433379    9.953045742    4.483803505
   -1.047197551    1.745329252    4.933516057   28.005142951    5.151344340
   -0.856797996    1.745329252   11.801612726   43.147806106    5.648879881
   -0.666398442    1.745329252   20.941681201   51.369894910    6.419191627
   -0.475998887    1.745329252   30.837437690   51.012120469    7.801224133
   -0.285599332    1.745329252   39.888441434   42.816203920    9.896944099
   -0.095199777    1.745329252   46.818096712   29.249426422   12.504561874
    0.095199777    1.745329252   50.930056012   13.903663948   15.164940844
    0.285599332    1.745329252   52.262202086    0.713810024   17.244745872
    0.475998887    1.745329252   51.575913866   -6.837463267   18.129105635
    0.666398442    1.745329252   50.171427117   -6.715660765   17.425399378
    0.856797996    1.745329252   49.520684835    0.812762014   15.140570473
    1.047197551    1.745329252   50.800547061   12.947075312   11.691970679
    1.237597106    1.745329252   54.482444113   25.231093539    7.730409065
    1.427996661    1.745329252   60.148035398   33.185626045    3.879974229
    1.618396215    1.745329252   66.651386650   33.694499479    0.494359341
    1.808795770    1.745329252   72.455147858   25.883724009   -2.414915463
    1.999195325    1.745329252   76.062502807   10.979485788   -5.061976333
    2.189594880    1.745329252   76.354783990   -8.396910038   -7.682729003
    2.379994435    1.745329252   72.797399096  -28.870217583  -10.347173875
    2.570393989    1.745329252   65.527427046  -46.762554551  -12.890408433
    2.760793544    1.745329252   55.373816850  -58.655733978  -14.983547705
    2.951193099    1.745329252   43.735921966  -62.091069393  -16.295040966

   -3.141592654    2.094395102   25.518400934  -56.995970947  -18.124237472
   -2.951193099    2.094395102   15.989431156  -42.264287975  -17.636707578
   -2.760793544    2.094395102    9.626730832  -24.567736068  -16.129638889
   -2.570393989    2.094395102    6.494317976   -9.162616124  -13.751799477
   -2.379994435    2.094395102    5.717878425   -0.328151272  -10.673238820
   -2.189594880    2.094395102    5.859054053    0.559610976   -7.067197239
   -1.999195325    2.094395102    5.569322268   -4.166634311   -3.131933128
   -1.808795770    2.094395102    4.241460874   -9.377402664    0.861593108
   -1.618396215    2.094395102    2.316014508   -9.679939805    4.570532479
   -1.427996661    2.094395102    1.064870502   -2.122986199    7.652626854
   -1.237597106    2.094395102    1.963634316   12.410180114    9.893731882
   -1.047197551    2.094395102    5.991411063   29.912998331   11.302527202
   -0.856797996    2.094395102   13.226333147   45.202811093   12.114011208
   -0.666398442    2.094395102   22.819219411   54.128014845   12.664259014
   -0.475998887    2.094395102   33.322451540   54.611234882   13.224926458
   -0.285599332    2.094395102   43.112805940   46.863072971   13.870904213
   -0.095199777    2.094395102   50.791314240   32.898127844   14.416297323
    0.095199777    2.094395102   55.473266571   16.053393248   14.475627131
    0.285599332    2.094395102   56.991106837    0.379104056   13.582620889
    0.475998887    2.094395102   55.961808374  -10.129526631   11.420539176
    0.666398442    2.094395102   53.668688202  -12.625433617    8.018009795
    0.856797996    2.094395102   51.726085322   -6.599042499    3.837874088
    1.047197551    2.094395102   51.569217525    5.517927391   -0.365112446
    1.237597106    2.094395102   53.940468679   19.057240630   -3.857469773
    1.427996661    2.094395102   58.600935415   28.823679785   -6.231121703
    1.618396215    2.094395102   64.428953310   30.856692525   -7.557822874
    1.808795770    2.094395102   69.771700207   23.720175977   -8.294011475
    1.999195325    2.094395102   72.954364546    8.550044352   -9.025383483
    2.189594880    2.094395102   72.708445047  -11.664722439  -10.195947682
    2.379994435    2.094395102   68.445465225  -32.948801571  -11.936671123
    2.570393989    2.094395102   60.363512296  -51.073984865  -14.039358550
    2.760793544    2.094395102   49.433234708  -62.351007456  -16.070942237
    2.951193099    2.094395102   37.211573940  -64.415059494  -17.552983029

   -3.141592654    2.443460953   19.355739109  -58.042961126  -11.762300962
   -2.951193099    2.443460953    9.792039989  -41.566135666  -10.837554251
   -2.760793544    2.443460953    3.739041158  -22.029070929   -9.135301781
   -2.570393989    2.443460953    1.260838414   -4.857272519   -6.789016186
   -2.379994435    2.443460953    1.457659349    5.543455729   -3.927615616
   -2.189594880    2.443460953    2.841100765    7.664929830   -0.623915863
   -1.999195325    2.443460953    3.983219443    3.662264842    3.081591433
   -1.808795770    2.443460953    4.161207915   -1.518415221    7.077781198
   -1.618396215    2.443460953    3.674244102   -2.556910971   11.097916774
   -1.427996661    2.443460953    3.658122442    3.641253742   14.726904389
   -1.237597106    2.443460953    5.500491234   16.538381564   17.528428070
   -1.047197551    2.443460953   10.166786168   32.540576673   19.211306632
   -0.856797996    2.443460953   17.790322767   46.727391250   19.735568736
   -0.666398442    2.443460953   27.602421367   54.950865718   19.282080646
   -0.475998887    2.443460953   38.211108341   54.887867698   18.117445317
   -0.285599332    2.443460953   47.989201485   46.379641317   16.435976375
   -0.095199777    2.443460953   55.462505919   31.118984196   14.243641612
    0.095199777    2.443460953   59.628628786   12.306793158   11.375531531
    0.285599332    2.443460953   60.208368499   -5.759390160    7.617440093
    0.475998887    2.443460953   57.792986322  -18.451875819    2.946284386
    0.666398442    2.443460953   53.783503822  -22.084693580   -2.289354096
    0.856797996    2.443460953   50.059768951  -15.535211760   -7.354273362
    1.047197551    2.443460953   48.385936890   -1.234388934  -11.370759533
    1.237597106    2.443460953   49.763742580   15.454529571  -13.695359308
    1.427996661    2.443460953   54.035945279   28.240784767  -14.198729602
    1.618396215    2.443460953   59.958503780   32.204600967  -13.313156041
    1.808795770    2.443460953   65.621773204   25.497721764  -11.803081029
    1.999195325    2.443460953   69.075568681    9.454334399  -10.440664144
    2.189594880    2.443460953   68.857852131  -12.322691323   -9.737014173
    2.379994435    2.443460953   64.316995525  -35.142420241   -9.828443317
    2.570393989    2.443460953   55.714036729  -54.216967302  -10.503419611
    2.760793544    2.443460953   44.162903110  -65.574257893  -11.341017805
    2.951193099    2.443460953   31.388583201  -66.864058089  -11.878877222

   -3.141592654    2.792526803   16.856203945  -57.243973666    0.417707372
   -2.951193099    2.792526803    7.534249470  -39.839786153    2.068506908
   -2.760793544    2.792526803    1.898519401  -19.399208410    3.931119419
   -2.570393989    2.792526803    0.000000000   -1.414944469    5.927419773
   -2.379994435    2.792526803    0.926495258    9.764154975    8.062008683
   -2.189594880    2.792526803    3.191962462   12.718883954   10.464631923
   -1.999195325    2.792526803    5.379485692    9.579092510   13.318487415
   -1.808795770    2.792526803    6.753908739    5.072230363   16.681455988
   -1.618396215    2.792526803    7.547103372    4.181005543   20.324789946
   -1.427996661    2.792526803    8.766359655    9.736713098   23.716316621
   -1.237597106    2.792526803   11.642605792   21.183265616   26.193010023
   -1.047197551    2.792526803   17.008401437   35.184228543   27.222036642
   -0.856797996    2.792526803   24.928570435   47.200899404   26.595978838
   -0.666398442    2.792526803   34.632989790   53.377174768   24.456714750
   -0.475998887    2.792526803   44.764011445   51.471814046   21.156298740
   -0.285599332    2.792526803   53.724894526   41.208319974   17.061345464
   -0.095199777    2.792526803   60.040898325   24.118133102   12.397416349
    0.095199777    2.792526803   62.692072863    3.398152109    7.235261145
    0.285599332    2.792526803   61.410569558  -16.312556347    1.601115151
    0.475998887    2.792526803   56.895270883  -29.749289640   -4.307604501
    0.666398442    2.792526803   50.782481382  -32.577390341   -9.985135221
    0.856797996    2.792526803   45.277902111  -23.457242015  -14.661739374
    1.047197551    2.792526803   42.448767949   -5.296892046  -17.580390765
    1.237597106    2.792526803   43.448472720   15.500036995  -18.344794059
    1.427996661    2.792526803   48.056541273   31.504796882  -17.112308771
    1.618396215    2.792526803   54.782511613   37.102112469  -14.528160804
    1.808795770    2.792526803   61.401274530   30.404426618  -11.420746578
    1.999195325    2.792526803   65.693624557   13.231201782   -8.494466525
    2.189594880    2.792526803   66.046000116  -10.126677183   -6.139017679
    2.379994435    2.792526803   61.780873537  -34.370389070   -4.418835666
    2.570393989    2.792526803   53.229551023  -54.336616923   -3.161618135
    2.760793544    2.792526803   41.623912488  -65.917010267   -2.095192887
    2.951193099    2.792526803   28.812379900  -66.832902473   -0.958581040
