#! FIELDS phi psi file.free der_phi der_psi
#! SET min_phi -pi
#! SET max_phi pi
#! SET nbins_phi  33
#! SET periodic_phi true
#! SET min_psi -pi
#! SET max_psi pi
#! SET nbins_psi  18
#! SET periodic_psi true
   -3.141592654   -3.141592654   19.275553595  -55.437028240   13.766168415
   -2.951193099   -3.141592654   10.256117621  -38.388082748   16.259623112
   -2.760793544   -3.141592654    4.904625443  -17.776005592   18.330793078
   -2.570393989   -3.141592654    3.365997623    0.804101869   19.927582440
   -2.379994435   -3.141592654    4.793380126   12.841064553   21.203064846
   -2.189594880   -3.141592654    7.735810138   16.767366635   22.500800168
   -1.999195325   -3.141592654   10.783200526   14.543100703   24.187765917
   -1.808795770   -3.141592654   13.164737387   10.605481226   26.397415444
   -1.618396215   -3.141592654   15.011797481    9.573787850   28.848802111
   -1.427996661   -3.141592654   17.165566300   13.998878936   30.880266057
   -1.237597106   -3.141592654   20.661281497   23.296220894   31.711360376
   -1.047197551   -3.141592654   26.160043659   34.395121621   30.791658694
   -0.856797996   -3.141592654   33.624485839   43.203038871   28.026236487
   -0.666398442   -3.141592654   42.269662983   46.318452779   23.779068760
   -0.475998887   -3.141592654   50.804664397   41.893550622   18.660790096
   -0.285599332   -3.141592654   57.765702858   29.950389897   13.256874135
   -0.095199777   -3.141592654   61.857092055   12.203969642    7.916060952
    0.095199777   -3.141592654   62.261480193   -8.098602213    2.731418672
    0.285599332   -3.141592654   58.911068836  -26.374427023   -2.315005938
    0.475998887   -3.141592654   52.687576308  -37.490235096   -7.112302445
    0.666398442   -3.141592654   45.376217133  -37.318371657  -11.279298174
    0.856797996   -3.141592654   39.279901440  -24.901603530  -14.228459612
    1.047197551   -3.141592654   36.473540151   -3.679429529  -15.438994013
    1.237597106   -3.141592654   38.010659873   19.383902739  -14.755565869
    1.427996661   -3.141592654   43.484823701   36.544814628  -12.497185234
    1.618396215   -3.141592654   51.198044511   42.314112590   -9.320664209
    1.808795770   -3.141592654   58.778008136   35.268510362   -5.899630009
    1.999195325   -3.141592654   63.956992184   17.720772805   -2.678625835
    2.189594880   -3.141592654   65.145400409   -5.796238178    0.218688155
    2.379994435   -3.141592654   61.699913431  -30.093175976    2.896661222
    2.570393989   -3.141592654   53.945258853  -50.300681437    5.533174883
    2.760793544   -3.141592654   43.055862981  -62.485959837    8.244593547
    2.951193099   -3.141592654   30.818196313  -64.259400090   11.029003122

   -3.141592654   -2.792526803   25.762143984  -50.503675297   20.954356155
   -2.951193099   -2.792526803   17.572452461  -34.680833135   23.585919595
   -2.760793544   -2.792526803   12.792908233  -15.480831253   25.383068014
   -2.570393989   -2.792526803   11.569944651    1.899981626   26.356175786
   -2.379994435   -2.792526803   13.142411008   13.414073554   26.763381451
   -2.189594880   -2.792526803   16.218053946   17.750272223   27.063719747
   -1.999195325   -2.792526803   19.554096229   16.670939116   27.713896417
   -1.808795770   -2.792526803   22.461054471   13.931400673   28.890775657
   -1.618396215   -2.792526803   24.995138723   13.258725925   30.314523945
   -1.427996661   -2.792526803   27.769004414   16.561084347   31.306302769
   -1.237597106   -2.792526803   31.520898877   23.219205950   31.077829885
   -1.047197551   -2.792526803   36.672484264   30.755999360   29.099646288
   -0.856797996   -2.792526803   43.098875050   36.033937433   25.325434315
   -0.666398442   -2.792526803   50.106768034   36.496886047   20.190189574
   -0.475998887   -2.792526803   56.621534812   30.735493474   14.382408678
   -0.285599332   -2.792526803   61.430073238   18.685245426    8.562117819
   -0.095199777   -2.792526803   63.433297636    1.636778259    3.142754018
    0.095199777   -2.792526803   61.922167973  -17.616251219   -1.738030285
    0.285599332   -2.792526803   56.872525012  -34.669444026   -6.085516086
    0.475998887   -2.792526803   49.209175814  -44.236107168   -9.840384633
    0.666398442   -2.792526803   40.806275777  -41.909418967  -12.756131101
    0.856797996   -2.792526803   34.092683973  -26.687681081  -14.455469537
    1.047197551   -2.792526803   31.238792081   -2.380465432  -14.633917263
    1.237597106   -2.792526803   33.290433130   23.388911478  -13.271171742
    1.427996661   -2.792526803   39.711745314   42.310553334  -10.683336778
    1.618396215   -2.792526803   48.602616456   48.760696409   -7.389670991
    1.808795770   -2.792526803   57.409610709   41.624680724   -3.860082380
    1.999195325   -2.792526803   63.766231726   23.730992580   -0.353577698
    2.189594880   -2.792526803   66.076013573    0.012216554    3.109923424
    2.379994435   -2.792526803   63.738483412  -24.229063820    6.631318155
    2.570393989   -2.792526803   57.117125011  -44.265499642   10.287408540
    2.760793544   -2.792526803   47.384847890  -56.419344431   14.029802361
    2.951193099   -2.792526803   36.279232441  -58.522578278   17.675663608

   -3.141592654   -2.443460953   33.358338928  -45.141038609   20.705385659
   -2.951193099   -2.443460953   26.052834315  -30.832629482   22.987031250
   -2.760793544   -2.443460953   21.843160117  -13.348205310   24.388927362
   -2.570393989   -2.443460953   20.874668448    2.512358860   24.932651248
   -2.379994435   -2.443460953   22.466863857   13.145820134   24.851394566
   -2.189594880   -2.443460953   25.476446831   17.469135076   24.538595043
   -1.999195325   -2.443460953   28.814205793   17.037336529   24.365852485
   -1.808795770   -2.443460953   31.859725683   14.953519641   24.456861424
   -1.618396215   -2.443460953   34.593227402   14.144328342   24.566089937
   -1.427996661   -2.443460953   37.420245742   16.011411369   24.161630884
   -1.237597106   -2.443460953   40.831091533   20.046195623   22.679577838
   -1.047197551   -2.443460953   45.080486975   24.455549859   19.812658172
   -0.856797996   -2.443460953   50.036617640   27.048722151   15.653195517
   -0.666398442   -2.443460953   55.165917978   25.991255882   10.658472972
   -0.475998887   -2.443460953   59.646482831   20.112730799    5.440491547
   -0.285599332   -2.443460953   62.512446825    9.059386960    0.540106129
   -0.095199777   -2.443460953   62.825099209   -6.443047831   -3.736091793
    0.095199777   -2.443460953   59.927954204  -24.114728936   -7.327528882
    0.285599332   -2.443460953   53.777608601  -39.755116997  -10.298604567
    0.475998887   -2.443460953   45.274140610  -47.950158927  -12.674092758
    0.666398442   -2.443460953   36.309626744  -44.029027080  -14.334304284
    0.856797996   -2.443460953   29.371083947  -26.863180044  -15.049329389
    1.047197551   -2.443460953   26.684124390   -0.437378071  -14.616186790
    1.237597106   -2.443460953   29.291777278   27.226048565  -13.010078835
    1.427996661   -2.443460953   36.579318252   47.457753996  -10.437561472
    1.618396215   -2.443460953   46.520882435   54.552126634   -7.258086495
    1.808795770   -2.443460953   56.453226397   47.600387864   -3.809453847
    1.999195325   -2.443460953   63.954260822   29.779346494   -0.294750726
    2.189594880   -2.443460953   67.432563470    6.262188951    3.247539849
    2.379994435   -2.443460953   66.317188659  -17.632449394    6.858653261
    2.570393989   -2.443460953   60.983812858  -37.367866194   10.551007559
    2.760793544   -2.443460953   52.572633092  -49.518890912   14.231846914
    2.951193099   -2.443460953   42.744261748  -52.111687867   17.703287911

   -3.141592654   -2.094395102   39.781904937  -40.505134836   14.383428585
   -2.951193099   -2.094395102   33.244155818  -27.477880152   15.806200640
   -2.760793544   -2.094395102   29.528875846  -11.535721671   16.584477815
   -2.570393989   -2.094395102   28.756996491    2.798402404   16.706072523
   -2.379994435   -2.094395102   30.285598195   12.279558717   16.269494001
   -2.189594880   -2.094395102   33.066388140   16.031485222   15.469221900
   -1.999195325   -2.094395102   36.114647576   15.480201826   14.497133385
   -1.808795770   -2.094395102   38.857035291   13.282446439   13.416332943
   -1.618396215   -2.094395102   41.224862040   11.862622365   12.106705727
   -1.427996661   -2.094395102   43.500473149   12.389548080   10.332835761
   -1.237597106   -2.094395102   46.048824411   14.576010463    7.895416787
   -1.047197551   -2.094395102   49.078461363   17.182510109    4.777223068
   -0.856797996   -2.094395102   52.526730263   18.647174456    1.180185953
   -0.666398442   -2.094395102   56.028583170   17.487132883   -2.529824349
   -0.475998887   -2.094395102   58.960088169   12.500687245   -5.971827837
   -0.285599332   -2.094395102   60.512109151    2.942867316   -8.875346185
   -0.095199777   -2.094395102   59.813044210  -10.971488682  -11.152916796
    0.095199777   -2.094395102   56.184075218  -27.335224470  -12.882708786
    0.285599332   -2.094395102   49.514682092  -42.036408384  -14.200779961
    0.475998887   -2.094395102   40.648564286  -49.473942346  -15.189374697
    0.666398442   -2.094395102   31.471633915  -44.687517618  -15.795851742
    0.856797996   -2.094395102   24.512538355  -26.358364721  -15.853097622
    1.047197551   -2.094395102   22.054277716    1.495153214  -15.162278394
    1.237597106   -2.094395102   25.169087853   30.604657985  -13.613674469
    1.427996661   -2.094395102   33.218788818   52.015225079  -11.267740541
    1.618396215   -2.094395102   44.107717142   59.871915566   -8.344184157
    1.808795770   -2.094395102   55.094500426   53.296525236   -5.121290795
    1.999195325   -2.094395102   63.698394511   35.641008622   -1.841209173
    2.189594880   -2.094395102   68.304314256   12.238121382    1.358716501
    2.379994435   -2.094395102   68.338526667  -11.540048353    4.424144879
    2.570393989   -2.094395102   64.172261719  -31.229773544    7.329339619
    2.760793544   -2.094395102   56.920382476  -43.532341873   10.022376014
    2.951193099   -2.094395102   48.193776243  -46.599150642   12.413830500

   -3.141592654   -1.745329252   42.711055129  -38.725179180    7.580158026
   -2.951193099   -1.745329252   36.449845643  -26.380258202    8.022985295
   -2.760793544   -1.745329252   32.872120248  -11.204615692    8.048215597
   -2.570393989   -1.745329252   32.084888000    2.299996097    7.665413306
   -2.379994435   -1.745329252   33.440437533   10.966975492    6.901027314
   -2.189594880   -1.745329252   35.897728845   13.952906973    5.793085250
   -1.999195325   -1.745329252   38.476589422   12.616201499    4.359055144
   -1.808795770   -1.745329252   40.588861103    9.499182189    2.572369106
   -1.618396215   -1.745329252   42.136077375    7.013004842    0.391797412
   -1.427996661   -1.745329252   43.386952734    6.512104264   -2.165439948
   -1.237597106   -1.745329252   44.745605188    8.060619666   -4.967466541
   -1.047197551   -1.745329252   46.527769726   10.733293336   -7.773350430
   -0.856797996   -1.745329252   48.819632941   13.084437834  -10.314399331
   -0.666398442   -1.745329252   51.398539042   13.433072889  -12.371891772
   -0.475998887   -1.745329252   53.722723260   10.181172225  -13.850861748
   -0.285599332   -1.745329252   54.982622009    2.134227249  -14.786376910
   -0.095199777   -1.745329252   54.232260762  -10.806952171  -15.314413789
    0.095199777   -1.745329252   50.678728672  -26.802451145  -15.624346130
    0.285599332   -1.745329252   44.107645448  -41.587963184  -15.870916192
    0.475998887   -1.745329252   35.304239781  -49.248934615  -16.116290833
    0.666398442   -1.745329252   26.162312485  -44.483684243  -16.282184104
    0.856797996   -1.745329252   19.275183087  -25.719789026  -16.174928040
    1.047197551   -1.745329252   17.021069484    3.074042994  -15.549605557
    1.237597106   -1.745329252   20.553498174   33.430275771  -14.218333557
    1.427996661   -1.745329252   29.261615259   56.057946185  -12.152488462
    1.618396215   -1.745329252   41.010872625   64.780503753   -9.504824537
    1.808795770   -1.745329252   52.974564982   58.552010328   -6.543124935
    1.999195325   -1.745329252   62.574578691   40.775896060   -3.558860343
    2.189594880   -1.745329252   68.121714785   16.947446855   -0.770221120
    2.379994435   -1.745329252   69.001037394   -7.388700134    1.694869251
    2.570393989   -1.745329252   65.569508663  -27.671365978    3.778964480
    2.760793544   -1.745329252   58.939811069  -40.560038157    5.457531328
    2.951193099   -1.745329252   50.724502529  -44.209492635    6.725047694

   -3.141592654   -1.396263402   42.475464948  -39.799510139    4.759909089
   -2.951193099   -1.396263402   35.979577662  -27.749399756    4.520306101
   -2.760793544   -1.396263402   32.128190379  -12.692210489    3.855292564
   -2.570393989   -1.396263402   31.054043900    0.776847486    2.821065000
   -2.379994435   -1.396263402   32.113630086    9.355439506    1.435554368
   -2.189594880   -1.396263402   34.238227065   12.014912775   -0.336718988
   -1.999195325   -1.396263402   36.386993536    9.970375116   -2.572735126
   -1.808795770   -1.396263402   37.900435804    5.820438809   -5.327808016
   -1.618396215   -1.396263402   38.645922431    2.312815433   -8.538360077
   -1.427996661   -1.396263402   38.940357968    1.292448253  -11.947364262
   -1.237597106   -1.396263402   39.324018369    3.206080467  -15.126144313
   -1.047197551   -1.396263402   40.290680015    7.155052743  -17.602503009
   -0.856797996   -1.396263402   42.072689625   11.365907363  -19.043666284
   -0.666398442   -1.396263402   44.509131090   13.617366872  -19.370563985
   -0.475998887   -1.396263402   47.018342761   11.839584780  -18.779733564
   -0.285599332   -1.396263402   48.679219480    4.564600258  -17.644653570
   -0.095199777   -1.396263402   48.406382681   -8.346579903  -16.370174625
    0.095199777   -1.396263402   45.276973381  -24.888199987  -15.276943760
    0.285599332   -1.396263402   38.991232942  -40.531186536  -14.507115053
    0.475998887   -1.396263402   30.306511963  -49.017207888  -14.029595541
    0.666398442   -1.396263402   21.156970230  -44.709858124  -13.672162046
    0.856797996   -1.396263402   14.232067877  -25.782778171  -13.206676737
    1.047197551   -1.396263402   12.036672227    3.846118664  -12.419260200
    1.237597106   -1.396263402   15.835119335   35.482892722  -11.177950662
    1.427996661   -1.396263402   25.063871757   59.429046648   -9.479393020
    1.618396215   -1.396263402   37.553200492   69.085459550   -7.430742882
    1.808795770   -1.396263402   50.375024746   63.137135940   -5.201738658
    1.999195325   -1.396263402   60.822310507   44.987196758   -2.967346855
    2.189594880   -1.396263402   67.096113822   20.303246576   -0.859174040
    2.379994435   -1.396263402   68.513037970   -5.121138687    1.026270141
    2.570393989   -1.396263402   65.407122390  -26.512274855    2.606360119
    2.760793544   -1.396263402   58.902908891  -40.371838630    3.795343853
    2.951193099   -1.396263402   50.648390638  -44.774188742    4.524693925

   -3.141592654   -1.047197551   41.168816830  -42.232716781    3.575615966
   -2.951193099   -1.047197551   34.171554979  -30.523093176    2.506035935
   -2.760793544   -1.047197551   29.791481630  -15.423255937    0.934100465
   -2.570393989   -1.047197551   28.218921769   -1.722489538   -0.998935600
   -2.379994435   -1.047197551   28.817689532    6.963585294   -3.211235810
   -2.189594880   -1.047197551   30.465692860    9.314739171   -5.723114683
   -1.999195325   -1.047197551   32.031559843    6.479510089   -8.621605138
   -1.808795770   -1.047197551   32.785012709    1.335558347  -11.932937081
   -1.618396215   -1.047197551   32.605541610   -2.805026095  -15.474879350
   -1.427996661   -1.047197551   31.935208544   -3.532721472  -18.800107762
   -1.237597106   -1.047197551   31.521102963   -0.155510717  -21.304563151
   -1.047197551   -1.047197551   32.063365912    6.162360190  -22.466016540
   -0.856797996   -1.047197551   33.908457922   12.999860924  -22.080537917
   -0.666398442   -1.047197551   36.871328779   17.372268179  -20.355232227
   -0.475998887   -1.047197551   40.218003122   16.677477845  -17.822726269
   -0.285599332   -1.047197551   42.808935698    9.308624140  -15.124683596
   -0.095199777   -1.047197551   43.353051767   -4.643778686  -12.771317969
    0.095199777   -1.047197551   40.788991570  -22.688991242  -11.001093428
    0.285599332   -1.047197551   34.778854841  -39.790732511   -9.734880959
    0.475998887   -1.047197551   26.130044200  -49.275272603   -8.704256445
    0.666398442   -1.047197551   16.889754095  -45.291367640   -7.618940043
    0.856797996   -1.047197551    9.880624164  -25.992505736   -6.334821519
    1.047197551   -1.047197551    7.726231211    4.539708501   -4.897342943
    1.237597106   -1.047197551   11.764673587   37.299213269   -3.470072690
    1.427996661   -1.047197551   21.440386854   62.249853356   -2.218904996
    1.618396215   -1.047197551   34.533172913   72.517065948   -1.197407163
    1.808795770   -1.047197551   48.025543570   66.656087508   -0.337817397
    1.999195325   -1.047197551   59.112757322   48.117824275    0.490123840
    2.189594880   -1.047197551   65.917037487   22.695665827    1.388376751
    2.379994435   -1.047197551   67.701539211   -3.680620106    2.353252514
    2.570393989   -1.047197551   64.769389696  -26.143958419    3.257229930
    2.760793544   -1.047197551   58.230722930  -41.096201981    3.887710650
    2.951193099   -1.047197551   49.741787029  -46.486286264    4.037032060

   -3.141592654   -0.698131701   40.936195420  -45.076824275    2.013685608
   -2.951193099   -0.698131701   33.320904189  -34.102251242    0.079875044
   -2.760793544   -0.698131701   28.220153731  -19.348661130   -2.411774262
   -2.570393989   -0.698131701   25.889570744   -5.738639336   -5.193810056
   -2.379994435   -0.698131701   25.716050907    2.839076641   -8.076308503
   -2.189594880   -0.698131701   26.549311365    4.829707244  -11.034937766
   -1.999195325   -0.698131701   27.207170097    1.410779224  -14.155517900
   -1.808795770   -0.698131701   26.947761924   -4.161918771  -17.439805987
   -1.618396215   -0.698131701   25.734362983   -7.998306108  -20.616099021
   -1.427996661   -0.698131701   24.194505340   -7.261566188  -23.113186395
   -1.237597106   -0.698131701   23.300989830   -1.307496947  -24.261606191
   -1.047197551   -0.698131701   23.916888379    8.104372683  -23.621472647
   -0.856797996   -0.698131701   26.403893454   17.661144233  -21.232457181
   -0.666398442   -0.698131701   30.426259942   23.600940131  -17.635923942
   -0.475998887   -0.698131701   34.990863581   22.992489743  -13.657966406
   -0.285599332   -0.698131701   38.688083969   14.448994607  -10.081135643
   -0.095199777   -0.698131701   40.043716695   -1.312623029   -7.345266013
    0.095199777   -0.698131701   37.948979262  -21.007853249   -5.440798122
    0.285599332   -0.698131701   32.158383412  -39.013289176   -3.973860626
    0.475998887   -0.698131701   23.646887430  -48.463123920   -2.445154156
    0.666398442   -0.698131701   14.621794357  -43.781949362   -0.541504862
    0.856797996   -0.698131701    7.982213526  -23.670140329    1.668578636
    1.047197551   -0.698131701    6.321131398    7.289863659    3.779201905
    1.237597106   -0.698131701   10.877528266   39.876203692    5.297282197
    1.427996661   -0.698131701   20.990909300   64.218020891    5.914917860
    1.618396215   -0.698131701   34.391798370   73.798170886    5.683424395
    1.808795770   -0.698131701   48.079047118   67.474106900    4.948502666
    1.999195325   -0.698131701   59.303223712   48.783939562    4.163925908
    2.189594880   -0.698131701   66.234106354   23.364811890    3.670609370
    2.379994435   -0.698131701   68.139389941   -3.122960964    3.564735652
    2.570393989   -0.698131701   65.277116580  -26.037607881    3.681784311
    2.760793544   -0.698131701   58.684155137  -41.828698222    3.683364594
    2.951193099   -0.698131701   49.955323349  -48.296998464    3.208643406

   -3.141592654   -0.349065850   41.114378018  -48.611971516    0.776696132
   -2.951193099   -0.349065850   32.710933675  -38.769171755   -1.576553768
   -2.760793544   -0.349065850   26.649951363  -24.669232270   -4.432525556
   -2.570393989   -0.349065850   23.282391592  -11.248556146   -7.487692952
   -2.379994435   -0.349065850   22.060495024   -2.655787769  -10.519698125
   -2.189594880   -0.349065850   21.845572440   -0.705070938  -13.479082837
   -1.999195325   -0.349065850   21.442006738   -4.181387856  -16.408835177
   -1.808795770   -0.349065850   20.139179910   -9.414568811  -19.227762034
   -1.618396215   -0.349065850   18.029327959  -11.965691890  -21.563980704
   -1.427996661   -0.349065850   15.951921719   -8.746573396  -22.802239440
   -1.237597106   -0.349065850   15.085290459    0.541357626  -22.363352847
   -1.047197551   -0.349065850   16.376671319   13.261220260  -20.049821076
   -0.856797996   -0.349065850   20.085521506   25.094869697  -16.223135753
   -0.666398442   -0.349065850   25.609841071   31.643895318  -11.698016930
   -0.475998887   -0.349065850   31.629329398   29.984027447   -7.399385794
   -0.285599332   -0.349065850   36.469054016   19.360586425   -3.989052531
   -0.095199777   -0.349065850   38.548998426    1.441984654   -1.604054104
    0.095199777   -0.349065850   36.834297429  -19.578859891    0.137711581
    0.285599332   -0.349065850   31.290115118  -37.640608563    1.919653566
    0.475998887   -0.349065850   23.125042545  -46.068906822    4.321757960
    0.666398442   -0.349065850   14.687432767  -40.041784772    7.469743938
    0.856797996   -0.349065850    8.849991917  -19.172425271   10.896273664
    1.047197551   -0.349065850    8.027869468   11.376432865   13.739134007
    1.237597106   -0.349065850   13.231718250   42.426882779   15.187578436
    1.427996661   -0.349065850   23.638786015   64.737877329   14.883565346
    1.618396215   -0.349065850   36.964203671   72.592913063   13.092879030
    1.808795770   -0.349065850   50.323253118   65.399148696   10.518032229
    1.999195325   -0.349065850   61.144299808   46.761307892    7.958375831
    2.189594880   -0.349065850   67.743590164   21.957812226    5.973502167
    2.379994435   -0.349065850   69.445273406   -3.896848561    4.728899757
    2.570393989   -0.349065850   66.462331166  -26.636580408    4.015345976
    2.760793544   -0.349065850   59.717688997  -42.936070505    3.399725698
    2.951193099   -0.349065850   50.680824302  -50.503927089    2.422987712

   -3.141592654    0.000000000   41.470673195  -52.044235878   -0.034522581
   -2.951193099    0.000000000   32.306421173  -43.247084025   -2.066047045
   -2.760793544    0.000000000   25.327422561  -29.731310224   -4.466834942
   -2.570393989    0.000000000   20.980991977  -16.396409586   -7.017090127
   -2.379994435    0.000000000   18.794024322   -7.623463309   -9.552751169
   -2.189594880    0.000000000   17.654423214   -5.449753104  -12.024008441
   -1.999195325    0.000000000   16.375197519   -8.588195904  -14.400143926
   -1.808795770    0.000000000   14.302474649  -12.964494508  -16.487346185
   -1.618396215    0.000000000   11.671444325  -13.708990584  -17.845130758
   -1.427996661    0.000000000    9.514552533   -7.703754206  -17.917368956
   -1.237597106    0.000000000    9.150399671    4.764970474  -16.334165220
   -1.047197551    0.000000000   11.510511264   20.080435686  -13.186984759
   -0.856797996    0.000000000   16.653223069   33.043767560   -9.072575083
   -0.666398442    0.000000000   23.658348721   38.972293424   -4.868260948
   -0.475998887    0.000000000   30.903840234   35.376342924   -1.342353776
   -0.285599332    0.000000000   36.550286986   22.474027784    1.162640963
   -0.095199777    0.000000000   39.056551199    2.994980560    2.871464466
    0.095199777    0.000000000   37.601098724  -18.143022875    4.436287309
    0.285599332    0.000000000   32.439291474  -34.857430497    6.608911534
    0.475998887    0.000000000   24.999757594  -41.204177171    9.817631273
    0.666398442    0.000000000   17.659788742  -33.572294821   13.871694123
    0.856797996    0.000000000   13.090584843  -12.664378526   17.949909320
    1.047197551    0.000000000   13.356689519   15.982743765   20.930720386
    1.237597106    0.000000000   19.138977108   43.747775490   21.922771736
    1.427996661    0.000000000   29.459248941   62.589509372   20.669608747
    1.618396215    0.000000000   42.117008841   67.968595062   17.643866145
    1.808795770    0.000000000   54.485496051   59.900685604   13.766074674
    1.999195325    0.000000000   64.295988721   41.846958154    9.995473023
    2.189594880    0.000000000   70.084778901   18.428680773    6.974859696
    2.379994435    0.000000000   71.252629482   -6.034879902    4.901868602
    2.570393989    0.000000000   67.950506657  -27.984120227    3.580298260
    2.760793544    0.000000000   60.955701600  -44.359960921    2.593424933
    2.951193099    0.000000000   51.578187542  -52.757638646    1.493081816

   -3.141592654    0.349065850   42.431648674  -54.089297161   -0.010782934
   -2.951193099    0.349065850   32.789636624  -46.170943784   -1.067029042
   -2.760793544    0.349065850   25.186954188  -33.290928918   -2.318824132
   -2.570393989    0.349065850   20.127660722  -20.275001326   -3.728834296
   -2.379994435    0.349065850   17.188755640  -11.616669711   -5.274666309
   -2.189594880    0.349065850   15.288689367   -9.414445977   -6.949911991
   -1.999195325    0.349065850   13.279620164  -12.208367589   -8.670469013
   -1.808795770    0.349065850   10.599868276  -15.582192221  -10.165252852
   -1.618396215    0.349065850    7.634229312  -14.463966583  -10.992277898
   -1.427996661    0.349065850    5.565544124   -5.963919650  -10.718132212
   -1.237597106    0.349065850    5.773261046    8.949299010   -9.170084855
   -1.047197551    0.349065850    9.099900750   25.846068578   -6.583970006
   -0.856797996    0.349065850   15.383131527   39.014170101   -3.530370483
   -0.666398442    0.349065850   23.439742631   43.876550520   -0.658978527
   -0.475998887    0.349065850   31.462128463   38.598866856    1.616828167
   -0.285599332    0.349065850   37.580943945   24.341152127    3.299368198
   -0.095199777    0.349065850   40.398492086    4.627553045    4.816289223
    0.095199777    0.349065850   39.345137266  -15.325692021    6.817005457
    0.285599332    0.349065850   34.919714794  -29.842139217    9.843066397
    0.475998887    0.349065850   28.653805269  -34.003487074   13.991323479
    0.666398442    0.349065850   22.803428263  -25.435882251   18.731447782
    0.856797996    0.349065850   19.711063301   -5.680244769   23.013444092
    1.047197551    0.349065850   21.030545303   19.772517975   25.665073943
    1.237597106    0.349065850   27.133843694   43.262536250   25.908199330
    1.427996661    0.349065850   36.969197595   58.158754811   23.694577741
    1.618396215    0.349065850   48.519792872   61.080194929   19.694924015
    1.808795770    0.349065850   59.496444540   52.487583963   14.952438275
    1.999195325    0.349065850   67.977647706   35.507921031   10.461255607
    2.189594880    0.349065850   72.733791177   13.988968486    6.851166962
    2.379994435    0.349065850   73.242466577   -8.582069673    4.315594641
    2.570393989    0.349065850   69.590706724  -29.241166997    2.698561651
    2.760793544    0.349065850   62.410216449  -45.199042795    1.666919262
    2.951193099    0.349065850   52.847312695  -53.970694033    0.856198962

   -3.141592654    0.698131701   43.286221732  -54.604857288   -0.740581390
   -2.951193099    0.698131701   33.513311755  -47.032078603   -0.727792868
   -2.760793544    0.698131701   25.700320667  -34.639158995   -0.707821777
   -2.570393989    0.698131701   20.333024909  -22.161535700   -0.829890677
   -2.379994435    0.698131701   16.983401468  -14.029961107   -1.220682613
   -2.189594880    0.698131701   14.584855498  -12.188358317   -1.941257949
   -1.999195325    0.698131701   12.045388029  -14.906170474   -2.915163363
   -1.808795770    0.698131701    8.912834147  -17.513304446   -3.890316074
   -1.618396215    0.698131701    5.709105840  -14.936642812   -4.512048841
   -1.427996661    0.698131701    3.720281595   -4.647091119   -4.487316130
   -1.237597106    0.698131701    4.332885272   11.782629056   -3.742588466
   -1.047197551    0.698131701    8.284097685   29.413700591   -2.461822349
   -0.856797996    0.698131701   15.241490268   42.384152271   -0.965300229
   -0.666398442    0.698131701   23.869693280   46.460431795    0.478747389
   -0.475998887    0.698131701   32.307000873   40.435191570    1.828118409
   -0.285599332    0.698131701   38.755126781   26.120784008    3.304554342
   -0.095199777    0.698131701   41.989535169    7.416804739    5.313723905
    0.095199777    0.698131701   41.643364295  -10.559538032    8.254920496
    0.285599332    0.698131701   38.348344969  -22.752994981   12.270729864
    0.475998887    0.698131701   33.610019861  -25.252166740   17.057345044
    0.666398442    0.698131701   29.459136253  -16.684782697   21.826049644
    0.856797996    0.698131701   27.862518704    0.912711391   25.509252823
    1.047197551    0.698131701   30.081166642   22.395190919   27.149507899
    1.237597106    0.698131701   36.239848820   41.228180646   26.296066272
    1.427996661    0.698131701   45.289246896   52.164941327   23.191755138
    1.618396215    0.698131701   55.452648426   52.831149887   18.638651533
    1.808795770    0.698131701   64.802049154   43.952450893   13.638043379
    1.999195325    0.698131701   71.757355231   28.206751712    9.038040235
    2.189594880    0.698131701   75.306335714    8.670378928    5.326308461
    2.379994435    0.698131701   74.997506492  -11.896526464    2.642284421
    2.570393989    0.698131701   70.872884263  -30.984719707    0.891655022
    2.760793544    0.698131701   63.460610844  -45.993075345   -0.115387112
    2.951193099    0.698131701   53.788315420  -54.403972082   -0.594038991

   -3.141592654    1.047197551   42.167610545  -54.534726070   -4.835712528
   -2.951193099    1.047197551   32.460038037  -46.444219137   -4.225761723
   -2.760793544    1.047197551   24.781460964  -33.863791412   -3.328685399
   -2.570393989    1.047197551   19.553903751  -21.515807907   -2.403248086
   -2.379994435    1.047197551   16.293251791  -13.769695234   -1.670560820
   -2.189594880    1.047197551   13.898072208  -12.410201734   -1.266518328
   -1.999195325    1.047197551   11.278972763  -15.478273816   -1.204596639
   -1.808795770    1.047197551    8.029090532  -18.110571088   -1.376932799
   -1.618396215    1.047197551    4.737949630  -15.209271794   -1.612372714
   -1.427996661    1.047197551    2.745171641   -4.412958825   -1.757521792
   -1.237597106    1.047197551    3.447844420   12.452995533   -1.726858988
   -1.047197551    1.047197551    7.552224109   30.309927386   -1.488442873
   -0.856797996    1.047197551   14.688762617   43.359960725   -0.994470936
   -0.666398442    1.047197551   23.518597710   47.654055421   -0.138736632
   -0.475998887    1.047197551   32.238183516   42.304181378    1.253543110
   -0.285599332    1.047197551   39.159101070   29.328433144    3.375188646
   -0.095199777    1.047197551   43.180771913   12.559323628    6.357719942
    0.095199777    1.047197551   44.015582126   -3.320441267   10.183229730
    0.285599332    1.047197551   42.260848179  -13.973714728   14.574563652
    0.475998887    1.047197551   39.239052306  -16.287942958   18.963293697
    0.666398442    1.047197551   36.667168083   -9.388920510   22.559927430
    0.856797996    1.047197551   36.159143518    4.812247260   24.579492790
    1.047197551    1.047197551   38.713970428   21.965358554   24.526815953
    1.237597106    1.047197551   44.388917325   36.716620533   22.393460814
    1.427996661    1.047197551   52.284222914   44.822508432   18.668301534
    1.618396215    1.047197551   60.912928083   44.326469565   14.118090851
    1.808795770    1.047197551   68.652658016   35.746756284    9.488302561
    1.999195325    1.047197551   74.148580897   21.171991183    5.297130635
    2.189594880    1.047197551   76.496989240    3.107189508    1.782539443
    2.379994435    1.047197551   75.266883114  -16.033174605   -0.997950760
    2.570393989    1.047197551   70.478672240  -33.838191287   -3.046852576
    2.760793544    1.047197551   62.633308058  -47.707970997   -4.355443195
    2.951193099    1.047197551   52.730182286  -55.125634947   -4.930831512

   -3.141592654    1.396263402   38.293236654  -54.389971354  -10.709969214
   -2.951193099    1.396263402   28.759832785  -44.804150928  -10.136168189
   -2.760793544    1.396263402   21.499731221  -31.205428889   -8.916387761
   -2.570393989    1.396263402   16.826218503  -18.460629679   -7.299785710
   -2.379994435    1.396263402   14.135692533  -10.926253130   -5.519238153
   -2.189594880    1.396263402   12.224543385  -10.225268200   -3.765288453
   -1.999195325    1.396263402    9.939703478  -14.168982620   -2.184119251
   -1.808795770    1.396263402    6.854314844  -17.679194896   -0.888504712
   -1.618396215    1.396263402    3.572377979  -15.515223641    0.039375539
   -1.427996661    1.396263402    1.469986939   -5.220062322    0.571095120
   -1.237597106    1.396263402    1.998191325   11.479524433    0.777271623
   -1.047197551    1.396263402    5.939117577   29.648755709    0.855130224
   -0.856797996    1.396263402   13.025940244   43.596919531    1.117920499
   -0.666398442    1.396263402   22.034836830   49.384234421    1.903667151
   -0.475998887    1.396263402   31.262004726   45.950489030    3.477098933
   -0.285599332    1.396263402   39.070632160   34.981604031    5.951458474
   -0.095199777    1.396263402   44.336105565   19.879891640    9.246548108
    0.095199777    1.396263402   46.661067810    4.837072972   13.091002014
    0.285599332    1.396263402   46.442985029   -6.222318198   17.002162267
    0.475998887    1.396263402   44.744342059  -10.383280151   20.341687182
    0.666398442    1.396263402   43.019651430   -6.560060990   22.432771096
    0.856797996    1.396263402   42.704575268    3.994642942   22.775060978
    1.047197551    1.396263402   44.775258504   17.827175476   21.236211380
    1.237597106    1.396263402   49.430205971   30.367909596   18.108227077
    1.427996661    1.396263402   56.017719173   37.655967059   14.002197990
    1.618396215    1.396263402   63.296680107   37.446536939    9.589962462
    1.808795770    1.396263402   69.798810952   29.653826362    5.364966878
    1.999195325    1.396263402   74.208065108   15.809399373    1.551271444
    2.189594880    1.396263402   75.583268561   -1.792766387   -1.836237280
    2.379994435    1.396263402   73.452342507  -20.587001232   -4.828219352
    2.570393989    1.396263402   67.843850905  -37.830894390   -7.372286033
    2.760793544    1.396263402   59.326229011  -50.686069398   -9.307297806
    2.951193099    1.396263402   48.988022726  -56.639057946  -10.452459337

   -3.141592654    1.745329252   32.378128826  -54.914686522  -16.064938282
   -2.951193099    1.745329252   22.940970809  -43.299877120  -15.889886555
   -2.760793544    1.745329252   16.131747930  -28.064292919  -14.716053920
   -2.570393989    1.745329252   12.165912031  -14.276865930  -12.723931540
   -2.379994435    1.745329252   10.319125045   -6.355188485  -10.127071077
   -2.189594880    1.745329252    9.265927313   -5.881386929   -7.148157152
   -1.999195325    1.745329252    7.744407852  -10.573637440   -4.025507092
   -1.808795770    1.745329252    5.240786150  -15.213842864   -1.031250108
   -1.618396215    1.745329252    2.306633306  -14.333664815    1.549675989
   -1.427996661    1.745329252    0.319565071   -5.134558654    3.491770769
   -1.237597106    1.745329252    0.804115366   11.045860945    4.730015172
   -1.047197551    1.745329252    4.682404414   29.574284106    5.416725586
   -0.856797996    1.745329252   11.862238568   44.774904386    5.897355732
   -0.666398442    1.745329252   21.266566555   52.415139133    6.575999947
   -0.475998887    1.745329252   31.258759346   50.919506863    7.761586466
   -0.285599332    1.745329252   40.166771970   41.436037651    9.554063643
   -0.095199777    1.745329252   46.736560935   26.959617236   11.789893060
    0.095199777    1.745329252   50.381232963   11.422512514   14.083703446
    0.285599332    1.745329252   51.277043877   -1.293416136   15.890277399
    0.475998887    1.745329252   50.280141171   -8.076061920   16.664840041
    0.666398442    1.745329252   48.702680232   -7.342915195   16.040249667
    0.856797996    1.745329252   47.955423539    0.346417960   14.000622358
    1.047197551    1.745329252   49.123318419   12.175960470   10.911252300
    1.237597106    1.745329252   52.606162090   23.903134837    7.372788395
    1.427996661    1.745329252   57.969789319   31.394896263    3.981079531
    1.618396215    1.745329252   64.119586373   31.871268862    1.079740197
    1.808795770    1.745329252   69.621185173   24.664012476   -1.334991484
    1.999195325    1.745329252   73.101527229   10.963528123   -3.520218969
    2.189594880    1.745329252   73.534659563   -6.878440075   -5.787685820
    2.379994435    1.745329252   70.407233699  -25.925958860   -8.292745040
    2.570393989    1.745329252   63.789789602  -42.976706483  -10.927771028
    2.760793544    1.745329252   54.367645643  -54.902231240  -13.359321623
    2.951193099    1.745329252   43.371988536  -59.212051333  -15.179324803

   -3.141592654    2.094395102   25.852536437  -56.423215084  -17.477213692
   -2.951193099    2.094395102   16.321830231  -42.775437561  -17.403229106
   -2.760793544    2.094395102    9.798463048  -25.637597167  -16.126830892
   -2.570393989    2.094395102    6.452225980  -10.258889537  -13.777980925
   -2.379994435    2.094395102    5.491408296   -1.138576669  -10.569057525
   -2.189594880    2.094395102    5.510721743    0.085409292   -6.752290529
   -1.999195325    2.094395102    5.155019985   -4.395269385   -2.611927828
   -1.808795770    2.094395102    3.799498259   -9.438440119    1.515430166
   -1.618396215    2.094395102    1.880722648   -9.528302141    5.252334496
   -1.427996661    2.094395102    0.689061469   -1.612721977    8.251217687
   -1.237597106    2.094395102    1.727086664   13.378424218   10.311919819
   -1.047197551    2.094395102    5.974316262   31.217214393   11.466582320
   -0.856797996    2.094395102   13.455673862   46.404599665   11.976392217
   -0.666398442    2.094395102   23.216108270   54.583575919   12.206507143
   -0.475998887    2.094395102   33.690131702   53.797381297   12.460548421
   -0.285599332    2.094395102   43.193737939   44.711949055   12.845341165
   -0.095199777    2.094395102   50.370878464   29.917219106   13.206864421
    0.095199777    2.094395102   54.473729199   13.114444562   13.190811684
    0.285599332    2.094395102   55.500962903   -1.722551179   12.357820504
    0.475998887    2.094395102   54.182940427  -11.043211283   10.403325051
    0.666398442    2.094395102   51.815952740  -12.552490800    7.341549422
    0.856797996    2.094395102   49.936098824   -6.118036901    3.594960278
    1.047197551    2.094395102   49.858675851    5.786512013   -0.135201574
    1.237597106    2.094395102   52.227357225   18.738980169   -3.160293715
    1.427996661    2.094395102   56.769746852   27.949042004   -5.096473743
    1.618396215    2.094395102   62.407874526   29.833971700   -6.024494852
    1.808795770    2.094395102   67.588440860   23.165202046   -6.411680601
    1.999195325    2.094395102   70.754066713    9.012919432   -6.871064589
    2.189594880    2.094395102   70.716286535   -9.933275293   -7.891577290
    2.379994435    2.094395102   66.892005387  -30.138640618   -9.651100831
    2.570393989    2.094395102   59.400980987  -47.802290469  -11.968811332
    2.760793544    2.094395102   49.071797514  -59.435689288  -14.396301188
    2.951193099    2.094395102   37.313761606  -62.541284129  -16.388142664

   -3.141592654    2.443460953   19.898004434  -58.246926707  -11.318452582
   -2.951193099    2.443460953   10.210492053  -42.561115837  -10.683183009
   -2.760793544    2.443460953    3.938971370  -23.218158320   -9.099877852
   -2.570393989    2.443460953    1.257057629   -5.741512096   -6.696483252
   -2.379994435    2.443460953    1.332344034    5.157456234   -3.642901164
   -2.189594880    2.443460953    2.682039062    7.665311198   -0.085435520
   -1.999195325    2.443460953    3.840511337    3.802096648    3.848163750
   -1.808795770    2.443460953    4.041280091   -1.431449750    7.967612564
   -1.618396215    2.443460953    3.563131144   -2.534620677   11.952024054
   -1.427996661    2.443460953    3.554819309    3.743089767   15.366722334
   -1.237597106    2.443460953    5.435018209   16.862056440   17.792484208
   -1.047197551    2.443460953   10.181568882   33.042622294   18.990289378
   -0.856797996    2.443460953   17.892371865   47.077511275   18.998743738
   -0.666398442    2.443460953   27.714898848   54.627804166   18.090831975
   -0.475998887    2.443460953   38.162333659   53.482294399   16.619166064
   -0.285599332    2.443460953   47.565864200   43.908225060   14.832819626
   -0.095199777    2.443460953   54.506667486   28.135339779   12.748225447
    0.095199777    2.443460953   58.124387052    9.692354873   10.170390689
    0.285599332    2.443460953   58.304638330   -7.234476171    6.832054210
    0.475998887    2.443460953   55.744009803  -18.498804974    2.653114856
    0.666398442    2.443460953   51.841156631  -21.000633333   -2.067841614
    0.856797996    2.443460953   48.377217740  -14.014113391   -6.632642658
    1.047197551    2.443460953   46.975173641    0.001235742  -10.189468949
    1.237597106    2.443460953   48.522189979   15.967345433  -12.110707610
    1.427996661    2.443460953   52.819617663   28.038618992  -12.277986411
    1.618396215    2.443460953   58.664921385   31.691013993  -11.136221222
    1.808795770    2.443460953   64.246606506   25.275054326   -9.466751542
    1.999195325    2.443460953   67.727457140   10.039717257   -8.060702642
    2.189594880    2.443460953   67.717799414  -10.721682066   -7.443199807
    2.379994435    2.443460953   63.564136436  -32.746949375   -7.752905353
    2.570393989    2.443460953   55.446922917  -51.629777833   -8.766713088
    2.760793544    2.443460953   44.346710906  -63.532691835  -10.030639220
    2.951193099    2.443460953   31.862913961  -65.905828521  -11.024619267

   -3.141592654    2.792526803   17.401902567  -57.892251839    0.050932077
   -2.951193099    2.792526803    7.899012140  -40.981638099    1.564187562
   -2.760793544    2.792526803    2.046408092  -20.427304031    3.451466441
   -2.570393989    2.792526803    0.000000000   -1.888075386    5.620034581
   -2.379994435    2.792526803    0.898084037    9.924615020    8.029750433
   -2.189594880    2.792526803    3.234708773   13.250052194   10.741043722
   -1.999195325    2.792526803    5.525458355   10.076107287   13.852202260
   -1.808795770    2.792526803    6.963359527    5.211500680   17.336013245
   -1.618396215    2.792526803    7.739589698    3.873833276   20.900317908
   -1.427996661    2.792526803    8.866513670    9.122443088   23.990125345
   -1.237597106    2.792526803   11.612785460   20.480673669   25.970370442
   -1.047197551    2.792526803   16.845612889   34.503304003   26.390269364
   -0.856797996    2.792526803   24.629735507   46.425421559   25.165629673
   -0.666398442    2.792526803   34.154509086   52.221279036   22.576895294
   -0.475998887    2.792526803   44.009597511   49.719275300   19.093688507
   -0.285599332    2.792526803   52.584396813   38.965798921   15.137592375
   -0.095199777    2.792526803   58.463892006   21.895071736   10.904297175
    0.095199777    2.792526803   60.750066019    1.917041376    6.361766061
    0.285599332    2.792526803   59.303389631  -16.494432543    1.402159334
    0.475998887    2.792526803   54.888189954  -28.540873201   -3.891109908
    0.666398442    2.792526803   49.106238944  -30.408296415   -9.072402908
    0.856797996    2.792526803   44.046699253  -21.078131096  -13.372932262
    1.047197551    2.792526803   41.631056123   -3.426272799  -16.003532297
    1.237597106    2.792526803   42.902049762   16.455067394  -16.536220658
    1.427996661    2.792526803   47.603025391   31.571985458  -15.123212123
    1.618396215    2.792526803   54.286286454   36.678020015  -12.435923529
    1.808795770    2.792526803   60.821661998   30.066563080   -9.341884927
    1.999195325    2.792526803   65.098487174   13.481154057   -6.572776586
    2.189594880    2.792526803   65.574884154   -9.068509975   -4.514608836
    2.379994435    2.792526803   61.577139768  -32.681696224   -3.196867692
    2.570393989    2.792526803   53.367144021  -52.546038327   -2.396228436
    2.760793544    2.792526803   42.059665628  -64.664642685   -1.783336721
    2.951193099    2.792526803   29.397841940  -66.544871843   -1.040867118
