#! FIELDS phi psi file.free der_phi der_psi
#! SET min_phi -pi
#! SET max_phi pi
#! SET nbins_phi  33
#! SET periodic_phi true
#! SET min_psi -pi
#! SET max_psi pi
#! SET nbins_psi  18
#! SET periodic_psi true
   -3.141592654   -3.141592654   17.515456216  -53.232676741   17.405529603
   -2.951193099   -3.141592654    9.097975262  -34.611453114   19.740082424
   -2.760793544   -3.141592654    4.465601117  -14.345923937   21.260257937
   -2.570393989   -3.141592654    3.425526979    2.396226154   22.107259323
   -2.379994435   -3.141592654    4.937496667   12.125258484   22.635118194
   -2.189594880   -3.141592654    7.565150330   14.323880650   23.358158803
   -1.999195325   -3.141592654   10.080905334   11.606145225   24.779280430
   -1.808795770   -3.141592654   11.967036824    8.522574578   27.137207303
   -1.618396215   -3.141592654   13.581746445    9.304447924   30.204330654
   -1.427996661   -3.141592654   15.894462473   15.911168169   33.293484635
   -1.237597106   -3.141592654   19.956757185   27.228189239   35.489605568
   -1.047197551   -3.141592654   26.364033290   39.880266711   36.000162892
   -0.856797996   -3.141592654   34.978325570   49.667463411   34.414304793
   -0.666398442   -3.141592654   44.900543900   53.132220192   30.772479327
   -0.475998887   -3.141592654   54.706391435   48.250576147   25.446046277
   -0.285599332   -3.141592654   62.754089593   34.784605707   18.968347182
   -0.095199777   -3.141592654   67.528285076   14.324380538   11.884230673
    0.095199777   -3.141592654   68.004178833   -9.601947496    4.698575038
    0.285599332   -3.141592654   64.006654277  -31.640421912   -2.109225675
    0.475998887   -3.141592654   56.487077216  -45.637343198   -8.038210253
    0.666398442   -3.141592654   47.488580770  -46.575785064  -12.576022313
    0.856797996   -3.141592654   39.700186191  -33.081461611  -15.302643907
    1.047197551   -3.141592654   35.600553700   -8.843786633  -16.059613541
    1.237597106   -3.141592654   36.537381964   18.285314062  -15.062836375
    1.427996661   -3.141592654   42.180815335   39.226275200  -12.831935020
    1.618396215   -3.141592654   50.644863686   47.129896506   -9.972212801
    1.808795770   -3.141592654   59.154308395   39.756638490   -6.906619205
    1.999195325   -3.141592654   64.972893767   19.628064271   -3.771608632
    2.189594880   -3.141592654   66.185808497   -7.483959190   -0.486640830
    2.379994435   -3.141592654   62.121254507  -34.661926032    3.056152958
    2.570393989   -3.141592654   53.382484023  -55.673961091    6.845356912
    2.760793544   -3.141592654   41.588315862  -66.298356165   10.697797133
    2.951193099   -3.141592654   28.905205009  -65.030724712   14.318350424

   -3.141592654   -2.792526803   25.205528639  -49.181726054   25.658826524
   -2.951193099   -2.792526803   17.388798510  -32.365064155   27.660668609
   -2.760793544   -2.792526803   13.025808764  -13.699630771   28.576518196
   -2.570393989   -2.792526803   11.998923906    2.017635790   28.672345377
   -2.379994435   -2.792526803   13.413718389   11.661768922   28.412474668
   -2.189594880   -2.792526803   16.033998866   14.888433416   28.381559451
   -1.999195325   -2.792526803   18.828899185   14.073594280   29.096016148
   -1.808795770   -2.792526803   21.384706213   13.032149818   30.746168227
   -1.618396215   -2.792526803   23.990890665   14.987263914   33.005995932
   -1.427996661   -2.792526803   27.364576383   21.049579237   35.074224447
   -1.237597106   -2.792526803   32.192762787   29.834791741   35.950952888
   -1.047197551   -2.792526803   38.723354472   38.387343442   34.834689954
   -0.856797996   -2.792526803   46.602912793   43.438251610   31.406746108
   -0.666398442   -2.792526803   54.910897081   42.557356735   25.907008964
   -0.475998887   -2.792526803   62.380282469   34.546801305   18.976830937
   -0.285599332   -2.792526803   67.648422628   19.591438071   11.429834640
   -0.095199777   -2.792526803   69.521511994   -0.679467031    4.030070563
    0.095199777   -2.792526803   67.275247672  -22.974910896   -2.621197618
    0.285599332   -2.792526803   60.976451866  -42.287534491   -8.098255554
    0.475998887   -2.792526803   51.749831024  -52.826846421  -12.111717837
    0.666398442   -2.792526803   41.741822213  -49.957718032  -14.480039734
    0.856797996   -2.792526803   33.665417026  -32.770658231  -15.163165821
    1.047197551   -2.792526803   29.928723133   -5.469277583  -14.313305000
    1.237597106   -2.792526803   31.717555191   23.693150084  -12.284858811
    1.427996661   -2.792526803   38.494507675   45.571540848   -9.525849898
    1.618396215   -2.792526803   48.190939085   53.658794982   -6.407680404
    1.808795770   -2.792526803   57.938999850   46.251197342   -3.074991001
    1.999195325   -2.792526803   65.004016731   26.279299241    0.541032215
    2.189594880   -2.792526803   67.520074272   -0.423985655    4.583831775
    2.379994435   -2.792526803   64.842167438  -27.195269898    9.079019585
    2.570393989   -2.792526803   57.537894737  -48.170432982   13.836857512
    2.760793544   -2.792526803   47.129019703  -59.376375247   18.471597821
    2.951193099   -2.792526803   35.659045826  -59.320870961   22.534063093

   -3.141592654   -2.443460953   34.007054181  -45.093556358   23.355403190
   -2.951193099   -2.443460953   26.786197786  -30.188372806   24.978688351
   -2.760793544   -2.443460953   22.675194279  -13.155716412   25.687487332
   -2.570393989   -2.443460953   21.639700528    1.507361251   25.717082027
   -2.379994435   -2.443460953   22.922347438   10.938490856   25.424341601
   -2.189594880   -2.443460953   25.458347334   14.866416560   25.227021274
   -1.999195325   -2.443460953   28.368894357   15.365197236   25.457255013
   -1.808795770   -2.443460953   31.293141525   15.515173177   26.167773954
   -1.618396215   -2.443460953   34.410024364   17.633278715   27.006714710
   -1.427996661   -2.443460953   38.171436894   22.182561627   27.293178875
   -1.237597106   -2.443460953   42.933296081   27.783525072   26.272436837
   -1.047197551   -2.443460953   48.683396092   32.176636446   23.444091766
   -0.856797996   -2.443460953   54.985272566   33.209343802   18.765999153
   -0.666398442   -2.443460953   61.048614774   29.479539418   12.678096578
   -0.475998887   -2.443460953   65.894775933   20.400568841    5.921258328
   -0.285599332   -2.443460953   68.512645860    6.194382056   -0.690511907
   -0.095199777   -2.443460953   68.022310187  -11.909748313   -6.482771633
    0.095199777   -2.443460953   63.912986025  -31.225845381  -11.031353057
    0.285599332   -2.443460953   56.349754987  -47.316458321  -14.160686419
    0.475998887   -2.443460953   46.460719646  -54.799694654  -15.886518644
    0.666398442   -2.443460953   36.335519621  -49.290719015  -16.330990786
    0.856797996   -2.443460953   28.592373425  -30.023441151  -15.679287811
    1.047197551   -2.443460953   25.524114829   -1.289152957  -14.150304844
    1.237597106   -2.443460953   28.191952384   28.665286473  -11.979404293
    1.427996661   -2.443460953   35.951165909   50.867882413   -9.374999720
    1.618396215   -2.443460953   46.672621043   59.140683341   -6.465573329
    1.808795770   -2.443460953   57.495071018   52.101384465   -3.257271469
    1.999195325   -2.443460953   65.735149737   32.818458793    0.318512127
    2.189594880   -2.443460953   69.578131166    6.964009345    4.312161514
    2.379994435   -2.443460953   68.375808993  -19.162079272    8.644266567
    2.570393989   -2.443460953   62.618953246  -40.083476786   13.070744868
    2.760793544   -2.443460953   53.694555495  -52.015169038   17.225315169
    2.951193099   -2.443460953   43.500945507  -53.386157537   20.740025540

   -3.141592654   -2.094395102   40.632576770  -41.383055813   13.676274174
   -2.951193099   -2.094395102   33.995602839  -27.772913936   14.748037363
   -2.760793544   -2.094395102   30.226766730  -11.952347456   15.321183751
   -2.570393989   -2.094395102   29.320285311    1.710934150   15.483276636
   -2.379994435   -2.094395102   30.575823755   10.524392281   15.335689846
   -2.189594880   -2.094395102   33.010981214   14.291297145   14.993756457
   -1.999195325   -2.094395102   35.820678820   14.895278680   14.536163464
   -1.808795770   -2.094395102   38.652669064   14.931398657   13.914752309
   -1.618396215   -2.094395102   41.589972103   16.170354022   12.903980303
   -1.427996661   -2.094395102   44.905383789   18.796058837   11.169029718
   -1.237597106   -2.094395102   48.769618391   21.668787683    8.423454672
   -1.047197551   -2.094395102   53.079173686   23.221611205    4.607893778
   -0.856797996   -2.094395102   57.459206303   22.181561757   -0.036776344
   -0.666398442   -2.094395102   61.333617640   17.787250533   -5.006095173
   -0.475998887   -2.094395102   64.017806156    9.650887079   -9.700385908
   -0.285599332   -2.094395102   64.784372414   -2.315590453  -13.591687800
   -0.095199777   -2.094395102   62.945618090  -17.503188354  -16.357488781
    0.095199777   -2.094395102   58.054102647  -33.892520533  -17.933065802
    0.285599332   -2.094395102   50.225329941  -47.547416993  -18.458854244
    0.475998887   -2.094395102   40.467250575  -53.305008295  -18.197763732
    0.666398442   -2.094395102   30.734769787  -46.751301283  -17.412509647
    0.856797996   -2.094395102   23.533142755  -26.925969461  -16.291382019
    1.047197551   -2.094395102   21.085684833    2.121363154  -14.900880701
    1.237597106   -2.094395102   24.426472227   32.337704589  -13.211491116
    1.427996661   -2.094395102   32.916296278   54.887603685  -11.160949246
    1.618396215   -2.094395102   44.449376260   63.671092311   -8.713969614
    1.808795770   -2.094395102   56.196682292   57.297264655   -5.884319542
    1.999195325   -2.094395102   65.496791311   38.745983559   -2.746933308
    2.189594880   -2.094395102   70.531976053   13.510412351    0.576487940
    2.379994435   -2.094395102   70.612300266  -12.314200483    3.912886291
    2.570393989   -2.094395102   66.151922139  -33.410360257    7.060451143
    2.760793544   -2.094395102   58.442679282  -46.010268922    9.817365273
    2.951193099   -2.094395102   49.298371739  -48.428048635   12.041022414

   -3.141592654   -1.745329252   42.660087804  -39.725300275    4.656780886
   -2.951193099   -1.745329252   36.297386761  -26.550152414    5.133211680
   -2.760793544   -1.745329252   32.721786694  -11.154179322    5.441594413
   -2.570393989   -1.745329252   31.920210859    1.994250423    5.564066712
   -2.379994435   -1.745329252   33.170882930   10.164135253    5.415663493
   -2.189594880   -1.745329252   35.464134606   13.130625882    4.879531921
   -1.999195325   -1.745329252   37.958609294   12.698125252    3.828545587
   -1.808795770   -1.745329252   40.246894374   11.354459785    2.134841168
   -1.618396215   -1.745329252   42.343920262   10.877831308   -0.295419885
   -1.427996661   -1.745329252   44.476915938   11.688810544   -3.447727858
   -1.237597106   -1.745329252   46.839962811   13.123538198   -7.143744992
   -1.047197551   -1.745329252   49.453057516   14.136186332  -11.035586449
   -0.856797996   -1.745329252   52.149181795   13.800956317  -14.687277613
   -0.666398442   -1.745329252   54.592595749   11.314288634  -17.670974848
   -0.475998887   -1.745329252   56.294282287    5.895342200  -19.687345842
   -0.285599332   -1.745329252   56.623342135   -3.169498348  -20.623079027
   -0.095199777   -1.745329252   54.867840759  -15.892554714  -20.566870528
    0.095199777   -1.745329252   50.451465776  -30.676327961  -19.788417775
    0.285599332   -1.745329252   43.307305071  -43.737998519  -18.643715490
    0.475998887   -1.745329252   34.259093487  -49.767267478  -17.481662700
    0.666398442   -1.745329252   25.131117369  -43.979247839  -16.518268121
    0.856797996   -1.745329252   18.380385636  -24.921475690  -15.775908656
    1.047197551   -1.745329252   16.272583930    3.777791607  -15.076225008
    1.237597106   -1.745329252   19.943190770   34.236466391  -14.133148126
    1.427996661   -1.745329252   28.859441866   57.512280004  -12.704448622
    1.618396215   -1.745329252   40.979173678   67.194677236  -10.706522491
    1.808795770   -1.745329252   53.473157120   61.552668119   -8.239931348
    1.999195325   -1.745329252   63.625586504   43.363177151   -5.543071498
    2.189594880   -1.745329252   69.541756912   18.068348215   -2.887043558
    2.379994435   -1.745329252   70.457036456   -8.157865407   -0.507017580
    2.570393989   -1.745329252   66.731895998  -29.878476509    1.447771516
    2.760793544   -1.745329252   59.629150702  -43.177011906    2.921534585
    2.951193099   -1.745329252   50.961477413  -46.242057154    3.956740334

   -3.141592654   -1.396263402   40.792689866  -40.153755955    2.562460112
   -2.951193099   -1.396263402   34.356962689  -26.872299722    2.432730050
   -2.760793544   -1.396263402   30.738135823  -11.295188687    2.153633731
   -2.570393989   -1.396263402   29.918819788    1.908268716    1.696817679
   -2.379994435   -1.396263402   31.135221017    9.815906298    0.920649795
   -2.189594880   -1.396263402   33.298925594   12.022542638   -0.392925594
   -1.999195325   -1.396263402   35.462669368   10.236279235   -2.469901103
   -1.808795770   -1.396263402   37.113933610    7.071911923   -5.447464584
   -1.618396215   -1.396263402   38.215561775    4.748586211   -9.266792658
   -1.427996661   -1.396263402   39.049104042    4.325305068  -13.599031790
   -1.237597106   -1.396263402   39.983450429    5.712347021  -17.879193094
   -1.047197551   -1.396263402   41.292729630    8.075403780  -21.446117109
   -0.856797996   -1.396263402   43.059799670   10.256893868  -23.751681574
   -0.666398442   -1.396263402   45.118348665   10.847380424  -24.510928609
   -0.475998887   -1.396263402   47.018264818    8.364453021  -23.775602684
   -0.285599332   -1.396263402   48.040650095    1.483089941  -21.883311876
   -0.095199777   -1.396263402   47.291185639  -10.193989786  -19.339610815
    0.095199777   -1.396263402   43.961418023  -25.163376717  -16.692905357
    0.285599332   -1.396263402   37.761912236  -39.479841673  -14.385777934
    0.475998887   -1.396263402   29.349411410  -47.397527049  -12.680818429
    0.666398442   -1.396263402   20.485628474  -43.521272050  -11.607750529
    0.856797996   -1.396263402   13.685728292  -25.753614084  -10.996104341
    1.047197551   -1.396263402   11.379442833    2.705050944  -10.541531985
    1.237597106   -1.396263402   14.909657527   33.970269827   -9.918180400
    1.427996661   -1.396263402   23.908841095   58.686419107   -8.902069693
    1.618396215   -1.396263402   36.395637159   69.812002246   -7.429833821
    1.808795770   -1.396263402   49.485395146   65.058471173   -5.599191193
    1.999195325   -1.396263402   60.328474074   46.973501084   -3.612568349
    2.189594880   -1.396263402   66.885519886   21.086611161   -1.692250030
    2.379994435   -1.396263402   68.285996993   -6.120641453   -0.031087199
    2.570393989   -1.396263402   64.848933460  -28.877948037    1.241910941
    2.760793544   -1.396263402   57.853344553  -42.999268302    2.069133146
    2.951193099   -1.396263402   49.168177560  -46.541833708    2.479263326

   -3.141592654   -1.047197551   38.414512417  -42.395719376    3.756553938
   -2.951193099   -1.047197551   31.561073191  -28.971527295    2.653521687
   -2.760793544   -1.047197551   27.576822507  -13.024768893    1.298422574
   -2.570393989   -1.047197551   26.459324022    0.456601758   -0.237299809
   -2.379994435   -1.047197551   27.393312619    8.196767696   -2.020132476
   -2.189594880   -1.047197551   29.178837230    9.545638299   -4.243182251
   -1.999195325   -1.047197551   30.735716387    6.255498459   -7.133954995
   -1.808795770   -1.047197551   31.463528449    1.370301983  -10.790423492
   -1.618396215   -1.047197551   31.350684523   -2.153751819  -15.016872792
   -1.427996661   -1.047197551   30.850116008   -2.531546817  -19.266930765
   -1.237597106   -1.047197551   30.610552497    0.509645814  -22.767893681
   -1.047197551   -1.047197551   31.200498445    5.898034055  -24.786172945
   -0.856797996   -1.047197551   32.899578638   11.747472467  -24.907895445
   -0.666398442   -1.047197551   35.573838407   15.693231007  -23.179861185
   -0.475998887   -1.047197551   38.633122963   15.456748189  -20.075023371
   -0.285599332   -1.047197551   41.099556222    9.292043013  -16.311678094
   -0.095199777   -1.047197551   41.783416722   -3.189672262  -12.612293262
    0.095199777   -1.047197551   39.617444113  -20.086779971   -9.512893196
    0.285599332   -1.047197551   34.154571647  -36.849460978   -7.227373878
    0.475998887   -1.047197551   26.017457230  -47.049592448   -5.680422805
    0.666398442   -1.047197551   17.057889287  -44.721583690   -4.615444134
    0.856797996   -1.047197551    9.967191188  -27.434283202   -3.764912837
    1.047197551   -1.047197551    7.382939671    1.608629512   -2.955590007
    1.237597106   -1.047197551   10.822594400   34.170867031   -2.122010305
    1.427996661   -1.047197551   20.003557085   60.361061078   -1.266132838
    1.618396215   -1.047197551   32.925598210   72.603709505   -0.381424617
    1.808795770   -1.047197551   46.600037624   68.272589519    0.558247284
    1.999195325   -1.047197551   58.036472712   49.875638843    1.572676901
    2.189594880   -1.047197551   65.070100794   23.115886382    2.629571500
    2.379994435   -1.047197551   66.749028212   -5.248660626    3.615586216
    2.570393989   -1.047197551   63.363523516  -29.194713326    4.356228096
    2.760793544   -1.047197551   56.207170603  -44.321517062    4.673525659
    2.951193099   -1.047197551   47.200185864  -48.535491666    4.469206525

   -3.141592654   -0.698131701   38.167186113  -45.707392385    3.817980081
   -2.951193099   -0.698131701   30.652762341  -32.529685582    1.523818191
   -2.760793544   -0.698131701   25.994992419  -16.504693669   -1.049340458
   -2.570393989   -0.698131701   24.226205875   -2.936137019   -3.693908960
   -2.379994435   -0.698131701   24.497718831    4.546768846   -6.360488901
   -2.189594880   -0.698131701   25.521237761    5.102907297   -9.185602707
   -1.999195325   -0.698131701   26.123998951    0.651803405  -12.379203155
   -1.808795770   -0.698131701   25.683836187   -5.198070645  -15.992219897
   -1.618396215   -0.698131701   24.298417407   -8.733249618  -19.711737705
   -1.427996661   -0.698131701   22.661113901   -7.616701068  -22.843996669
   -1.237597106   -0.698131701   21.716828288   -1.588580651  -24.547770544
   -1.047197551   -0.698131701   22.265082980    7.617001471  -24.212171541
   -0.856797996   -0.698131701   24.647355579   17.074247257  -21.759322415
   -0.666398442   -0.698131701   28.591132253   23.435902678  -17.702342247
   -0.475998887   -0.698131701   33.218158082   23.871353258  -12.941437234
   -0.285599332   -0.698131701   37.211728750   16.667481232   -8.427859793
   -0.095199777   -0.698131701   39.102971539    1.976447492   -4.827837708
    0.095199777   -0.698131701   37.679201177  -17.435951165   -2.351152612
    0.285599332   -0.698131701   32.517422172  -36.194834890   -0.742539157
    0.475998887   -0.698131701   24.396065548  -47.344340167    0.497581141
    0.666398442   -0.698131701   15.378592139  -44.885682046    1.826330121
    0.856797996   -0.698131701    8.329865901  -26.785177438    3.413505033
    1.047197551   -0.698131701    5.962026514    3.191310770    5.093538979
    1.237597106   -0.698131701    9.769766182   36.361496231    6.531954761
    1.427996661   -0.698131701   19.390610311   62.711885187    7.450225083
    1.618396215   -0.698131701   32.748865800   74.790745918    7.806082332
    1.808795770   -0.698131701   46.812091418   70.157408268    7.774638455
    1.999195325   -0.698131701   58.575016993   51.411741001    7.619033332
    2.189594880   -0.698131701   65.860446791   24.201501911    7.517687939
    2.379994435   -0.698131701   67.686422484   -4.830437046    7.469504391
    2.570393989   -0.698131701   64.295469950  -29.709837438    7.296792385
    2.760793544   -0.698131701   56.937492308  -45.928676161    6.741383308
    2.951193099   -0.698131701   47.524627597  -51.160444792    5.600422120

   -3.141592654   -0.349065850   38.927494585  -50.491049719    3.341808982
   -2.951193099   -0.349065850   30.432227411  -37.953651492    0.244652236
   -2.760793544   -0.349065850   24.719891961  -22.076968589   -2.995547840
   -2.570393989   -0.349065850   21.900355099   -8.383097026   -6.124479237
   -2.379994435   -0.349065850   21.142805811   -0.855921447   -9.054781512
   -2.189594880   -0.349065850   21.117659541   -0.559915611  -11.892973309
   -1.999195325   -0.349065850   20.603412284   -5.397366181  -14.800789417
   -1.808795770   -0.349065850   19.006086077  -11.157586237  -17.740230098
   -1.618396215   -0.349065850   16.583939694  -13.414873565  -20.294857255
   -1.427996661   -0.349065850   14.297581396   -9.500808473  -21.737483235
   -1.237597106   -0.349065850   13.356582270    0.451859978  -21.354048070
   -1.047197551   -0.349065850   14.683905673   13.673499624  -18.851893800
   -0.856797996   -0.349065850   18.521171655   26.019532302  -14.584779320
   -0.666398442   -0.349065850   24.290490785   33.301537699   -9.457805400
   -0.475998887   -0.349065850   30.714840785   32.559315594   -4.556561038
   -0.285599332   -0.349065850   36.125043503   22.690627969   -0.729018518
   -0.095199777   -0.349065850   38.867694795    4.913927369    1.730438083
    0.095199777   -0.349065850   37.759662164  -16.858247927    3.129216510
    0.285599332   -0.349065850   32.597021629  -36.508059215    4.194112335
    0.475998887   -0.349065850   24.457252756  -47.003014432    5.679144566
    0.666398442   -0.349065850   15.648819672  -42.969431803    7.977166246
    0.856797996   -0.349065850    9.119949513  -23.359760658   10.908628799
    1.047197551   -0.349065850    7.483338722    7.239731949   13.820136585
    1.237597106   -0.349065850   12.030082622   39.882520365   15.957307056
    1.427996661   -0.349065850   22.204383411   64.925966699   16.842179515
    1.618396215   -0.349065850   35.845559520   75.582460198   16.485631918
    1.808795770   -0.349065850   49.954782588   69.949702037   15.285152182
    1.999195325   -0.349065850   61.628572131   50.770920578   13.767307728
    2.189594880   -0.349065850   68.779107152   23.454494341   12.308894503
    2.379994435   -0.349065850   70.449317478   -5.760908280   11.008625050
    2.570393989   -0.349065850   66.834496171  -31.206170120    9.704684347
    2.760793544   -0.349065850   59.102030239  -48.424213287    8.117222698
    2.951193099   -0.349065850   49.099382830  -54.872540295    6.016693757

   -3.141592654    0.000000000   40.124509297  -55.979444491    2.280190412
   -2.951193099    0.000000000   30.535461416  -43.847335964   -0.692564742
   -2.760793544    0.000000000   23.702784132  -27.860891707   -3.599641933
   -2.570393989    0.000000000   19.821431701  -13.718796184   -6.286068735
   -2.379994435    0.000000000   18.093241502   -5.736271934   -8.732103629
   -2.189594880    0.000000000   17.166683212   -5.175776314  -11.042926097
   -1.999195325    0.000000000   15.794591088   -9.748071167  -13.297853861
   -1.808795770    0.000000000   13.432861626  -14.682351915  -15.335086635
   -1.618396215    0.000000000   10.503787161  -14.995545470  -16.664140762
   -1.427996661    0.000000000    8.198100460   -7.952892975  -16.632918694
   -1.237597106    0.000000000    7.897862841    5.632866596  -14.785040699
   -1.047197551    0.000000000   10.514229095   21.817518389  -11.199320201
   -0.856797996    0.000000000   16.051100298   35.368058738   -6.558380197
   -0.666398442    0.000000000   23.541919855   41.684797241   -1.897610307
   -0.475998887    0.000000000   31.327175275   38.256018310    1.849853756
   -0.285599332    0.000000000   37.509390517   25.111934238    4.227330885
   -0.095199777    0.000000000   40.450299901    4.787638717    5.431196676
    0.095199777    0.000000000   39.208528153  -17.803185338    6.181503709
    0.285599332    0.000000000   33.947355860  -36.295066327    7.382758312
    0.475998887    0.000000000   26.075063849  -44.276360755    9.687125795
    0.666398442    0.000000000   18.045224552  -37.631043715   13.159741251
    0.856797996    0.000000000   12.696131157  -16.616108586   17.211369141
    1.047197551    0.000000000   12.328498295   13.486337579   20.849283264
    1.237597106    0.000000000   17.878405484   43.951438370   23.149058158
    1.427996661    0.000000000   28.552994522   66.095389796   23.645411434
    1.618396215    0.000000000   42.162786534   74.226131363   22.478018924
    1.808795770    0.000000000   55.853701189   67.116457457   20.208483617
    1.999195325    0.000000000   66.934575526   47.530099895   17.502372968
    2.189594880    0.000000000   73.481698530   20.414452044   14.836147366
    2.379994435    0.000000000   74.596799233   -8.593779374   12.388564403
    2.570393989    0.000000000   70.432146582  -34.233027215   10.077061305
    2.760793544    0.000000000   62.065095649  -52.132858999    7.708057923
    2.951193099    0.000000000   51.267865596  -59.527878288    5.120290903

   -3.141592654    0.349065850   41.999764003  -60.543280401    1.996603647
   -2.951193099    0.349065850   31.523213552  -48.534609669    0.093394088
   -2.760793544    0.349065850   23.807668137  -32.392532282   -1.579220643
   -2.570393989    0.349065850   19.092622611  -17.926357746   -3.061429241
   -2.379994435    0.349065850   16.592685736   -9.641588506   -4.463529349
   -2.189594880    0.349065850   14.945137225   -8.835271470   -5.911453341
   -1.999195325    0.349065850   12.912368781  -12.949241979   -7.413873857
   -1.808795770    0.349065850   10.033775149  -16.755568099   -8.733345991
   -1.618396215    0.349065850    6.891564159  -15.000720820   -9.404549020
   -1.427996661    0.349065850    4.840945340   -5.203323547   -8.949848705
   -1.237597106    0.349065850    5.323728443   11.000237490   -7.176361576
   -1.047197551    0.349065850    9.128408468   28.672047079   -4.364016749
   -0.856797996    0.349065850   15.974754882   41.956050745   -1.184197831
   -0.666398442    0.349065850   24.562340621   46.404503759    1.607588264
   -0.475998887    0.349065850   33.000250274   40.357256078    3.551969076
   -0.285599332    0.349065850   39.360817012   25.052777507    4.687508535
   -0.095199777    0.349065850   42.196894478    4.047806560    5.539499524
    0.095199777    0.349065850   40.901155762  -17.320692576    6.877925569
    0.285599332    0.349065850   35.975496765  -33.073613125    9.359848437
    0.475998887    0.349065850   29.022568272  -37.889849070   13.201526072
    0.666398442    0.349065850   22.446179800  -29.025093227   18.000188512
    0.856797996    0.349065850   18.795157009   -7.783356508   22.825453848
    1.047197551    0.349065850   19.953207342   20.338980249   26.558815799
    1.237597106    0.349065850   26.490665723   47.316487010   28.353139167
    1.427996661    0.349065850   37.440429317   65.691229000   27.947104395
    1.618396215    0.349065850   50.673874076   70.889768056   25.697410297
    1.808795770    0.349065850   63.559347091   62.237671864   22.324547766
    1.999195325    0.349065850   73.668589071   42.376487753   18.578194375
    2.189594880    0.349065850   79.271344808   15.722309188   14.980054960
    2.379994435    0.349065850   79.551174726  -12.699731178   11.763942199
    2.570393989    0.349065850   74.640684740  -38.026248326    8.936095588
    2.760793544    0.349065850   65.549150696  -56.009424036    6.412046285
    2.951193099    0.349065850   53.983065104  -63.747906555    4.109037630

   -3.141592654    0.698131701   43.655366080  -62.942732471    0.713936264
   -2.951193099    0.698131701   32.744929289  -50.680071444    0.422209733
   -2.760793544    0.698131701   24.634466344  -34.403426668    0.400985623
   -2.570393989    0.698131701   19.537121871  -19.949021599    0.419031482
   -2.379994435    0.698131701   16.638617563  -11.810792529    0.268094695
   -2.189594880    0.698131701   14.563187635  -11.128228570   -0.177034512
   -1.999195325    0.698131701   12.104471807  -15.043347752   -0.889024162
   -1.808795770    0.698131701    8.892776633  -18.040052331   -1.657372570
   -1.618396215    0.698131701    5.633363765  -14.862331775   -2.161176718
   -1.427996661    0.698131701    3.766583994   -3.424874542   -2.142847819
   -1.237597106    0.698131701    4.713875880   13.967643086   -1.564511052
   -1.047197551    0.698131701    9.121113232   31.842760804   -0.642634586
   -0.856797996    0.698131701   16.504749376   44.274710719    0.301293765
   -0.666398442    0.698131701   25.404760933   47.347873072    1.061250813
   -0.475998887    0.698131701   33.909882200   40.242945901    1.730107467
   -0.285599332    0.698131701   40.231274388   24.980606503    2.692057485
   -0.095199777    0.698131701   43.172402512    5.466847872    4.472196105
    0.095199777    0.698131701   42.389106860  -13.206560032    7.498026230
    0.285599332    0.698131701   38.544882644  -25.844168777   11.853586317
    0.475998887    0.698131701   33.220431974  -28.226671111   17.153727385
    0.666398442    0.698131701   28.587213136  -18.633859922   22.564287531
    0.856797996    0.698131701   26.809044442    1.117418280   27.028275547
    1.047197551    0.698131701   29.359661626   25.806714005   29.612930465
    1.237597106    0.698131701   36.525770361   48.405665083   29.843533059
    1.427996661    0.698131701   47.280750182   62.715238154   27.849114229
    1.618396215    0.698131701   59.657135737   65.127229845   24.243490358
    1.808795770    0.698131701   71.309181236   55.303747010   19.831790359
    1.999195325    0.698131701   80.096959917   35.600309187   15.329812006
    2.189594880    0.698131701   84.488358710    9.846941727   11.207829537
    2.379994435    0.698131701   83.752898612  -17.499745329    7.706987110
    2.570393989    0.698131701   78.020035218  -41.901359721    4.913410806
    2.760793544    0.698131701   68.258108804  -59.214603277    2.846004679
    2.951193099    0.698131701   56.127898915  -66.487253354    1.473623008

   -3.141592654    1.047197551   42.315847267  -63.148507271   -3.652054660
   -2.951193099    1.047197551   31.460824905  -49.944493245   -2.591100851
   -2.760793544    1.047197551   23.540965655  -33.209144956   -1.285257089
   -2.570393989    1.047197551   18.678942627  -18.730616425   -0.081997660
   -2.379994435    1.047197551   15.987274303  -10.887594424    0.798195607
   -2.189594880    1.047197551   14.045988550  -10.643710213    1.273611178
   -1.999195325    1.047197551   11.640160477  -14.946888386    1.373620872
   -1.808795770    1.047197551    8.424313558  -18.142906230    1.191015974
   -1.618396215    1.047197551    5.140584885  -14.999611571    0.828734824
   -1.427996661    1.047197551    3.246397181   -3.599427843    0.351522087
   -1.237597106    1.047197551    4.143806627   13.564674349   -0.206620808
   -1.047197551    1.047197551    8.437528708   31.030230998   -0.787952006
   -0.856797996    1.047197551   15.632172899   43.150334231   -1.221165090
   -0.666398442    1.047197551   24.331350480   46.504615192   -1.195704701
   -0.475998887    1.047197551   32.780288180   40.681275940   -0.305783790
   -0.285599332    1.047197551   39.396068070   27.793319850    1.811472917
   -0.095199777    1.047197551   43.160990199   11.378279047    5.320986403
    0.095199777    1.047197551   43.800725805   -4.257272665   10.081313295
    0.285599332    1.047197551   41.876843072  -14.864484545   15.582765017
    0.475998887    1.047197551   38.696656764  -17.036536018   21.017425780
    0.666398442    1.047197551   36.043184974   -9.383860053   25.437080249
    0.856797996    1.047197551   35.691820647    6.618535750   28.016852851
    1.047197551    1.047197551   38.853966171   26.682254599   28.308314577
    1.237597106    1.047197551   45.761669891   44.958851314   26.368427063
    1.427996661    1.047197551   55.539546421   56.149840799   22.709223397
    1.618396215    1.047197551   66.490227591   56.961244596   18.062233512
    1.808795770    1.047197551   76.542002013   46.830733012   13.117471392
    1.999195325    1.047197551   83.756362824   27.631176659    8.374778009
    2.189594880    1.047197551   86.713695363    2.797185145    4.139166348
    2.379994435    1.047197551   84.741939934  -23.404672280    0.620195405
    2.570393989    1.047197551   78.009188713  -46.462263239   -2.003365789
    2.760793544    1.047197551   67.519553738  -62.274455775   -3.582833716
    2.951193099    1.047197551   54.951615003  -68.022933234   -4.085654118

   -3.141592654    1.396263402   37.834457725  -61.253152576  -10.058728449
   -2.951193099    1.396263402   27.494422811  -46.550266460   -8.550416129
   -2.760793544    1.396263402   20.295828568  -29.168787078   -6.705799998
   -2.570393989    1.396263402   16.202864913  -14.799558614   -4.835529019
   -2.379994435    1.396263402   14.204941146   -7.594779003   -3.081822410
   -2.189594880    1.396263402   12.804202372   -8.291669561   -1.473554374
   -1.999195325    1.396263402   10.742908481  -13.703467498   -0.033848596
   -1.808795770    1.396263402    7.650015431  -18.110557908    1.139923020
   -1.618396215    1.396263402    4.252832397  -16.230042316    1.884997220
   -1.427996661    1.396263402    2.011459687   -5.990598126    2.060710425
   -1.237597106    1.396263402    2.373739747   10.414874752    1.685106234
   -1.047197551    1.396263402    6.058043880   27.935199461    1.016835620
   -0.856797996    1.396263402   12.757854681   41.249988817    0.547462153
   -0.666398442    1.396263402   21.306639733   47.011735692    0.854084259
   -0.475998887    1.396263402   30.156126306   44.480605064    2.414684590
   -0.285599332    1.396263402   37.831903311   35.084102558    5.439082192
   -0.095199777    1.396263402   43.271236964   21.496245929    9.774315890
    0.095199777    1.396263402   45.993326507    7.195078082   14.918360770
    0.285599332    1.396263402   46.219432905   -4.084666068   20.073874898
    0.475998887    1.396263402   44.863548726   -8.968510855   24.317560464
    0.666398442    1.396263402   43.363286834   -5.511613180   26.809478717
    0.856797996    1.396263402   43.302425240    5.825459612   27.046399045
    1.047197551    1.396263402   45.913053104   21.873134027   25.017671226
    1.237597106    1.396263402   51.634949593   37.586005741   21.179760839
    1.427996661    1.396263402   59.893721877   47.800838754   16.270744584
    1.618396215    1.396263402   69.256671734   48.752056073   11.017385197
    1.808795770    1.396263402   77.798340641   39.188016187    5.923508684
    1.999195325    1.396263402   83.610255718   20.512229279    1.240888556
    2.189594880    1.396263402   85.255429956   -3.854687879   -2.916576992
    2.379994435    1.396263402   82.078896723  -29.327625737   -6.411938744
    2.570393989    1.396263402   74.333564482  -51.049235593   -9.027991770
    2.760793544    1.396263402   63.150646122  -64.866243674  -10.533120133
    2.951193099    1.396263402   50.308450852  -68.276184675  -10.832475428

   -3.141592654    1.745329252   31.298581026  -59.061739280  -16.310021950
   -2.951193099    1.745329252   21.532074237  -42.834801268  -14.955801333
   -2.760793544    1.745329252   15.125214315  -24.691077068  -13.067014974
   -2.570393989    1.745329252   11.907543522  -10.167605923  -10.868993575
   -2.379994435    1.745329252   10.773106991   -3.208883126   -8.440967186
   -2.189594880    1.745329252   10.160502898   -4.448949182   -5.791172667
   -1.999195325    1.745329252    8.753888654  -10.737262537   -2.986431498
   -1.808795770    1.745329252    6.112328850  -16.403419253   -0.244041180
   -1.618396215    1.745329252    2.897800349  -16.050722539    2.105258505
   -1.427996661    1.745329252    0.552189612   -7.211784421    3.760722472
   -1.237597106    1.745329252    0.602247044    8.502645854    4.641612987
   -1.047197551    1.745329252    3.952903792   26.565164114    4.986611873
   -0.856797996    1.745329252   10.553760130   41.789036361    5.308182581
   -0.666398442    1.745329252   19.472685888   50.472736955    6.181557699
   -0.475998887    1.745329252   29.286393266   51.113795517    8.006154231
   -0.285599332    1.745329252   38.483827885   44.248357017   10.835989964
   -0.095199777    1.745329252   45.803433078   31.806698309   14.319639002
    0.095199777    1.745329252   50.453772856   16.817232859   17.790753709
    0.285599332    1.745329252   52.297774201    3.004165232   20.413052122
    0.475998887    1.745329252   51.933650298   -5.817458469   21.433717135
    0.666398442    1.745329252   50.606736323   -6.843613809   20.423115080
    0.856797996    1.745329252   49.895097724    0.496758406   17.459733938
    1.047197551    1.745329252   51.210510347   13.858796153   13.112346513
    1.237597106    1.745329252   55.281502102   28.514397661    8.208320000
    1.427996661    1.745329252   61.821116612   38.971765884    3.514336896
    1.618396215    1.745329252   69.579393551   40.755315703   -0.546153375
    1.808795770    1.745329252   76.676470713   31.960594670   -3.961223808
    1.999195325    1.745329252   81.159268688   13.729097676   -6.971159890
    2.189594880    1.745329252   81.542268144  -10.307936255   -9.810004206
    2.379994435    1.745329252   77.190758559  -35.114299925  -12.493359903
    2.570393989    1.745329252   68.460188979  -55.471833995  -14.781581170
    2.760793544    1.745329252   56.621565910  -67.224538259  -16.315317489
    2.951193099    1.745329252   43.554918632  -68.247860806  -16.833205019

   -3.141592654    2.094395102   24.308709968  -57.866539667  -18.797408823
   -2.951193099    2.094395102   14.894647398  -40.403811938  -17.561180545
   -2.760793544    2.094395102    9.036211627  -21.428142135  -15.614924993
   -2.570393989    2.094395102    6.501106047   -6.283739370  -13.114337595
   -2.379994435    2.094395102    6.162606421    1.265359110  -10.139144625
   -2.189594880    2.094395102    6.456470435    0.575038998   -6.735537384
   -1.999195325    2.094395102    6.040454969   -5.433584604   -3.006074800
   -1.808795770    2.094395102    4.394762259  -11.357185001    0.814462974
   -1.618396215    2.094395102    2.068080940  -11.867342022    4.379886157
   -1.427996661    2.094395102    0.408657850   -4.212739090    7.348575196
   -1.237597106    2.094395102    0.931881594   10.543079970    9.548592140
   -1.047197551    2.094395102    4.637577135   28.401883517   11.074310096
   -0.856797996    2.094395102   11.643681411   44.352755445   12.248760356
   -0.666398442    2.094395102   21.176456674   54.415199067   13.436983271
   -0.475998887    2.094395102   31.879355582   56.449658411   14.840017679
   -0.285599332    2.094395102   42.174439968   50.254724607   16.368264144
   -0.095199777    2.094395102   50.602505150   37.197843144   17.628968322
    0.095199777    2.094395102   56.100364260   20.079168996   18.057893255
    0.285599332    2.094395102   58.258794905    2.881982974   17.093504595
    0.475998887    2.094395102   57.499735373   -9.858938755   14.426897453
    0.666398442    2.094395102   55.059984738  -14.318426567   10.179479825
    0.856797996    2.094395102   52.703498375   -8.999643308    4.956014930
    1.047197551    2.094395102   52.164035174    4.178988375   -0.339556174
    1.237597106    2.094395102   54.505750349   20.234737964   -4.852528684
    1.427996661    2.094395102   59.669796288   32.842917921   -8.101831522
    1.618396215    2.094395102   66.454477716   36.551772640  -10.136655786
    1.808795770    2.094395102   72.867721951   28.818324482  -11.420633889
    1.999195325    2.094395102   76.775799290   10.709025931  -12.540343356
    2.189594880    2.094395102   76.550363309  -13.701121651  -13.904137091
    2.379994435    2.094395102   71.523472162  -38.727950023  -15.573352685
    2.570393989    2.094395102   62.131956768  -58.659024089  -17.279868165
    2.760793544    2.094395102   49.786752929  -69.240682929  -18.597798187
    2.951193099    2.094395102   36.485708480  -68.646076338  -19.159960704

   -3.141592654    2.443460953   17.858824986  -57.470666188  -12.620905179
   -2.951193099    2.443460953    8.636243853  -38.799846989  -11.075942022
   -2.760793544    2.443460953    3.201987918  -18.587541066   -9.039422338
   -2.570393989    2.443460953    1.329902580   -2.159525249   -6.632620576
   -2.379994435    2.443460953    1.901774568    6.694032858   -3.903681089
   -2.189594880    2.443460953    3.345742561    7.181770319   -0.820490968
   -1.999195325    2.443460953    4.272337349    1.966315251    2.665405872
   -1.808795770    2.443460953    4.062215136   -3.805248717    6.505104620
   -1.618396215    2.443460953    3.129979884   -4.892976621   10.478841439
   -1.427996661    2.443460953    2.698518046    1.641454045   14.220050029
   -1.237597106    2.443460953    4.216391321   15.140393500   17.343420157
   -1.047197551    2.443460953    8.697357516   32.014910403   19.596600748
   -0.856797996    2.443460953   16.332038732   47.405186931   20.928845175
   -0.666398442    2.443460953   26.414822063   57.141111396   21.424942804
   -0.475998887    2.443460953   37.593781154   58.644794254   21.168438720
   -0.285599332    2.443460953   48.207461553   51.253712879   20.130918136
   -0.095199777    2.443460953   56.639186296   36.079558382   18.137496605
    0.095199777    2.443460953   61.652287405   15.988418518   14.958782047
    0.285599332    2.443460953   62.714653024   -4.540913843   10.459049785
    0.475998887    2.443460953   60.255005030  -20.146677009    4.796639667
    0.666398442    2.443460953   55.687095477  -26.079411981   -1.476417870
    0.856797996    2.443460953   51.105143700  -20.254455537   -7.476095711
    1.047197551    2.443460953   48.624829687   -4.679407592  -12.268622659
    1.237597106    2.443460953   49.603325016   14.865026053  -15.235415061
    1.427996661    2.443460953   54.078891217   30.874288113  -16.307128747
    1.618396215    2.443460953   60.730284956   36.890247399  -15.960522965
    1.808795770    2.443460953   67.306738035   29.955816385  -14.954937217
    1.999195325    2.443460953   71.400834553   11.371902827  -13.999354681
    2.189594880    2.443460953   71.200728012  -14.130321291  -13.503311119
    2.379994435    2.443460953   65.989965013  -40.153124844  -13.506692683
    2.570393989    2.443460953   56.275041217  -60.506081829  -13.757023282
    2.760793544    2.443460953   43.594398812  -70.802214370  -13.881953709
    2.951193099    2.443460953   30.068769238  -69.369685740  -13.559442605

   -3.141592654    2.792526803   15.160170554  -55.813429542    1.001098040
   -2.951193099    2.792526803    6.301419623  -36.656203220    2.967518280
   -2.760793544    2.792526803    1.322819767  -15.957786086    4.857607917
   -2.570393989    2.792526803    0.000000000    0.985934399    6.659185362
   -2.379994435    2.792526803    1.229224772   10.476101503    8.482072543
   -2.189594880    2.792526803    3.469839536   11.796549640   10.563973497
   -1.999195325    2.792526803    5.368280346    7.565377760   13.179537179
   -1.808795770    2.792526803    6.315395984    2.708906503   16.461335934
   -1.618396215    2.792526803    6.681773198    2.137291338   20.239881900
   -1.427996661    2.792526803    7.586122683    8.514118695   24.023768022
   -1.237597106    2.792526803   10.337971868   21.110763834   27.151958354
   -1.047197551    2.792526803   15.819349627   36.471203372   29.041109506
   -0.856797996    2.792526803   24.124390915   49.937330070   29.365591399
   -0.666398442    2.792526803   34.482984987   57.457460497   28.082919550
   -0.475998887    2.792526803   45.488874791   56.458258958   25.329173553
   -0.285599332    2.792526803   55.423292983   46.253774504   21.293660612
   -0.095199777    2.792526803   62.616699409   28.063693521   16.143224949
    0.095199777    2.792526803   65.823385429    5.097909636   10.053494126
    0.285599332    2.792526803   64.592722703  -17.552725706    3.295953431
    0.475998887    2.792526803   59.564798549  -33.819334053   -3.644173260
    0.666398442    2.792526803   52.484100786  -38.451662504  -10.050443962
    0.856797996    2.792526803   45.823740793  -29.425013393  -15.101929855
    1.047197551    2.792526803   42.002241105   -9.483258320  -18.151231559
    1.237597106    2.792526803   42.490102949   14.425537947  -18.996891658
    1.427996661    2.792526803   47.215371176   33.692327616  -17.965022167
    1.618396215    2.792526803   54.581499078   41.305858456  -15.757069602
    1.808795770    2.792526803   62.023757717   34.431572380  -13.122458283
    1.999195325    2.792526803   66.893022468   14.952818434  -10.595124430
    2.189594880    2.792526803   67.262262904  -11.719534424   -8.387325076
    2.379994435    2.792526803   62.413983450  -38.684397078   -6.462506018
    2.570393989    2.792526803   52.923987456  -59.528189137   -4.667155828
    2.760793544    2.792526803   40.419602889  -69.865813997   -2.858155480
    2.951193099    2.792526803   27.095920519  -68.153161303   -0.965392668
