#! FIELDS phi psi file.free der_phi der_psi
#! SET min_phi -pi
#! SET max_phi pi
#! SET nbins_phi  33
#! SET periodic_phi true
#! SET min_psi -pi
#! SET max_psi pi
#! SET nbins_psi  18
#! SET periodic_psi true
   -3.141592654   -3.141592654   18.481076427  -54.303305626   15.722223679
   -2.951193099   -3.141592654    9.753282071  -36.633311471   18.121388562
   -2.760793544   -3.141592654    4.719882545  -16.348069061   19.881497835
   -2.570393989   -3.141592654    3.369045270    1.281205384   21.033118783
   -2.379994435   -3.141592654    4.789001873   12.318129724   21.829209313
   -2.189594880   -3.141592654    7.571694294   15.708320946   22.715665869
   -1.999195325   -3.141592654   10.421002465   13.620395671   24.153791672
   -1.808795770   -3.141592654   12.686718443   10.372494046   26.353612372
   -1.618396215   -3.141592654   14.576188416   10.248510551   29.073065263
   -1.427996661   -3.141592654   16.939734505   15.468299123   31.637314846
   -1.237597106   -3.141592654   20.770613403   25.274641766   33.193898204
   -1.047197551   -3.141592654   26.674540167   36.626540389   33.064521192
   -0.856797996   -3.141592654   34.579356754   45.578113907   30.988404700
   -0.666398442   -3.141592654   43.692014134   48.846702588   27.160320924
   -0.475998887   -3.141592654   52.720370347   44.512496260   22.063000195
   -0.285599332   -3.141592654   60.167586418   32.352263667   16.245413787
   -0.095199777   -3.141592654   64.653194138   13.825164518   10.137779318
    0.095199777   -3.141592654   65.244481591   -7.854985283    4.009598357
    0.285599332   -3.141592654   61.784941673  -27.784789953   -1.949456661
    0.475998887   -3.141592654   55.153936677  -40.274395731   -7.470466929
    0.666398442   -3.141592654   47.242718173  -40.687458530  -12.115300765
    0.856797996   -3.141592654   40.530109748  -27.857304357  -15.341630396
    1.047197551   -3.141592654   37.266672422   -5.440188778  -16.723660747
    1.237597106   -3.141592654   38.609499744   19.085183167  -16.183149241
    1.427996661   -3.141592654   44.145198867   37.382070956  -14.051128256
    1.618396215   -3.141592654   52.067579245   43.516358379  -10.927834824
    1.808795770   -3.141592654   59.839458140   35.920376977   -7.402991158
    1.999195325   -3.141592654   65.033202775   17.134493719   -3.860963292
    2.189594880   -3.141592654   65.974010935   -7.786498017   -0.428552170
    2.379994435   -3.141592654   62.049279428  -33.009708842    2.928474189
    2.570393989   -3.141592654   53.725339165  -53.186784888    6.276230466
    2.760793544   -3.141592654   42.372497877  -64.339182089    9.607740381
    2.951193099   -3.141592654   29.930802993  -64.526695827   12.816823254

   -3.141592654   -2.792526803   25.756689020  -49.712944563   23.562849509
   -2.951193099   -2.792526803   17.754760153  -33.648796567   25.946734255
   -2.760793544   -2.792526803   13.132958462  -14.983355040   27.333481218
   -2.570393989   -2.792526803   11.915830169    1.424923852   27.838818584
   -2.379994435   -2.792526803   13.311286101   12.086259940   27.818032297
   -2.189594880   -2.792526803   16.099666247   16.176364952   27.806915837
   -1.999195325   -2.792526803   19.176690535   15.641308533   28.317900086
   -1.808795770   -2.792526803   21.992283518   14.070310973   29.564443776
   -1.618396215   -2.792526803   24.685576919   14.780098683   31.271068925
   -1.427996661   -2.792526803   27.867845234   19.243619681   32.719838903
   -1.237597106   -2.792526803   32.203626618   26.553466549   33.035279788
   -1.047197551   -2.792526803   38.007640596   34.173752410   31.559776405
   -0.856797996   -2.792526803   45.057145657   39.091591023   28.102393553
   -0.666398442   -2.792526803   52.592428473   38.940339735   22.978038563
   -0.475998887   -2.792526803   59.502627367   32.414516130   16.818814260
   -0.285599332   -2.792526803   64.547011065   19.444498700   10.325796804
   -0.095199777   -2.792526803   66.592802778    1.281747759    4.052938475
    0.095199777   -2.792526803   64.897626380  -19.216797772   -1.665212364
    0.285599332   -2.792526803   59.432464128  -37.406779050   -6.651270685
    0.475998887   -2.792526803   51.173367552  -47.666133370  -10.749598468
    0.666398442   -2.792526803   42.106843585  -45.337024578  -13.734704367
    0.856797996   -2.792526803   34.801792561  -29.373038391  -15.344240358
    1.047197551   -2.792526803   31.551903298   -3.805505663  -15.411135221
    1.237597106   -2.792526803   33.467148527   23.356396533  -13.999874482
    1.427996661   -2.792526803   39.995775484   43.383585898  -11.418280440
    1.618396215   -2.792526803   49.149373809   50.319899335   -8.097868181
    1.808795770   -2.792526803   58.239917691   42.904868612   -4.399802348
    1.999195325   -2.792526803   64.761245348   24.090929791   -0.513688731
    2.189594880   -2.792526803   67.027921385   -0.802339180    3.530596026
    2.379994435   -2.792526803   64.442459088  -25.930084736    7.747170938
    2.570393989   -2.792526803   57.468957035  -46.125556841   12.083033485
    2.760793544   -2.792526803   47.434596052  -57.632613234   16.355539312
    2.951193099   -2.792526803   36.200682595  -58.644157671   20.283955608

   -3.141592654   -2.443460953   34.175947189  -44.845774685   22.673260774
   -2.951193099   -2.443460953   26.934110717  -30.574131220   24.680987956
   -2.760793544   -2.443460953   22.724889492  -13.695137133   25.746233852
   -2.570393989   -2.443460953   21.609516076    1.302091514   25.981882097
   -2.379994435   -2.443460953   22.905134985   11.310339045   25.679086078
   -2.189594880   -2.443460953   25.557784662   15.675903299   25.254600299
   -1.999195325   -2.443460953   28.624188705   16.100522810   25.081842128
   -1.808795770   -2.443460953   31.624713998   15.482016367   25.278694215
   -1.618396215   -2.443460953   34.615135833   16.285634812   25.580766925
   -1.427996661   -2.443460953   37.980316173   19.410329896   25.415269142
   -1.237597106   -2.443460953   42.104694520   23.991280615   24.150480101
   -1.047197551   -2.443460953   47.094451658   28.150264798   21.389884267
   -0.856797996   -2.443460953   52.679182726   29.866114751   17.137769636
   -0.666398442   -2.443460953   58.234234039   27.609156539   11.800791707
   -0.475998887   -2.443460953   62.903937063   20.481534185    6.004998263
   -0.285599332   -2.443460953   65.729975906    8.288508578    0.385410455
   -0.095199777   -2.443460953   65.801088268   -8.190756999   -4.593399734
    0.095199777   -2.443460953   62.494814957  -26.641861644   -8.700837508
    0.285599332   -2.443460953   55.812337166  -42.780857778  -11.884558508
    0.475998887   -2.443460953   46.716760887  -51.080988581  -14.158637253
    0.666398442   -2.443460953   37.183169220  -46.814540923  -15.504496141
    0.856797996   -2.443460953   29.782663251  -28.880440291  -15.857965190
    1.047197551   -2.443460953   26.809447760   -1.402373565  -15.164442108
    1.237597106   -2.443460953   29.342753922   27.396108577  -13.458995101
    1.427996661   -2.443460953   36.761421320   48.615003831  -10.897674208
    1.618396215   -2.443460953   46.988714207   56.308111647   -7.716315698
    1.808795770   -2.443460953   57.268623770   49.380031829   -4.129731033
    1.999195325   -2.443460953   65.063367806   30.990236746   -0.279446965
    2.189594880   -2.443460953   68.686538616    6.538696509    3.768188849
    2.379994435   -2.443460953   67.536994793  -18.222408755    7.955308997
    2.570393989   -2.443460953   62.044977325  -38.347991575   12.167177181
    2.760793544   -2.443460953   53.461078829  -50.278670410   16.197099184
    2.951193099   -2.443460953   43.542885887  -52.284215977   19.784042844

   -3.141592654   -2.094395102   40.973086581  -40.553073509   14.846710403
   -2.951193099   -2.094395102   34.424159252  -27.633918538   16.108432943
   -2.760793544   -2.094395102   30.635409039  -12.224129261   16.767907831
   -2.570393989   -2.094395102   29.665777795    1.401381175   16.854868443
   -2.379994435   -2.094395102   30.878134336   10.419109810   16.463480561
   -2.189594880   -2.094395102   33.309714672   14.334502906   15.750436750
   -1.999195325   -2.094395102   36.112211049   14.709451601   14.861591983
   -1.808795770   -2.094395102   38.843582582   13.993968013   13.827791231
   -1.618396215   -2.094395102   41.500224130   14.143321416   12.511354342
   -1.427996661   -2.094395102   44.329885501   15.800565827   10.665819181
   -1.237597106   -2.094395102   47.573171491   18.297520107    8.077769336
   -1.047197551   -2.094395102   51.270050599   20.320151730    4.710351132
   -0.856797996   -2.094395102   55.205832126   20.543516140    0.751426812
   -0.666398442   -2.094395102   58.928726043   17.899133757   -3.419074899
   -0.475998887   -2.094395102   61.807891326   11.581057657   -7.367197122
   -0.285599332   -2.094395102   63.088903918    1.083896411  -10.729283476
   -0.095199777   -2.094395102   61.982668574  -13.330842479  -13.306282156
    0.095199777   -2.094395102   57.887859508  -29.832971808  -15.087504096
    0.285599332   -2.094395102   50.752692427  -44.416193098  -16.184421075
    0.475998887   -2.094395102   41.459953350  -51.562891011  -16.743760186
    0.666398442   -2.094395102   31.923295670  -46.375556264  -16.851941757
    0.856797996   -2.094395102   24.689826464  -27.546789722  -16.501826800
    1.047197551   -2.094395102   22.062381082    0.921341430  -15.604440164
    1.237597106   -2.094395102   25.137633222   30.775625017  -14.059179261
    1.427996661   -2.094395102   33.298235523   53.005550514  -11.835628303
    1.618396215   -2.094395102   44.447078966   61.563997673   -9.015285069
    1.808795770   -2.094395102   55.794918474   55.300719829   -5.764557944
    1.999195325   -2.094395102   64.765979040   37.387760945   -2.288968594
    2.189594880   -2.094395102   69.639869513   13.239454160    1.228045345
    2.379994435   -2.094395102   69.780609151  -11.413233650    4.635891007
    2.570393989   -2.094395102   65.576066851  -31.691508922    7.810553641
    2.760793544   -2.094395102   58.221305015  -44.088252020   10.634098572
    2.951193099   -2.094395102   49.412208451  -46.889600244   13.005553314

   -3.141592654   -1.745329252   43.727867105  -38.838957221    6.767804547
   -2.951193099   -1.745329252   37.450504109  -26.507224272    7.172688152
   -2.760793544   -1.745329252   33.818508082  -11.717589246    7.294248207
   -2.570393989   -1.745329252   32.879610250    1.199987133    7.123629922
   -2.379994435   -1.745329252   33.980346082    9.434896390    6.618397709
   -2.189594880   -1.745329252   36.144838614   12.500639513    5.728032921
   -1.999195325   -1.745329252   38.508558777   11.910775207    4.395798288
   -1.808795770   -1.745329252   40.600351749   10.040717669    2.559297451
   -1.618396215   -1.745329252   42.380186169    8.871586903    0.180661785
   -1.427996661   -1.745329252   44.081247162    9.257202968   -2.690975459
   -1.237597106   -1.745329252   45.986443980   10.896507292   -5.881017883
   -1.047197551   -1.745329252   48.250424061   12.820372881   -9.106346847
   -0.856797996   -1.745329252   50.822311519   13.875120751  -12.059345227
   -0.666398442   -1.745329252   53.419418903   12.851425083  -14.476597622
   -0.475998887   -1.745329252   55.528800432    8.582421459  -16.211328697
   -0.285599332   -1.745329252   56.433182951    0.092540262  -17.242939438
   -0.095199777   -1.745329252   55.296689621  -12.756986631  -17.663699559
    0.095199777   -1.745329252   51.409414996  -28.341544534  -17.654888449
    0.285599332   -1.745329252   44.592897047  -42.655815713  -17.416843383
    0.475998887   -1.745329252   35.622180599  -49.983134303  -17.113702215
    0.666398442   -1.745329252   26.355734875  -45.106450205  -16.801133095
    0.856797996   -1.745329252   19.349303994  -26.369555324  -16.403096435
    1.047197551   -1.745329252   16.973200832    2.468365401  -15.725647326
    1.237597106   -1.745329252   20.417200748   33.161442950  -14.539185119
    1.427996661   -1.745329252   29.136204319   56.488316823  -12.700087916
    1.618396215   -1.745329252   41.050054399   66.066632595  -10.231068636
    1.808795770   -1.745329252   53.325136058   60.449467269   -7.318804058
    1.999195325   -1.745329252   63.300236232   42.695867801   -4.254645619
    2.189594880   -1.745329252   69.165262264   18.270465865   -1.325461835
    2.379994435   -1.745329252   70.213995697   -6.948404537    1.248927840
    2.570393989   -1.745329252   66.793804729  -27.939380982    3.346539051
    2.760793544   -1.745329252   60.083490655  -41.073226171    4.932209330
    2.951193099   -1.745329252   51.782554958  -44.560768365    6.046605226

   -3.141592654   -1.396263402   42.870000182  -39.791683331    3.969247447
   -2.951193099   -1.396263402   36.404106874  -27.511571733    3.688093859
   -2.760793544   -1.396263402   32.588287461  -12.641195194    3.151357570
   -2.570393989   -1.396263402   31.479413961    0.313248597    2.376639648
   -2.379994435   -1.396263402   32.399327141    8.366795095    1.289985053
   -2.189594880   -1.396263402   34.313256652   10.859583709   -0.252801805
   -1.999195325   -1.396263402   36.271369196    9.215285353   -2.415646990
   -1.808795770   -1.396263402   37.718999120    5.935880768   -5.292305025
   -1.618396215   -1.396263402   38.583189670    3.412449358   -8.804069398
   -1.427996661   -1.396263402   39.159520801    3.049644547  -12.636692409
   -1.237597106   -1.396263402   39.891404735    4.974843945  -16.285096201
   -1.047197551   -1.396263402   41.143284693    8.272593237  -19.199520060
   -0.856797996   -1.396263402   43.044730690   11.466935232  -20.980016200
   -0.666398442   -1.396263402   45.407176195   12.776856049  -21.491322111
   -0.475998887   -1.396263402   47.700924745   10.500110893  -20.890135754
   -0.285599332   -1.396263402   49.105352122    3.295428947  -19.534383188
   -0.095199777   -1.396263402   48.634572008   -9.118910715  -17.848856519
    0.095199777   -1.396263402   45.418641609  -25.047991742  -16.214837307
    0.285599332   -1.396263402   39.148402690  -40.283757600  -14.868327449
    0.475998887   -1.396263402   30.518905285  -48.770598551  -13.886419190
    0.666398442   -1.396263402   21.383096951  -44.883483636  -13.192282349
    0.856797996   -1.396263402   14.367929943  -26.571572256  -12.609279313
    1.047197551   -1.396263402   11.976021100    2.628639823  -11.911643254
    1.237597106   -1.396263402   15.543508423   34.375366532  -10.891581936
    1.427996661   -1.396263402   24.624358111   59.070370791   -9.433743019
    1.618396215   -1.396263402   37.149545029   69.826853745   -7.545761247
    1.808795770   -1.396263402   50.207325889   64.779778789   -5.354375810
    1.999195325   -1.396263402   61.002612014   46.854182599   -3.063376550
    2.189594880   -1.396263402   67.591984013   21.629319619   -0.884087695
    2.379994435   -1.396263402   69.174718137   -4.735066320    1.001890849
    2.570393989   -1.396263402   66.061420407  -26.919619510    2.466084430
    2.760793544   -1.396263402   59.446078863  -41.048337846    3.437701484
    2.951193099   -1.396263402   51.081167536  -45.200100397    3.918579576

   -3.141592654   -1.047197551   41.063776194  -42.394409086    3.398780218
   -2.951193099   -1.047197551   34.096322804  -30.117831056    2.259692169
   -2.760793544   -1.047197551   29.811802993  -14.929114756    0.792241268
   -2.570393989   -1.047197551   28.302947157   -1.628747560   -0.897500233
   -2.379994435   -1.047197551   28.863207666    6.446110744   -2.818241774
   -2.189594880   -1.047197551   30.367796844    8.371600452   -5.101362477
   -1.999195325   -1.047197551   31.750417605    5.583298117   -7.926903265
   -1.808795770   -1.047197551   32.377419112    0.964839837  -11.367046897
   -1.618396215   -1.047197551   32.198887200   -2.432454729  -15.227524377
   -1.427996661   -1.047197551   31.661931530   -2.578630940  -18.997632135
   -1.237597106   -1.047197551   31.450537757    0.917678898  -21.980346584
   -1.047197551   -1.047197551   32.169083928    6.853151031  -23.551604108
   -0.856797996   -1.047197551   34.087630381   13.056637026  -23.418459778
   -0.666398442   -1.047197551   37.008918959   16.916724295  -21.727159511
   -0.475998887   -1.047197551   40.252483596   16.121281983  -18.992868797
   -0.285599332   -1.047197551   42.765524119    9.106297871  -15.892515486
   -0.095199777   -1.047197551   43.327585861   -4.250444023  -13.021902534
    0.095199777   -1.047197551   40.891082378  -21.801519422  -10.732725652
    0.285599332   -1.047197551   35.068693544  -38.807305948   -9.051762063
    0.475998887   -1.047197551   26.575708808  -48.718248488   -7.777064456
    0.666398442   -1.047197551   17.366778665  -45.580407496   -6.630221808
    0.856797996   -1.047197551   10.212749169  -27.214676516   -5.427347021
    1.047197551   -1.047197551    7.763177691    2.751558976   -4.143261600
    1.237597106   -1.047197551   11.464534743   35.676564357   -2.864732751
    1.427996661   -1.047197551   20.911414786   61.570230961   -1.697630609
    1.618396215   -1.047197551   34.001378230   73.167331947   -0.670674371
    1.808795770   -1.047197551   47.728984768   68.360252270    0.268060796
    1.999195325   -1.047197551   59.178758152   50.047725426    1.198555655
    2.189594880   -1.047197551   66.298310365   23.934462622    2.156944610
    2.379994435   -1.047197551   68.210530998   -3.611104928    3.083934072
    2.570393989   -1.047197551   65.190612535  -27.062906671    3.829327260
    2.760793544   -1.047197551   58.434869563  -42.343443077    4.205470515
    2.951193099   -1.047197551   49.735602266  -47.359407424    4.074443427

   -3.141592654   -0.698131701   40.697019870  -45.558893433    2.359163339
   -2.951193099   -0.698131701   33.081118592  -33.691133012    0.238393799
   -2.760793544   -0.698131701   28.107159594  -18.545835297   -2.253169237
   -2.570393989   -0.698131701   25.917918165   -5.167964756   -4.874431862
   -2.379994435   -0.698131701   25.797536595    2.773226395   -7.516799453
   -2.189594880   -0.698131701   26.555968712    4.130415707  -10.259328327
   -1.999195325   -0.698131701   27.047626811    0.440634521  -13.277964469
   -1.808795770   -0.698131701   26.616463538   -4.925633682  -16.623078781
   -1.618396215   -0.698131701   25.306251138   -8.234515655  -20.016247756
   -1.427996661   -0.698131701   23.776382767   -6.963815049  -22.828688471
   -1.237597106   -0.698131701   22.970789202   -0.753408959  -24.303157876
   -1.047197551   -0.698131701   23.689543552    8.563229402  -23.905999093
   -0.856797996   -0.698131701   26.240513254   17.854828661  -21.603592634
   -0.666398442   -0.698131701   30.282723646   23.642695121  -17.905847405
   -0.475998887   -0.698131701   34.865570635   23.188885190  -13.659550606
   -0.285599332   -0.698131701   38.638239513   15.069167981   -9.719015359
   -0.095199777   -0.698131701   40.157871112   -0.242423402   -6.627458477
    0.095199777   -0.698131701   38.290995292  -19.764821811   -4.471622997
    0.285599332   -0.698131701   32.718589638  -38.064815614   -2.908249667
    0.475998887   -0.698131701   24.323210019  -48.266945404   -1.422157965
    0.666398442   -0.698131701   15.243050010  -44.583433662    0.370748216
    0.856797996   -0.698131701    8.363538272  -25.344446168    2.495184717
    1.047197551   -0.698131701    6.341079022    5.279432554    4.618054685
    1.237597106   -0.698131701   10.546599936   38.333298834    6.271789488
    1.427996661   -0.698131701   20.472887964   63.880849020    7.123464551
    1.618396215   -0.698131701   33.951880660   74.929457240    7.163905781
    1.808795770   -0.698131701   47.966393279   69.635894976    6.668849966
    1.999195325   -0.698131701   59.625832606   50.997739331    6.031832381
    2.189594880   -0.698131701   66.900987024   24.614924860    5.553138317
    2.379994435   -0.698131701   68.907436297   -3.340373280    5.311848263
    2.570393989   -0.698131701   65.878386374  -27.481747104    5.150868410
    2.760793544   -0.698131701   58.955725193  -43.705354388    4.772910778
    2.951193099   -0.698131701   49.900687688  -49.727228208    3.892037826

   -3.141592654   -0.349065850   41.001102523  -49.698588399    1.409457434
   -2.951193099   -0.349065850   32.508350739  -38.672611099   -1.251748734
   -2.760793544   -0.349065850   26.544820222  -23.864674601   -4.210723008
   -2.570393989   -0.349065850   23.342925477  -10.445772417   -7.179492115
   -2.379994435   -0.349065850   22.228093980   -2.414807630  -10.001826656
   -2.189594880   -0.349065850   21.990585022   -1.185089231  -12.719674018
   -1.999195325   -0.349065850   21.445068652   -5.126642681  -15.463880064
   -1.808795770   -0.349065850   19.954922829  -10.360542255  -18.211823538
   -1.618396215   -0.349065850   17.699341843  -12.512315313  -20.602945907
   -1.427996661   -0.349065850   15.571066735   -8.750992571  -21.985372542
   -1.237597106   -0.349065850   14.747224181    0.947108605  -21.711785623
   -1.047197551   -0.349065850   16.136579414   13.829437402  -19.509759405
   -0.856797996   -0.349065850   19.957593540   25.679355027  -15.687620540
   -0.666398442   -0.349065850   25.597968204   32.283618589  -11.051915353
   -0.475998887   -0.349065850   31.756739109   30.820829164   -6.568779256
   -0.285599332   -0.349065850   36.781323372   20.454405701   -2.980516409
   -0.095199777   -0.349065850   39.085078365    2.645396833   -0.514507457
    0.095199777   -0.349065850   37.585378791  -18.600192442    1.155123177
    0.285599332   -0.349065850   32.177756372  -37.254878863    2.722601197
    0.475998887   -0.349065850   24.010529887  -46.508951596    4.853253629
    0.666398442   -0.349065850   15.410814703  -41.291486292    7.802719304
    0.856797996   -0.349065850    9.282063188  -20.917734344   11.227960453
    1.047197551   -0.349065850    8.125730646    9.716645414   14.330263177
    1.237597106   -0.349065850   13.078475443   41.554472819   16.272879900
    1.427996661   -0.349065850   23.441746699   65.199481006   16.590655495
    1.618396215   -0.349065850   36.993526928   74.453116074   15.401221938
    1.808795770   -0.349065850   50.800034692   68.076526934   13.273512759
    1.999195325   -0.349065850   62.128065143   49.206923242   10.925140335
    2.189594880   -0.349065850   69.086790021   23.137637893    8.896377671
    2.379994435   -0.349065850   70.848026243   -4.476810744    7.381067325
    2.570393989   -0.349065850   67.604543169  -28.691536121    6.223393390
    2.760793544   -0.349065850   60.397264318  -45.578063681    5.062918246
    2.951193099   -0.349065850   50.885383386  -52.703882920    3.528990413

   -3.141592654    0.000000000   41.555781917  -54.040405641    0.598511092
   -2.951193099    0.000000000   32.162311419  -43.697782491   -1.791079352
   -2.760793544    0.000000000   25.214524633  -29.077707828   -4.338301545
   -2.570393989    0.000000000   21.038027422  -15.414894428   -6.839086541
   -2.379994435    0.000000000   19.013260852   -7.004856411   -9.186412100
   -2.189594880    0.000000000   17.929717232   -5.503050790  -11.408788928
   -1.999195325    0.000000000   16.584277898   -9.179822550  -13.552695273
   -1.808795770    0.000000000   14.379294743  -13.688699680  -15.480212023
   -1.618396215    0.000000000   11.632595798  -14.150790785  -16.769816250
   -1.427996661    0.000000000    9.438843437   -7.649076929  -16.848303659
   -1.237597106    0.000000000    9.131485340    5.274097346  -15.307215791
   -1.047197551    0.000000000   11.618489589   20.854878020  -12.198455495
   -0.856797996    0.000000000   16.922380802   33.925866842   -8.096384863
   -0.666398442    0.000000000   24.102487871   39.911571640   -3.885869174
   -0.475998887    0.000000000   31.533101815   36.368552229   -0.366988323
   -0.285599332    0.000000000   37.368428261   23.432776810    2.073102183
   -0.095199777    0.000000000   40.038497480    3.700285535    3.623498543
    0.095199777    0.000000000   38.672139361  -17.966168537    4.938571915
    0.285599332    0.000000000   33.480380807  -35.373891394    6.825341866
    0.475998887    0.000000000   25.880465273  -42.352794360    9.816793198
    0.666398442    0.000000000   18.285093058  -35.053218909   13.843577161
    0.856797996    0.000000000   13.440213024  -14.002323469   18.177050945
    1.047197551    0.000000000   13.509586075   15.338091198   21.712791528
    1.237597106    0.000000000   19.275938065   44.282765593   23.481229629
    1.427996661    0.000000000   29.832379789   64.527421835   23.069939816
    1.618396215    0.000000000   42.978372232   71.057748174   20.768601766
    1.808795770    0.000000000   55.986497758   63.342722881   17.352399013
    1.999195325    0.000000000   66.397793676   44.510702722   13.712255224
    2.189594880    0.000000000   72.536718381   19.305796793   10.504636302
    2.379994435    0.000000000   73.663483015   -7.351491041    7.994842002
    2.570393989    0.000000000   69.929112339  -31.082364653    6.073093836
    2.760793544    0.000000000   62.256455016  -48.190468704    4.414795862
    2.951193099    0.000000000   52.178989104  -56.099883126    2.664752552

   -3.141592654    0.349065850   42.826260852  -57.085377957    0.616900911
   -2.951193099    0.349065850   32.792848597  -47.312309637   -0.743313442
   -2.760793544    0.349065850   25.124011846  -32.965436171   -2.112059175
   -2.570393989    0.349065850   20.205812118  -19.274301351   -3.469399110
   -2.379994435    0.349065850   17.460010141  -10.705822170   -4.836584647
   -2.189594880    0.349065850   15.688745774   -9.012376981   -6.266692533
   -1.999195325    0.349065850   13.706401501  -12.295746311   -7.738717035
   -1.808795770    0.349065850   10.987837997  -15.838602561   -9.035591667
   -1.618396215    0.349065850    7.987902271  -14.521346228   -9.746686319
   -1.427996661    0.349065850    5.945907251   -5.625460461   -9.446374255
   -1.237597106    0.349065850    6.253894356    9.629852026   -7.954200358
   -1.047197551    0.349065850    9.727449299   26.654927815   -5.492068451
   -0.856797996    0.349065850   16.162408598   39.753722986   -2.613803502
   -0.666398442    0.349065850   24.347163731   44.461464719    0.048766317
   -0.475998887    0.349065850   32.465994913   39.015261723    2.105873086
   -0.285599332    0.349065850   38.645596458   24.538927511    3.582442821
   -0.095199777    0.349065850   41.471605670    4.482869012    4.922328829
    0.095199777    0.349065850   40.349111311  -15.930574944    6.790667645
    0.285599332    0.349065850   35.767063796  -30.871463350    9.754092231
    0.475998887    0.349065850   29.284799041  -35.197750493   13.955196849
    0.666398442    0.349065850   23.226248094  -26.361589923   18.922303747
    0.856797996    0.349065850   20.023009231   -5.853287996   23.651200966
    1.047197551    0.349065850   21.415152737   20.756563281   26.964455630
    1.237597106    0.349065850   27.835471390   45.613013921   28.005195425
    1.427996661    0.349065850   38.243568866   61.761654420   26.582752927
    1.618396215    0.349065850   50.560591610   65.387298626   23.206003153
    1.808795770    0.349065850   62.351444585   56.529279417   18.796073420
    1.999195325    0.349065850   71.486372597   38.136162821   14.301546884
    2.189594880    0.349065850   76.532657778   14.295797972   10.386487117
    2.379994435    0.349065850   76.852604937  -10.854022857    7.329188987
    2.570393989    0.349065850   72.562661645  -33.523556974    5.071846212
    2.760793544    0.349065850   64.468957930  -50.294635607    3.376069700
    2.951193099    0.349065850   53.969108638  -58.514114771    1.960732574

   -3.141592654    0.698131701   44.042047113  -58.194166365   -0.406037439
   -2.951193099    0.698131701   33.782645900  -48.572886986   -0.470528527
   -2.760793544    0.698131701   25.848330800  -34.490170809   -0.425871896
   -2.570393989    0.698131701   20.609781113  -21.113989640   -0.434572930
   -2.379994435    0.698131701   17.480649666  -12.883822561   -0.639133164
   -2.189594880    0.698131701   15.268097946  -11.432338573   -1.127207364
   -1.999195325    0.698131701   12.826562166  -14.616218108   -1.864333808
   -1.808795770    0.698131701    9.721359881  -17.467062984   -2.653192303
   -1.618396215    0.698131701    6.526663483  -14.852150065   -3.191786162
   -1.427996661    0.698131701    4.570838230   -4.390774066   -3.226449025
   -1.237597106    0.698131701    5.243823664   12.124651427   -2.699042264
   -1.047197551    0.698131701    9.253260218   29.635620499   -1.777188005
   -0.856797996    0.698131701   16.231352712   42.347794682   -0.726587651
   -0.666398442    0.698131701   24.830660105   46.194593483    0.271331950
   -0.475998887    0.698131701   33.206551455   40.068054718    1.276398009
   -0.285599332    0.698131701   39.583523130   25.733058609    2.590955366
   -0.095199777    0.698131701   42.741052759    6.970930899    4.649202990
    0.095199777    0.698131701   42.298563513  -11.145747141    7.822998020
    0.285599332    0.698131701   38.881499836  -23.436876019   12.194027027
    0.475998887    0.698131701   34.023850902  -25.772312698   17.403411095
    0.666398442    0.698131701   29.824266794  -16.611634607   22.636286552
    0.856797996    0.698131701   28.335099230    2.022659833   26.822725829
    1.047197551    0.698131701   30.889208046   24.830934854   28.996490795
    1.237597106    0.698131701   37.642223596   45.002061335   28.662864646
    1.427996661    0.698131701   47.513790491   56.926577471   25.981621920
    1.618396215    0.698131701   58.622814062   57.838846299   21.660971947
    1.808795770    0.698131701   68.869163626   48.159736023   16.642650377
    1.999195325    0.698131701   76.462802702   30.525150625   11.778276771
    2.189594880    0.698131701   80.208895752    8.337578502    7.622880976
    2.379994435    0.698131701   79.570877784  -14.981714915    4.416311811
    2.570393989    0.698131701   74.646900216  -36.131055167    2.157915918
    2.760793544    0.698131701   66.158885175  -51.921375268    0.723838137
    2.951193099    0.698131701   55.399051287  -59.687584996   -0.067861065

   -3.141592654    1.047197551   42.769127456  -58.096092723   -4.716647425
   -2.951193099    1.047197551   32.595039488  -47.812628156   -3.872935051
   -2.760793544    1.047197551   24.837455425  -33.447943479   -2.773467001
   -2.570393989    1.047197551   19.796351440  -20.128419624   -1.699849815
   -2.379994435    1.047197551   16.826742182  -12.221420920   -0.858787776
   -2.189594880    1.047197551   14.697801025  -11.219450079   -0.361526744
   -1.999195325    1.047197551   12.257282546  -14.792495526   -0.215671778
   -1.808795770    1.047197551    9.098054857  -17.815502967   -0.341572758
   -1.618396215    1.047197551    5.839502391  -15.145354306   -0.618727254
   -1.427996661    1.047197551    3.842062068   -4.543090676   -0.943540450
   -1.237597106    1.047197551    4.493907300   12.015136607   -1.249588558
   -1.047197551    1.047197551    8.475925076   29.437342037   -1.472867322
   -0.856797996    1.047197551   15.409570405   42.110179822   -1.477025942
   -0.666398442    1.047197551   23.990305577   46.340313922   -1.030657576
   -0.475998887    1.047197551   32.487982754   41.341414519    0.166279072
   -0.285599332    1.047197551   39.283412399   28.981195239    2.382517242
   -0.095199777    1.047197551   43.298521761   12.796431391    5.743880927
    0.095199777    1.047197551   44.216059353   -2.747575934   10.147506554
    0.285599332    1.047197551   42.585091329  -13.277826753   15.188358359
    0.475998887    1.047197551   39.708218201  -15.444845177   20.180277020
    0.666398442    1.047197551   37.332884446   -8.118883303   24.263388103
    0.856797996    1.047197551   37.138885012    6.890525725   26.633642313
    1.047197551    1.047197551   40.189785023   25.116588478   26.802554792
    1.237597106    1.047197551   46.568733484   40.919124067   24.762548807
    1.427996661    1.047197551   55.336144828   49.670829132   20.984176908
    1.618396215    1.047197551   64.890704796   49.036873742   16.210821981
    1.808795770    1.047197551   73.435399350   39.292182926   11.190301427
    1.999195325    1.047197551   79.417065106   22.569839326    6.488750905
    2.189594880    1.047197551   81.775808724    1.762371663    2.437147477
    2.379994435    1.047197551   80.029075126  -20.048926689   -0.798402390
    2.570393989    1.047197551   74.282910327  -39.703663644   -3.135797310
    2.760793544    1.047197551   65.250370270  -54.083268913   -4.531426870
    2.951193099    1.047197551   54.200313871  -60.591908488   -5.015115067

   -3.141592654    1.396263402   38.549559721  -57.212091964  -11.130134367
   -2.951193099    1.396263402   28.690370885  -45.463126539  -10.075122367
   -2.760793544    1.396263402   21.471812426  -30.246660309   -8.510556906
   -2.570393989    1.396263402   17.069188170  -16.723571370   -6.719242279
   -2.379994435    1.396263402   14.721380612   -9.172033889   -4.895004357
   -2.189594880    1.396263402   13.106719622   -8.915800213   -3.157073784
   -1.999195325    1.396263402   11.015469207  -13.452173273   -1.597602932
   -1.808795770    1.396263402    8.013424808  -17.508455261   -0.325407932
   -1.618396215    1.396263402    4.717769171  -15.829899932    0.537014064
   -1.427996661    1.396263402    2.509027102   -6.045249233    0.907142572
   -1.237597106    1.396263402    2.826153987   10.067184684    0.831751666
   -1.047197551    1.396263402    6.444612735   27.684382507    0.542645736
   -0.856797996    1.396263402   13.129876133   41.401792089    0.448541234
   -0.666398442    1.396263402   21.747131093   47.566474239    1.012987344
   -0.475998887    1.396263402   30.717005343   45.145350748    2.611094394
   -0.285599332    1.396263402   38.498940489   35.504490443    5.402971696
   -0.095199777    1.396263402   43.980423784   21.542193559    9.266801774
    0.095199777    1.396263402   46.687888029    7.073281749   13.809730626
    0.285599332    1.396263402   46.904203077   -3.982412493   18.389548886
    0.475998887    1.396263402   45.610290642   -8.387219931   22.228781539
    0.666398442    1.396263402   44.253997345   -4.641930875   24.576634595
    0.856797996    1.396263402   44.330005474    6.249415715   24.933811592
    1.047197551    1.396263402   46.893907296   20.791040428   23.217514895
    1.237597106    1.396263402   52.191019239   34.120258751   19.775272831
    1.427996661    1.396263402   59.544258624   41.840120300   15.250770035
    1.618396215    1.396263402   67.603252105   41.290586767   10.327532201
    1.808795770    1.396263402   74.728283137   32.158603800    5.516077078
    1.999195325    1.396263402   79.415969546   16.090516121    1.089560453
    2.189594880    1.396263402   80.594738227   -4.159893614   -2.847053000
    2.379994435    1.396263402   77.777195030  -25.333958903   -6.215137888
    2.570393989    1.396263402   71.111779679  -43.987240066   -8.875373738
    2.760793544    1.396263402   61.397345846  -56.875813515  -10.640785695
    2.951193099    1.396263402   49.985751535  -61.544532662  -11.384677374

   -3.141592654    1.745329252   32.111400780  -56.486696697  -16.734027779
   -2.951193099    1.745329252   22.573209525  -42.889337084  -15.976600018
   -2.760793544    1.745329252   15.976061368  -26.402913760  -14.436738633
   -2.570393989    1.745329252   12.376251440  -12.234830569  -12.329701437
   -2.379994435    1.745329252   10.899203630   -4.599226017   -9.810684676
   -2.189594880    1.745329252   10.125075316   -4.735418411   -6.997369117
   -1.999195325    1.745329252    8.758622178  -10.091539616   -4.033733765
   -1.808795770    1.745329252    6.288823560  -15.334365649   -1.150110975
   -1.618396215    1.745329252    3.277081136  -15.038895023    1.357329311
   -1.427996661    1.745329252    1.097191055   -6.480582359    3.226647792
   -1.237597106    1.745329252    1.262323739    9.028759787    4.372847010
   -1.047197551    1.745329252    4.706071392   27.067997874    4.969997933
   -0.856797996    1.745329252   11.403416777   42.308304934    5.425183881
   -0.666398442    1.745329252   20.405889280   50.789039438    6.214035418
   -0.475998887    1.745329252   30.229579712   50.858654320    7.690853972
   -0.285599332    1.745329252   39.301214425   43.188565352    9.946895852
   -0.095199777    1.745329252   46.350579423   30.112945635   12.748164607
    0.095199777    1.745329252   50.661538144   15.092415730   15.592098548
    0.285599332    1.745329252   52.234009128    2.012220277   17.804551289
    0.475998887    1.745329252   51.792289002   -5.585691579   18.744340566
    0.666398442    1.745329252   50.618109221   -5.545849676   18.014636315
    0.856797996    1.745329252   50.187339306    1.964095348   15.640144030
    1.047197551    1.745329252   51.691271489   14.154366105   12.069057188
    1.237597106    1.745329252   55.608447192   26.478048448    7.982426714
    1.427996661    1.745329252   61.503921110   34.310773674    4.022103403
    1.618396215    1.745329252   68.188447958   34.414760034    0.543768423
    1.808795770    1.745329252   74.067104308   25.898393876   -2.450369681
    1.999195325    1.745329252   77.595279599   10.114417761   -5.184436949
    2.189594880    1.745329252   77.642474676  -10.076247373   -7.894627265
    2.379994435    1.745329252   73.712198026  -31.036514536  -10.636068523
    2.570393989    1.745329252   66.022175717  -48.923272809  -13.218766404
    2.760793544    1.745329252   55.497254491  -60.328301344  -15.292102598
    2.951193099    1.745329252   43.613736875  -62.971389807  -16.521335317

   -3.141592654    2.094395102   25.188012799  -56.714332683  -18.348968273
   -2.951193099    2.094395102   15.773456133  -41.407240247  -17.757210447
   -2.760793544    2.094395102    9.598373427  -23.519031158  -16.188683606
   -2.570393989    2.094395102    6.656722918   -8.253188065  -13.802842521
   -2.379994435    2.094395102    6.023522514    0.245236305  -10.755330415
   -2.189594880    2.094395102    6.236378521    0.739257724   -7.190841338
   -1.999195325    2.094395102    5.945255685   -4.352504564   -3.282653786
   -1.808795770    2.094395102    4.552198907   -9.865622297    0.706994252
   -1.618396215    2.094395102    2.510576577  -10.407157653    4.428051848
   -1.427996661    2.094395102    1.104199357   -3.019736222    7.526959293
   -1.237597106    2.094395102    1.823223741   11.430390788    9.789374036
   -1.047197551    2.094395102    5.666488118   28.976211275   11.240442176
   -0.856797996    2.094395102   12.740620672   44.475809394   12.139157260
   -0.666398442    2.094395102   22.230531057   53.799818506   12.835039448
   -0.475998887    2.094395102   32.721752113   54.828016989   13.589317294
   -0.285599332    2.094395102   42.609194645   47.654148952   14.440795633
   -0.095199777    2.094395102   50.484451735   34.136161589   15.155124652
    0.095199777    2.094395102   55.425602146   17.487802981   15.303363161
    0.285599332    2.094395102   57.213840549    1.742946869   14.396302464
    0.475998887    2.094395102   56.423677980   -8.996861936   12.120935976
    0.666398442    2.094395102   54.323549716  -11.718558288    8.533618351
    0.856797996    2.094395102   52.542407379   -5.787220743    4.138506488
    1.047197551    2.094395102   52.543089470    6.375680559   -0.269050150
    1.237597106    2.094395102   55.085816351   19.987092994   -3.927940184
    1.427996661    2.094395102   59.919930819   29.673825083   -6.421851767
    1.618396215    2.094395102   65.879725387   31.329365024   -7.830813838
    1.808795770    2.094395102   71.251288713   23.496595527   -8.628125498
    1.999195325    2.094395102   74.310095009    7.456302244   -9.413859022
    2.189594880    2.094395102   73.778553296  -13.533488491  -10.635373003
    2.379994435    2.094395102   69.114273853  -35.214564320  -12.412742961
    2.570393989    2.094395102   60.605803819  -53.196780182  -14.518654248
    2.760793544    2.094395102   49.325921182  -63.834858650  -16.504744568
    2.951193099    2.094395102   36.906261213  -64.995057359  -17.894129033

   -3.141592654    2.443460953   18.928019865  -57.614702495  -11.949217048
   -2.951193099    2.443460953    9.501047281  -40.627450886  -10.959195513
   -2.760793544    2.443460953    3.642803664  -20.988231234   -9.241437849
   -2.570393989    2.443460953    1.346314436   -4.029762998   -6.930468319
   -2.379994435    2.443460953    1.667306353    6.007451032   -4.135519916
   -2.189594880    2.443460953    3.103333185    7.761166038   -0.898996112
   -1.999195325    2.443460953    4.233701412    3.453913823    2.766059881
   -1.808795770    2.443460953    4.348686414   -1.962769127    6.763440650
   -1.618396215    2.443460953    3.759112284   -3.188820936   10.827831870
   -1.427996661    2.443460953    3.609762492    2.878751893   14.539667562
   -1.237597106    2.443460953    5.302222160   15.740191533   17.460366141
   -1.047197551    2.443460953    9.825063779   31.857803043   19.302437769
   -0.856797996    2.443460953   17.344599342   46.343750689   20.027691476
   -0.666398442    2.443460953   27.126528108   55.037810004   19.805204778
   -0.475998887    2.443460953   37.804420352   55.528841043   18.869968519
   -0.285599332    2.443460953   47.754037451   47.512414286   17.369444070
   -0.095199777    2.443460953   55.474098757   32.527787166   15.264126465
    0.095199777    2.443460953   59.911194522   13.689682183   12.362442434
    0.285599332    2.443460953   60.730188501   -4.666219010    8.454158356
    0.475998887    2.443460953   58.485659879  -17.753050458    3.549074463
    0.666398442    2.443460953   54.577953110  -21.686014514   -1.953994364
    0.856797996    2.443460953   50.919305896  -15.213258049   -7.269815055
    1.047197551    2.443460953   49.317317068   -0.778326946  -11.486368725
    1.237597106    2.443460953   50.801459719   16.103290294  -13.948562671
    1.427996661    2.443460953   55.205144166   28.925520891  -14.536268944
    1.618396215    2.443460953   61.236670921   32.597014850  -13.701328516
    1.808795770    2.443460953   66.918451061   25.240881228  -12.227064167
    1.999195325    2.443460953   70.244130071    8.346758497  -10.894935641
    2.189594880    2.443460953   69.739294454  -14.191544988  -10.213195878
    2.379994435    2.443460953   64.799438418  -37.379753412  -10.306126897
    2.570393989    2.443460953   55.779749818  -56.262143554  -10.949437801
    2.760793544    2.443460953   43.899095898  -66.925862459  -11.718043821
    2.951193099    2.443460953   30.955563227  -67.280958646  -12.160929723

   -3.141592654    2.792526803   16.393687737  -56.788227813    0.547950351
   -2.951193099    2.792526803    7.205805425  -38.957181939    2.198383383
   -2.760793544    2.792526803    1.746593249  -18.490639963    4.005582490
   -2.570393989    2.792526803    0.000000000   -0.760595438    5.908113088
   -2.379994435    2.792526803    1.017836893   10.065366154    7.939230605
   -2.189594880    2.792526803    3.309986129   12.712848150   10.260255577
   -1.999195325    2.792526803    5.474967481    9.363012493   13.079984965
   -1.808795770    2.792526803    6.795100934    4.727058121   16.470799031
   -1.618396215    2.792526803    7.514530196    3.751881252   20.206358776
   -1.427996661    2.792526803    8.648396583    9.271943408   23.749130833
   -1.237597106    2.792526803   11.439969742   20.771003996   26.425424067
   -1.047197551    2.792526803   16.743237922   34.961962584   27.689158542
   -0.856797996    2.792526803   24.651511762   47.315675781   27.312857770
   -0.666398442    2.792526803   34.419020513   53.931435636   25.407832513
   -0.475998887    2.792526803   44.697907128   52.455196684   22.286188704
   -0.285599332    2.792526803   53.876318561   42.469309903   18.274352118
   -0.095199777    2.792526803   60.438730491   25.391507799   13.573018517
    0.095199777    2.792526803   63.310686190    4.397551486    8.254775017
    0.285599332    2.792526803   62.177738667  -15.771511833    2.377195192
    0.475998887    2.792526803   57.721346005  -29.653822365   -3.812753253
    0.666398442    2.792526803   51.599963878  -32.717760662   -9.758361482
    0.856797996    2.792526803   46.070564833  -23.532371758  -14.654409615
    1.047197551    2.792526803   43.253453057   -5.072801658  -17.731150828
    1.237597106    2.792526803   44.329336348   16.056497045  -18.598705097
    1.427996661    2.792526803   49.060659205   32.186537736  -17.429847716
    1.618396215    2.792526803   55.899488080   37.532283709  -14.882505622
    1.808795770    2.792526803   62.545256569   30.197457137  -11.789543450
    1.999195325    2.792526803   66.719492063   12.180839963   -8.851735541
    2.189594880    2.792526803   66.796973352  -11.921368755   -6.452823233
    2.379994435    2.792526803   62.149368781  -36.507228243   -4.655425501
    2.570393989    2.792526803   53.202811346  -56.258219101   -3.294792711
    2.760793544    2.792526803   41.291840502  -67.143355146   -2.116314482
    2.951193099    2.792526803   28.332544840  -67.156557305   -0.883744628
