#! FIELDS phi psi file.free der_phi der_psi
#! SET min_phi -pi
#! SET max_phi pi
#! SET nbins_phi  33
#! SET periodic_phi true
#! SET min_psi -pi
#! SET max_psi pi
#! SET nbins_psi  18
#! SET periodic_psi true
   -3.141592654   -3.141592654   17.640219785  -53.248511049   17.103131644
   -2.951193099   -3.141592654    9.191417959  -34.893023223   19.422143531
   -2.760793544   -3.141592654    4.494652092  -14.706249198   20.951000093
   -2.570393989   -3.141592654    3.392158817    2.126516308   21.816652312
   -2.379994435   -3.141592654    4.869979946   12.051509799   22.361896709
   -2.189594880   -3.141592654    7.504687535   14.471172208   23.094926398
   -1.999195325   -3.141592654   10.067160329   11.941309097   24.514789245
   -1.808795770   -3.141592654   12.029139920    8.969079227   26.853791014
   -1.618396215   -3.141592654   13.731559139    9.763298959   29.875754145
   -1.427996661   -3.141592654   16.123475987   16.269523090   32.887706558
   -1.237597106   -3.141592654   20.234823353   27.370776133   34.979048666
   -1.047197551   -3.141592654   26.640749286   39.715562586   35.374525867
   -0.856797996   -3.141592654   35.191195933   49.167088433   33.691766795
   -0.666398442   -3.141592654   44.990263853   52.361457527   30.004006867
   -0.475998887   -3.141592654   54.635515526   47.369460481   24.707358106
   -0.285599332   -3.141592654   62.521176218   34.002318302   18.339895270
   -0.095199777   -3.141592654   67.170726215   13.824098896   11.424055024
    0.095199777   -3.141592654   67.585872807   -9.732683698    4.420135826
    0.285599332   -3.141592654   63.596086092  -31.441614038   -2.242639156
    0.475998887   -3.141592654   56.134471566  -45.255698792   -8.098246548
    0.666398442   -3.141592654   47.210552132  -46.204508113  -12.640746796
    0.856797996   -3.141592654   39.477143193  -32.896691870  -15.427439861
    1.047197551   -3.141592654   35.385695174   -8.949718148  -16.260752354
    1.237597106   -3.141592654   36.273458472   17.890142683  -15.317412301
    1.427996661   -3.141592654   41.821549878   38.651605359  -13.092452432
    1.618396215   -3.141592654   50.174105670   46.573633863  -10.189043769
    1.808795770   -3.141592654   58.597518492   39.449471321   -7.049230957
    1.999195325   -3.141592654   64.395797857   19.744207880   -3.841953358
    2.189594880   -3.141592654   65.675303764   -6.908138525   -0.518055261
    2.379994435   -3.141592654   61.754559573  -33.761000133    3.013600879
    2.570393989   -3.141592654   53.197818361  -54.707547242    6.746109645
    2.760793544   -3.141592654   41.571310835  -65.542036881   10.518327998
    2.951193099   -3.141592654   28.997152640  -64.655469900   14.064053446

   -3.141592654   -2.792526803   25.241073613  -49.096740400   25.220376127
   -2.951193099   -2.792526803   17.415862084  -32.513928490   27.263321809
   -2.760793544   -2.792526803   13.013724329  -13.933416626   28.244902611
   -2.570393989   -2.792526803   11.945686347    1.841768821   28.407497981
   -2.379994435   -2.792526803   13.340200627   11.638864060   28.196810928
   -2.189594880   -2.792526803   15.972981436   15.041737637   28.186058198
   -1.999195325   -2.792526803   18.811017781   14.363345587   28.885874778
   -1.808795770   -2.792526803   21.428034370   13.367707041   30.483136337
   -1.618396215   -2.792526803   24.093605931   15.258234618   32.652243159
   -1.427996661   -2.792526803   27.503874841   21.151980854   34.600414405
   -1.237597106   -2.792526803   32.328746446   29.692263616   35.348649197
   -1.047197551   -2.792526803   38.806103384   37.974842727   34.126458197
   -0.856797996   -2.792526803   46.584341947   42.804349333   30.648913070
   -0.666398442   -2.792526803   54.759646352   41.827463321   25.181708947
   -0.475998887   -2.792526803   62.094636599   33.898604823   18.372934288
   -0.285599332   -2.792526803   67.260609499   19.193309378   11.017404774
   -0.095199777   -2.792526803   69.089469036   -0.738301597    3.835924974
    0.095199777   -2.792526803   66.862677664  -22.723728920   -2.625992690
    0.285599332   -2.792526803   60.630678049  -41.861996555   -7.991074089
    0.475998887   -2.792526803   51.486876683  -52.411235021  -11.991600988
    0.666398442   -2.792526803   41.543454866  -49.715021833  -14.432737200
    0.856797996   -2.792526803   33.487969182  -32.800267509  -15.232849897
    1.047197551   -2.792526803   29.717517866   -5.788206316  -14.493809761
    1.237597106   -2.792526803   31.422197357   23.149113845  -12.531094431
    1.427996661   -2.792526803   38.083618715   44.932570583   -9.778873174
    1.618396215   -2.792526803   47.663006389   53.101983046   -6.621750958
    1.808795770   -2.792526803   57.327497903   45.961285911   -3.235883284
    1.999195325   -2.792526803   64.373615515   26.386176431    0.411527974
    2.189594880   -2.792526803   66.950101132    0.095979517    4.439696784
    2.379994435   -2.792526803   64.401669761  -26.383325965    8.872180534
    2.570393989   -2.792526803   57.262279961  -47.287202530   13.539398621
    2.760793544   -2.792526803   47.009235060  -58.654705207   18.087879654
    2.951193099   -2.792526803   35.648300480  -58.908698883   22.098490406

   -3.141592654   -2.443460953   33.938457343  -44.920130569   23.084780187
   -2.951193099   -2.443460953   26.731194519  -30.200847882   24.771206519
   -2.760793544   -2.443460953   22.608095351  -13.249299034   25.558765421
   -2.570393989   -2.443460953   21.555339775    1.436999464   25.658234132
   -2.379994435   -2.443460953   22.832459214   10.961815288   25.409477723
   -2.189594880   -2.443460953   25.383168986   14.995720491   25.221153706
   -1.999195325   -2.443460953   28.325258695   15.557259729   25.422226415
   -1.808795770   -2.443460953   31.285329485   15.683295895   26.065526380
   -1.618396215   -2.443460953   34.424372174   17.684844855   26.804277165
   -1.427996661   -2.443460953   38.178573261   22.052768404   26.971215695
   -1.237597106   -2.443460953   42.896239926   27.454623439   25.835697174
   -1.047197551   -2.443460953   48.567237767   31.688617705   22.927460536
   -0.856797996   -2.443460953   54.768108182   32.659634814   18.232352137
   -0.666398442   -2.443460953   60.731189176   29.003812525   12.206243889
   -0.475998887   -2.443460953   65.504738647   20.136569981    5.586506202
   -0.285599332   -2.443460953   68.099499349    6.225397182   -0.838075931
   -0.095199777   -2.443460953   67.642413859  -11.602095815   -6.435773593
    0.095199777   -2.443460953   63.608603266  -30.765088376  -10.830621103
    0.285599332   -2.443460953   56.132980016  -46.883833942  -13.883582550
    0.475998887   -2.443460953   46.310044622  -54.557694208  -15.619969942
    0.666398442   -2.443460953   36.205127275  -49.323115971  -16.140457807
    0.856797996   -2.443460953   28.428956394  -30.328033661  -15.587424887
    1.047197551   -2.443460953   25.281563707   -1.799491451  -14.135918449
    1.237597106   -2.443460953   27.840110591   28.049318380  -11.994880327
    1.427996661   -2.443460953   35.480549141   50.259216501   -9.373005658
    1.618396215   -2.443460953   46.096287532   58.661422785   -6.422109879
    1.808795770   -2.443460953   56.849151070   51.870099153   -3.181806517
    1.999195325   -2.443460953   65.075676468   32.917323821    0.387514296
    2.189594880   -2.443460953   68.969978889    7.398472903    4.325029733
    2.379994435   -2.443460953   67.875347621  -18.485139658    8.562907519
    2.570393989   -2.443460953   62.256993482  -39.332280755   12.886057079
    2.760793544   -2.443460953   53.467825683  -51.370198740   16.961762940
    2.951193099   -2.443460953   43.376523325  -52.965934975   20.446135221

   -3.141592654   -2.094395102   40.533374953  -41.147544523   13.689044620
   -2.951193099   -2.094395102   33.926375341  -27.681921420   14.817419588
   -2.760793544   -2.094395102   30.165924482  -11.940871285   15.451709277
   -2.570393989   -2.094395102   29.259634430    1.714766740   15.660935414
   -2.379994435   -2.094395102   30.519183574   10.571335365   15.536093253
   -2.189594880   -2.094395102   32.968048326   14.385978330   15.188889582
   -1.999195325   -2.094395102   35.797032217   14.993950755   14.698943559
   -1.808795770   -2.094395102   38.641960915   14.954718695   14.021654630
   -1.618396215   -2.094395102   41.570443622   16.046000116   12.938747954
   -1.427996661   -2.094395102   44.844948139   18.495596120   11.128416279
   -1.237597106   -2.094395102   48.636724857   21.221599646    8.322777143
   -1.047197551   -2.094395102   52.853315439   22.712404192    4.481540602
   -0.856797996   -2.094395102   57.139725635   21.732246681   -0.141090550
   -0.666398442   -2.094395102   60.944259637   17.526276457   -5.039449753
   -0.475998887   -2.094395102   63.604573013    9.674953966   -9.626266432
   -0.285599332   -2.094395102   64.404775190   -1.988878158  -13.397283523
   -0.095199777   -2.094395102   62.650471370  -16.965131163  -16.059046130
    0.095199777   -2.094395102   57.867369084  -33.323448696  -17.572907090
    0.285599332   -2.094395102   50.133347070  -47.146872977  -18.092987669
    0.475998887   -2.094395102   40.423937066  -53.205117501  -17.876563843
    0.666398442   -2.094395102   30.679440982  -46.967413750  -17.162237003
    0.856797996   -2.094395102   23.412064472  -27.378819926  -16.104872339
    1.047197551   -2.094395102   20.865170692    1.551282367  -14.743403024
    1.237597106   -2.094395102   24.094845584   31.759261918  -13.038650718
    1.427996661   -2.094395102   32.479890386   54.379313652  -10.940256323
    1.618396215   -2.094395102   43.927733666   63.296296691   -8.439995671
    1.808795770   -2.094395102   55.621016697   57.116589186   -5.581142573
    1.999195325   -2.094395102   64.909244898   38.808998734   -2.458671920
    2.189594880   -2.094395102   69.980696589   13.826824630    0.804194316
    2.379994435   -2.094395102   70.141126260  -11.799883428    4.052197008
    2.570393989   -2.094395102   65.788323818  -32.811601627    7.112751492
    2.760793544   -2.094395102   58.190251157  -45.458934649    9.812198119
    2.951193099   -2.094395102   49.138139664  -48.019306854   12.023419924

   -3.141592654   -1.745329252   42.622944493  -39.441070581    4.889691214
   -2.951193099   -1.745329252   36.302453328  -26.384324131    5.402108283
   -2.760793544   -1.745329252   32.749622018  -11.071063404    5.742481113
   -2.570393989   -1.745329252   31.959716437    2.044462014    5.883782023
   -2.379994435   -1.745329252   33.219740596   10.219493783    5.738785267
   -2.189594880   -1.745329252   35.524338987   13.192185257    5.192734659
   -1.999195325   -1.745329252   38.028075766   12.726443920    4.122703376
   -1.808795770   -1.745329252   40.313307331   11.283385238    2.405104772
   -1.618396215   -1.745329252   42.383076366   10.659048826   -0.049594458
   -1.427996661   -1.745329252   44.459654587   11.325536870   -3.221737411
   -1.237597106   -1.745329252   46.743701855   12.674233154   -6.927448935
   -1.047197551   -1.745329252   49.270530499   13.700172083  -10.815279195
   -0.856797996   -1.745329252   51.893510172   13.489660426  -14.449287243
   -0.666398442   -1.745329252   54.296958563   11.222574509  -17.407302640
   -0.475998887   -1.745329252   56.006314793    6.073752625  -19.399048328
   -0.285599332   -1.745329252   56.393510518   -2.745760229  -20.320778049
   -0.095199777   -1.745329252   54.733269621  -15.340428862  -20.267649054
    0.095199777   -1.745329252   50.419744278  -30.177781030  -19.510353787
    0.285599332   -1.745329252   43.350544060  -43.468566212  -18.399285597
    0.475998887   -1.745329252   34.323665009  -49.814886746  -17.271473023
    0.666398442   -1.745329252   25.158109009  -44.307971150  -16.328280939
    0.856797996   -1.745329252   18.326857141  -25.412010880  -15.580213725
    1.047197551   -1.745329252   16.120855478    3.257670028  -14.845968670
    1.237597106   -1.745329252   19.696909474   33.775827954  -13.847873445
    1.427996661   -1.745329252   28.533877518   57.145003612  -12.360718426
    1.618396215   -1.745329252   40.593211951   66.931926821  -10.319841695
    1.808795770   -1.745329252   53.048264298   61.413593231   -7.839397125
    1.999195325   -1.745329252   63.188582083   43.382225235   -5.162076940
    2.189594880   -1.745329252   69.125533001   18.271389516   -2.552176525
    2.379994435   -1.745329252   70.095741461   -7.786341840   -0.229101755
    2.570393989   -1.745329252   66.451962193  -29.404408384    1.676829368
    2.760793544   -1.745329252   59.441376619  -42.696414361    3.125025243
    2.951193099   -1.745329252   50.858745848  -45.838016558    4.163426626

   -3.141592654   -1.396263402   40.863159348  -39.848499318    2.764290016
   -2.951193099   -1.396263402   34.474867213  -26.675680558    2.661948549
   -2.760793544   -1.396263402   30.884196527  -11.188371510    2.406126979
   -2.570393989   -1.396263402   30.079578522    1.966372352    1.962726678
   -2.379994435   -1.396263402   31.305202802    9.862791013    1.190014795
   -2.189594880   -1.396263402   33.477528013   12.065465763   -0.126879420
   -1.999195325   -1.396263402   35.646834726   10.246771513   -2.209326281
   -1.808795770   -1.396263402   37.292811325    6.997864491   -5.190835883
   -1.618396215   -1.396263402   38.369135227    4.555613238   -9.010758026
   -1.427996661   -1.396263402   39.154530326    4.023558136  -13.340097633
   -1.237597106   -1.396263402   40.024548659    5.352628366  -17.615397171
   -1.047197551   -1.396263402   41.265479888    7.732834512  -21.178980885
   -0.856797996   -1.396263402   42.974680856   10.006221829  -23.487451743
   -0.666398442   -1.396263402   44.998818017   10.748850130  -24.262262346
   -0.475998887   -1.396263402   46.897082730    8.450960866  -23.560063908
   -0.285599332   -1.396263402   47.952549949    1.739531470  -21.718559145
   -0.095199777   -1.396263402   47.261975034   -9.848850120  -19.235716918
    0.095199777   -1.396263402   43.995852766  -24.860536154  -16.645523803
    0.285599332   -1.396263402   37.839272919  -39.343242530  -14.374119824
    0.475998887   -1.396263402   29.431936288  -47.477650016  -12.671817977
    0.666398442   -1.396263402   20.535100340  -43.770210704  -11.565191588
    0.856797996   -1.396263402   13.679374020  -26.069826517  -10.891007786
    1.047197551   -1.396263402   11.313767167    2.410293763  -10.359967130
    1.237597106   -1.396263402   14.792800404   33.730477465   -9.663928903
    1.427996661   -1.396263402   23.750187925   58.485269469   -8.593947980
    1.618396215   -1.396263402   36.200362263   69.630600279   -7.095193026
    1.808795770   -1.396263402   49.258024371   64.911476990   -5.266434896
    1.999195325   -1.396263402   60.080305290   46.913667508   -3.305412615
    2.189594880   -1.396263402   66.638865642   21.172180078   -1.425341116
    2.379994435   -1.396263402   68.071077494   -5.869642466    0.192756881
    2.570393989   -1.396263402   64.694576724  -28.497956221    1.431936466
    2.760793544   -1.396263402   57.777194667  -42.569889493    2.243768795
    2.951193099   -1.396263402   49.171545790  -46.146059683    2.659541302

   -3.141592654   -1.047197551   38.588614753  -42.093145807    3.738708094
   -2.951193099   -1.047197551   31.782408628  -28.775036995    2.672906816
   -2.760793544   -1.047197551   27.826211647  -12.918970367    1.351870621
   -2.570393989   -1.047197551   26.723003701    0.512046049   -0.156150246
   -2.379994435   -1.047197551   27.665722025    8.241640083   -1.917323650
   -2.189594880   -1.047197551   29.460019849    9.593429487   -4.123333116
   -1.999195325   -1.047197551   31.024667848    6.285887522   -7.000442562
   -1.808795770   -1.047197551   31.752977013    1.338083280  -10.646500708
   -1.618396215   -1.047197551   31.624908618   -2.283245264  -14.866719874
   -1.427996661   -1.047197551   31.089435088   -2.760732404  -19.116198366
   -1.237597106   -1.047197551   30.798365499    0.206908637  -22.624053663
   -1.047197551   -1.047197551   31.326942118    5.567278062  -24.658626456
   -0.856797996   -1.047197551   32.963972202   11.437860315  -24.807795267
   -0.666398442   -1.047197551   35.584948617   15.455709511  -23.121062974
   -0.475998887   -1.047197551   38.609324945   15.337229790  -20.072354210
   -0.285599332   -1.047197551   41.066006571    9.312455506  -16.375942701
   -0.095199777   -1.047197551   41.765091713   -3.057580587  -12.742362088
    0.095199777   -1.047197551   39.628681797  -19.920948132   -9.689618503
    0.285599332   -1.047197551   34.192903416  -36.738753794   -7.414656401
    0.475998887   -1.047197551   26.067191230  -47.040402763   -5.834475730
    0.666398442   -1.047197551   17.100472535  -44.794586212   -4.698425171
    0.856797996   -1.047197551    9.991861718  -27.536906835   -3.756738236
    1.047197551   -1.047197551    7.388336839    1.513360432   -2.859022045
    1.237597106   -1.047197551   10.810343039   34.079623265   -1.960229269
    1.427996661   -1.047197551   19.971638219   60.243752638   -1.075053080
    1.618396215   -1.047197551   32.867285731   72.448777487   -0.199490726
    1.808795770   -1.047197551   46.510630203   68.113154803    0.699295767
    1.999195325   -1.047197551   57.921728401   49.783318637    1.653975007
    2.189594880   -1.047197551   64.949908096   23.162418532    2.647720357
    2.379994435   -1.047197551   66.653224326   -5.035204509    3.581746523
    2.570393989   -1.047197551   63.321737684  -28.845422579    4.291919188
    2.760793544   -1.047197551   56.238695200  -43.912646612    4.604581963
    2.951193099   -1.047197551   47.308341041  -48.149735487    4.418595928

   -3.141592654   -0.698131701   38.361839508  -45.315143183    3.708208690
   -2.951193099   -0.698131701   30.910203378  -32.260909108    1.474531432
   -2.760793544   -0.698131701   26.292257259  -16.346504772   -1.046772439
   -2.570393989   -0.698131701   24.546431481   -2.839796126   -3.648534625
   -2.379994435   -0.698131701   24.834329996    4.632996093   -6.279261447
   -2.189594880   -0.698131701   25.875219729    5.200262081   -9.073976796
   -1.999195325   -0.698131701   26.495894015    0.737943693  -12.243299687
   -1.808795770   -0.698131701   26.066533982   -5.180562276  -15.841010651
   -1.618396215   -0.698131701   24.673250944   -8.838522297  -19.558252848
   -1.427996661   -0.698131701   23.001630263   -7.867028811  -22.705334776
   -1.237597106   -0.698131701   21.996516900   -1.969512805  -24.443625731
   -1.047197551   -0.698131701   22.463094602    7.152906183  -24.161162438
   -0.856797996   -0.698131701   24.753693499   16.590096703  -21.774585442
   -0.666398442   -0.698131701   28.608873936   23.006519480  -17.789398921
   -0.475998887   -0.698131701   33.165133969   23.572386196  -13.096358670
   -0.285599332   -0.698131701   37.118642919   16.554783491   -8.636025245
   -0.095199777   -0.698131701   39.006865615    2.055211637   -5.062464028
    0.095199777   -0.698131701   37.612011924  -17.221445030   -2.574366418
    0.285599332   -0.698131701   32.496446177  -35.934676265   -0.911929907
    0.475998887   -0.698131701   24.422310251  -47.115479316    0.417541037
    0.666398442   -0.698131701   15.442055541  -44.721805624    1.852892305
    0.856797996   -0.698131701    8.417561988  -26.690342450    3.539281345
    1.047197551   -0.698131701    6.060686272    3.211348303    5.288197178
    1.237597106   -0.698131701    9.863338947   36.286167641    6.750050361
    1.427996661   -0.698131701   19.458603983   62.519888960    7.641721162
    1.618396215   -0.698131701   32.769734969   74.498580460    7.927417008
    1.808795770   -0.698131701   46.772757907   69.836128717    7.797594503
    1.999195325   -0.698131701   58.480249083   51.170991200    7.536651657
    2.189594880   -0.698131701   65.735785338   24.143466690    7.345154080
    2.379994435   -0.698131701   67.571971258   -4.660509015    7.239689560
    2.570393989   -0.698131701   64.232813395  -29.341715737    7.051030276
    2.760793544   -0.698131701   56.956634049  -45.452801330    6.518822540
    2.951193099   -0.698131701   47.635838742  -50.683919474    5.428484099

   -3.141592654   -0.349065850   39.110381149  -49.945684402    3.180386500
   -2.951193099   -0.349065850   30.704397854  -37.561571731    0.185901143
   -2.760793544   -0.349065850   25.052151085  -21.827619941   -2.975315734
   -2.570393989   -0.349065850   22.270677494   -8.216906201   -6.046060240
   -2.379994435   -0.349065850   21.541857235   -0.708069659   -8.932137422
   -2.189594880   -0.349065850   21.545541406   -0.403740492  -11.734611408
   -1.999195325   -0.349065850   21.059757146   -5.261250153  -14.614556729
   -1.808795770   -0.349065850   19.480738521  -11.114540125  -17.538084659
   -1.618396215   -0.349065850   17.051691865  -13.538872257  -20.095249919
   -1.427996661   -0.349065850   14.722019705   -9.828976928  -21.564961244
   -1.237597106   -0.349065850   13.699616990   -0.066320482  -21.235271372
   -1.047197551   -0.349065850   14.914727747   13.030636469  -18.807742060
   -0.856797996   -0.349065850   18.624691821   25.345683679  -14.622650133
   -0.666398442   -0.349065850   24.271071823   32.706815952   -9.568519757
   -0.475998887   -0.349065850   30.598033769   32.150477100   -4.715380480
   -0.285599332   -0.349065850   35.954445297   22.546775425   -0.900457890
   -0.095199777   -0.349065850   38.696734037    5.052981784    1.587183950
    0.095199777   -0.349065850   37.637719744  -16.494838412    3.054080864
    0.285599332   -0.349065850   32.556388545  -36.033964541    4.218039115
    0.475998887   -0.349065850   24.507411345  -46.538445650    5.814870880
    0.666398442   -0.349065850   15.778930598  -42.600637848    8.212987101
    0.856797996   -0.349065850    9.306664741  -23.135682941   11.208105460
    1.047197551   -0.349065850    7.696137620    7.287175098   14.129218127
    1.237597106   -0.349065850   12.232902767   39.729408365   16.215050183
    1.427996661   -0.349065850   22.357990069   64.567623949   16.991946629
    1.618396215   -0.349065850   35.914355101   75.066750915   16.485742751
    1.808795770   -0.349065850   49.918648757   69.389836743   15.117406641
    1.999195325   -0.349065850   61.493778043   50.322343322   13.443447999
    2.189594880   -0.349065850   68.581141025   23.260122145   11.870622991
    2.379994435   -0.349065850   70.244630069   -5.630989123   10.519547165
    2.570393989   -0.349065850   66.683408251  -30.781203666    9.234827948
    2.760793544   -0.349065850   59.050932827  -47.819659484    7.725593433
    2.951193099   -0.349065850   49.168516638  -54.235827781    5.737337154

   -3.141592654    0.000000000   40.271123656  -55.187022424    2.186867955
   -2.951193099    0.000000000   30.813068856  -43.266338009   -0.677636746
   -2.760793544    0.000000000   24.070633953  -27.481308716   -3.513123660
   -2.570393989    0.000000000   20.247839573  -13.464225110   -6.155708637
   -2.379994435    0.000000000   18.562832065   -5.522244028   -8.572768015
   -2.189594880    0.000000000   17.676472131   -4.965766654  -10.859509051
   -1.999195325    0.000000000   16.341746946   -9.574641643  -13.092428937
   -1.808795770    0.000000000   14.002773298  -14.633397207  -15.113995072
   -1.618396215    0.000000000   11.063396334  -15.164427027  -16.442074378
   -1.427996661    0.000000000    8.700012332   -8.388907488  -16.433079185
   -1.237597106    0.000000000    8.292258482    4.950968789  -14.634310016
   -1.047197551    0.000000000   10.762104276   20.985188623  -11.118072150
   -0.856797996    0.000000000   16.136730694   34.524951627   -6.551334507
   -0.666398442    0.000000000   23.478167896   40.988722387   -1.950676086
   -0.475998887    0.000000000   31.155971473   37.846265299    1.766209444
   -0.285599332    0.000000000   37.294625468   25.075779725    4.149985974
   -0.095199777    0.000000000   40.264804890    5.125806889    5.396705375
    0.095199777    0.000000000   39.115748934  -17.187568910    6.220113387
    0.285599332    0.000000000   33.984884099  -35.567805303    7.512983038
    0.475998887    0.000000000   26.247175273  -43.613380403    9.909740975
    0.666398442    0.000000000   18.326013580  -37.165002351   13.453880742
    0.856797996    0.000000000   13.040200060  -16.421118737   17.534687741
    1.047197551    0.000000000   12.680739204   13.376592141   21.144741006
    1.237597106    0.000000000   18.179953626   43.532292953   23.355351841
    1.427996661    0.000000000   28.746988078   65.397142967   23.708735793
    1.618396215    0.000000000   42.203871013   73.343176233   22.363668120
    1.808795770    0.000000000   55.721740556   66.218235371   19.909854821
    1.999195325    0.000000000   66.646839168   46.829174636   17.047107836
    2.189594880    0.000000000   73.094738101   20.099228828   14.283939218
    2.379994435    0.000000000   74.194473116   -8.433941641   11.819334619
    2.570393989    0.000000000   70.102460132  -33.643214922    9.571179948
    2.760793544    0.000000000   61.875970019  -51.276424966    7.325705805
    2.951193099    0.000000000   51.250230789  -58.614701990    4.887074644

   -3.141592654    0.349065850   42.113392601  -59.523268941    1.964020625
   -2.951193099    0.349065850   31.804837200  -47.793288479    0.149662599
   -2.760793544    0.349065850   24.204033953  -31.912451269   -1.477775109
   -2.570393989    0.349065850   19.562763200  -17.608760851   -2.945407950
   -2.379994435    0.349065850   17.116216644   -9.380743622   -4.347506490
   -2.189594880    0.349065850   15.517014953   -8.586314615   -5.797536719
   -1.999195325    0.349065850   13.527927698  -12.751113071   -7.298763478
   -1.808795770    0.349065850   10.674257957  -16.712043383   -8.615050802
   -1.618396215    0.349065850    7.516415311  -15.222868715   -9.286480038
   -1.427996661    0.349065850    5.392813236   -5.747273426   -8.841393523
   -1.237597106    0.349065850    5.743399110   10.171503908   -7.089344673
   -1.047197551    0.349065850    9.372731423   27.691989066   -4.304868088
   -0.856797996    0.349065850   16.032452386   41.012572389   -1.148372852
   -0.666398442    0.349065850   24.459311978   45.694125464    1.635352244
   -0.475998887    0.349065850   32.796475734   40.031523808    3.591784677
   -0.285599332    0.349065850   39.137631474   25.181563172    4.756725879
   -0.095199777    0.349065850   42.039179361    4.594495027    5.648725214
    0.095199777    0.349065850   40.876535673  -16.496595594    7.030937399
    0.285599332    0.349065850   36.117569035  -32.178993847    9.554072577
    0.475998887    0.349065850   29.324334160  -37.134966089   13.425672939
    0.666398442    0.349065850   22.864929994  -28.566563678   18.231115102
    0.856797996    0.349065850   19.265466302   -7.703854207   23.026970319
    1.047197551    0.349065850   20.399883152   20.013459742   26.686407618
    1.237597106    0.349065850   26.837773237   46.604493498   28.362568941
    1.427996661    0.349065850   37.619594930   64.657955900   27.804579844
    1.618396215    0.349065850   50.635714391   69.672165049   25.389078258
    1.808795770    0.349065850   63.288269652   61.053571756   21.862954408
    1.999195325    0.349065850   73.195664999   41.485260337   18.005608936
    2.189594880    0.349065850   78.675015402   15.347521619   14.363810095
    2.379994435    0.349065850   78.941729991  -12.457888112   11.182998995
    2.570393989    0.349065850   74.131441237  -37.234988821    8.461502340
    2.760793544    0.349065850   65.226212054  -54.884076159    6.088382926
    2.951193099    0.349065850   53.884186178  -62.561319732    3.943785653

   -3.141592654    0.698131701   43.749810139  -61.726607459    0.646557000
   -2.951193099    0.698131701   33.037709137  -49.815462031    0.372544323
   -2.760793544    0.698131701   25.059451261  -33.859645889    0.334389694
   -2.570393989    0.698131701   20.044169877  -19.605020582    0.318030422
   -2.379994435    0.698131701   17.202008607  -11.543255929    0.131240482
   -2.189594880    0.698131701   15.174912761  -10.885661580   -0.340418016
   -1.999195325    0.698131701   12.757462128  -14.865001865   -1.064998733
   -1.808795770    0.698131701    9.565589801  -18.030792747   -1.831133766
   -1.618396215    0.698131701    6.282824563  -15.130530889   -2.318571949
   -1.427996661    0.698131701    4.334005841   -4.016163669   -2.270211816
   -1.237597106    0.698131701    5.141522444   13.110642526   -1.648338943
   -1.047197551    0.698131701    9.371648915   30.876237160   -0.669168756
   -0.856797996    0.698131701   16.576416688   43.400164087    0.342710803
   -0.666398442    0.698131701   25.333732378   46.754647507    1.172022793
   -0.475998887    0.698131701   33.762866331   40.053738631    1.896434198
   -0.285599332    0.698131701   40.089594692   25.226833287    2.884454239
   -0.095199777    0.698131701   43.114178752    6.081794276    4.653290366
    0.095199777    0.698131701   42.471241026  -12.374327143    7.634835667
    0.285599332    0.698131701   38.789852760  -24.996566558   11.926586731
    0.475998887    0.698131701   33.611664729  -27.563976508   17.157097251
    0.666398442    0.698131701   29.074154694  -18.306132110   22.498885951
    0.856797996    0.698131701   27.319180779    1.029944368   26.892919180
    1.047197551    0.698131701   29.811009264   25.279268720   29.400784106
    1.237597106    0.698131701   36.836127659   47.461702315   29.544668395
    1.427996661    0.698131701   47.377083705   61.432767513   27.457420900
    1.618396215    0.698131701   59.488902295   63.667214758   23.764401876
    1.808795770    0.698131701   70.865339987   53.921170282   19.287303962
    1.999195325    0.698131701   79.420967290   34.596972258   14.759734652
    2.189594880    0.698131701   83.678626370    9.479684421   10.663861952
    2.379994435    0.698131701   82.943762370  -17.123427316    7.240228102
    2.570393989    0.698131701   77.346813545  -40.876638839    4.559589442
    2.760793544    0.698131701   67.820712174  -57.813124384    2.614262808
    2.951193099    0.698131701   55.966227715  -65.043298172    1.344036943

   -3.141592654    1.047197551   42.421227845  -61.917252831   -3.777752593
   -2.951193099    1.047197551   31.761217730  -49.126455881   -2.780806328
   -2.760793544    1.047197551   23.960790924  -32.748616296   -1.545576780
   -2.570393989    1.047197551   19.163555866  -18.481598735   -0.403191306
   -2.379994435    1.047197551   16.510507520  -10.708876784    0.432921468
   -2.189594880    1.047197551   14.602144333  -10.472725005    0.881017069
   -1.999195325    1.047197551   12.226442920  -14.812288029    0.968967060
   -1.808795770    1.047197551    9.025766303  -18.136648247    0.792811424
   -1.618396215    1.047197551    5.723134045  -15.215777111    0.463957466
   -1.427996661    1.047197551    3.762947152   -4.073469187    0.056581835
   -1.237597106    1.047197551    4.549205475   12.890037068   -0.392546425
   -1.047197551    1.047197551    8.705433331   30.292998106   -0.834631483
   -0.856797996    1.047197551   15.766438150   42.513817511   -1.121393374
   -0.666398442    1.047197551   24.364944955   46.105391741   -0.974629397
   -0.475998887    1.047197551   32.766465177   40.590602162   -0.021222612
   -0.285599332    1.047197551   39.394607517   28.012742679    2.080905544
   -0.095199777    1.047197551   43.226113317   11.847227377    5.497224882
    0.095199777    1.047197551   43.970049976   -3.649980930   10.109324760
    0.285599332    1.047197551   42.163149889  -14.264277018   15.443972197
    0.475998887    1.047197551   39.084001059  -16.595188479   20.728223280
    0.666398442    1.047197551   36.488788730   -9.226652624   25.035183807
    0.856797996    1.047197551   36.133094357    6.410321878   27.543736891
    1.047197551    1.047197551   39.216928762   26.066920156   27.797328978
    1.237597106    1.047197551   45.968518988   43.941592764   25.841976536
    1.427996661    1.047197551   55.519069004   54.801256917   22.183333358
    1.618396215    1.047197551   66.193843381   55.450860962   17.553376697
    1.808795770    1.047197551   75.963546697   45.435433241   12.646674785
    1.999195325    1.047197551   82.948642679   26.674804597    7.967025385
    2.189594880    1.047197551   85.787645229    2.544449365    3.816623759
    2.379994435    1.047197551   83.843731839  -22.861408881    0.392029954
    2.570393989    1.047197551   77.280858327  -45.255041138   -2.148563005
    2.760793544    1.047197551   67.059690479  -60.719969005   -3.677458525
    2.951193099    1.047197551   54.790943141  -66.489507794   -4.174549274

   -3.141592654    1.396263402   37.958604009  -60.182599696  -10.286923610
   -2.951193099    1.396263402   27.780045032  -45.916543042   -8.901666847
   -2.760793544    1.396263402   20.666837606  -28.876607418   -7.157320661
   -2.570393989    1.396263402   16.610095068  -14.680627027   -5.353699065
   -2.379994435    1.396263402   14.630064432   -7.503933907   -3.636302689
   -2.189594880    1.396263402   13.249236071   -8.169974638   -2.043078496
   -1.999195325    1.396263402   11.212650682  -13.574451780   -0.602424731
   -1.808795770    1.396263402    8.139470049  -18.046796073    0.593458478
   -1.618396215    1.396263402    4.742427366  -16.299343630    1.394897341
   -1.427996661    1.396263402    2.472791830   -6.214735976    1.673188228
   -1.237597106    1.396263402    2.780221365   10.076092430    1.445616515
   -1.047197551    1.396263402    6.395003923   27.563959154    0.951404366
   -0.856797996    1.396263402   13.027262410   40.926792665    0.645716975
   -0.666398442    1.396263402   21.523132768   46.787890998    1.063982836
   -0.475998887    1.396263402   30.340627816   44.370732656    2.650926766
   -0.285599332    1.396263402   38.005722503   35.084621607    5.604395146
   -0.095199777    1.396263402   43.454635818   21.598042700    9.786067324
    0.095199777    1.396263402   46.203897315    7.376974506   14.731163301
    0.285599332    1.396263402   46.468196159   -3.872302099   19.689520243
    0.475998887    1.396263402   45.148838404   -8.809330725   23.778549585
    0.666398442    1.396263402   43.665493689   -5.506954704   26.180021844
    0.856797996    1.396263402   43.582599927    5.578359703   26.390329039
    1.047197551    1.396263402   46.115554263   21.296843749   24.383662545
    1.237597106    1.396263402   51.693347505   36.651606564   20.598259502
    1.427996661    1.396263402   59.743029760   46.559762477   15.760426953
    1.618396215    1.396263402   68.852497600   47.370515420   10.593344905
    1.808795770    1.396263402   77.138935923   37.947152594    5.600561437
    1.999195325    1.396263402   82.753315588   19.734221174    1.029580805
    2.189594880    1.396263402   84.315157070   -3.922463165   -3.019712647
    2.379994435    1.396263402   81.199794788  -28.625952749   -6.433374978
    2.570393989    1.396263402   73.648862746  -49.749161059   -9.017514930
    2.760793544    1.396263402   62.743540160  -63.311863709  -10.553292162
    2.951193099    1.396263402   50.191372408  -66.836736521  -10.940032572

   -3.141592654    1.745329252   31.416557168  -58.338998172  -16.502513960
   -2.951193099    1.745329252   21.748315399  -42.507335241  -15.281203084
   -2.760793544    1.745329252   15.376259196  -24.620330286  -13.493020010
   -2.570393989    1.745329252   12.161537576  -10.178472839  -11.356666690
   -2.379994435    1.745329252   11.027678193   -3.173716103   -8.958032029
   -2.189594880    1.745329252   10.429748095   -4.329132726   -6.315558599
   -1.999195325    1.745329252    9.052119541  -10.560281668   -3.500365282
   -1.808795770    1.745329252    6.445182112  -16.227292700   -0.723018228
   -1.618396215    1.745329252    3.259912690  -15.923281168    1.698689508
   -1.427996661    1.745329252    0.931868996   -7.152800197    3.472092343
   -1.237597106    1.745329252    0.986848140    8.500326431    4.508063217
   -1.047197551    1.745329252    4.331893583   26.514891297    5.016422950
   -0.856797996    1.745329252   10.918154998   41.687223777    5.466681346
   -0.666398442    1.745329252   19.811006825   50.300079005    6.393836509
   -0.475998887    1.745329252   29.583562490   50.855760303    8.174803060
   -0.285599332    1.745329252   38.724685753   43.926224344   10.868649715
   -0.095199777    1.745329252   45.981365615   31.484763229   14.155224043
    0.095199777    1.745329252   50.576436969   16.573951081   17.415587146
    0.285599332    1.745329252   52.385212839    2.883693950   19.861979198
    0.475998887    1.745329252   52.008105096   -5.840252879   20.776127288
    0.666398442    1.745329252   50.679024779   -6.860430883   19.739882965
    0.856797996    1.745329252   49.954282906    0.357022157   16.820360417
    1.047197551    1.745329252   51.220947141   13.470923054   12.561829081
    1.237597106    1.745329252   55.188105722   27.810427148    7.766960081
    1.427996661    1.745329252   61.564817748   37.984670971    3.187119359
    1.618396215    1.745329252   69.119863036   39.647733894   -0.759353501
    1.808795770    1.745329252   76.015365407   31.007501581   -4.061276011
    1.999195325    1.745329252   80.354863505   13.227156482   -6.963364302
    2.189594880    1.745329252   80.702259939  -10.159834175   -9.712953599
    2.379994435    1.745329252   76.442755630  -34.313559669  -12.345944284
    2.570393989    1.745329252   67.911009484  -54.228712563  -14.640992864
    2.760793544    1.745329252   56.324130551  -65.881057022  -16.244790329
    2.951193099    1.745329252   43.496210291  -67.125489487  -16.883116034

   -3.141592654    2.094395102   24.398382228  -57.408428727  -18.827390668
   -2.951193099    2.094395102   15.036754632  -40.287212995  -17.729945943
   -2.760793544    2.094395102    9.180039022  -21.493433686  -15.893605802
   -2.570393989    2.094395102    6.628697506   -6.363044535  -13.468144848
   -2.379994435    2.094395102    6.282550735    1.279484871  -10.537076048
   -2.189594880    2.094395102    6.590344161    0.706961729   -7.151717613
   -1.999195325    2.094395102    6.208941771   -5.207151218   -3.415070009
   -1.808795770    2.094395102    4.612229677  -11.075839321    0.443431278
   -1.618396215    2.094395102    2.341559760  -11.562496303    4.082843177
   -1.427996661    2.094395102    0.739971476   -3.911803521    7.158075644
   -1.237597106    2.094395102    1.317065387   10.803143902    9.478984639
   -1.047197551    2.094395102    5.063401617   28.561213843   11.108172541
   -0.856797996    2.094395102   12.083788113   44.333738016   12.333703095
   -0.666398442    2.094395102   21.590300715   54.153962506   13.498484238
   -0.475998887    2.094395102   32.218963663   55.938147350   14.803747490
   -0.285599332    2.094395102   42.397946594   49.570718397   16.183473864
   -0.095199777    2.094395102   50.690706057   36.492924807   17.282323296
    0.095199777    2.094395102   56.065597438   19.521208435   17.574383015
    0.285599332    2.094395102   58.140808751    2.579357193   16.526390307
    0.475998887    2.094395102   57.348866969   -9.909100267   13.841205510
    0.666398442    2.094395102   54.915209784  -14.227924391    9.634933323
    0.856797996    2.094395102   52.575228246   -8.944915585    4.494702636
    1.047197551    2.094395102   52.028306104    4.022958229   -0.696775295
    1.237597106    2.094395102   54.311009330   19.766914501   -5.100678496
    1.427996661    2.094395102   59.356426356   32.085017245   -8.241718065
    1.618396215    2.094395102   65.980894435   35.667458801  -10.167464640
    1.808795770    2.094395102   72.234336740   28.079065799  -11.339555373
    1.999195325    2.094395102   76.037498534   10.391493166  -12.349984159
    2.189594880    2.094395102   75.805993527  -13.434044258  -13.623164795
    2.379994435    2.094395102   70.884481192  -37.911158593  -15.243048542
    2.570393989    2.094395102   61.683402304  -57.521388738  -16.960420217
    2.760793544    2.094395102   49.559308441  -68.108262397  -18.354207239
    2.951193099    2.094395102   36.450394381  -67.792332390  -19.042431138

   -3.141592654    2.443460953   17.962020552  -57.233599560  -12.569451525
   -2.951193099    2.443460953    8.752636452  -38.870212111  -11.142525683
   -2.760793544    2.443460953    3.289075837  -18.791223232   -9.206141401
   -2.570393989    2.443460953    1.378876962   -2.331255660   -6.875907526
   -2.379994435    2.443460953    1.929312808    6.655375824   -4.198137298
   -2.189594880    2.443460953    3.380912066    7.301070630   -1.138833432
   -1.999195325    2.443460953    4.344197865    2.229161813    2.352826690
   -1.808795770    2.443460953    4.195328120   -3.430554235    6.228169563
   -1.618396215    2.443460953    3.342047095   -4.442980059   10.261458611
   -1.427996661    2.443460953    2.998894952    2.111204435   14.071413379
   -1.237597106    2.443460953    4.601077190   15.542103420   17.250937820
   -1.047197551    2.443460953    9.142473079   32.231149486   19.523951078
   -0.856797996    2.443460953   16.790954462   47.320603056   20.823932757
   -0.666398442    2.443460953   26.823082892   56.693174992   21.237910754
   -0.475998887    2.443460953   37.883975054   57.870000242   20.870727978
   -0.285599332    2.443460953   48.329636072   50.300043427   19.726840695
   -0.095199777    2.443460953   56.579750218   35.167764354   17.661234619
    0.095199777    2.443460953   61.440362427   15.331994329   14.459770819
    0.285599332    2.443460953   62.412312402   -4.821701486    9.984070609
    0.475998887    2.443460953   59.934116102  -20.073850460    4.377038414
    0.666398442    2.443460953   55.402359141  -25.803886910   -1.828491219
    0.856797996    2.443460953   50.874514017  -19.996768935   -7.762829575
    1.047197551    2.443460953   48.424397655   -4.646536288  -12.496994362
    1.237597106    2.443460953   49.377417245   14.561331867  -15.407110048
    1.427996661    2.443460953   53.763806222   30.264704941  -16.412618381
    1.618396215    2.443460953   60.283031074   36.154717816  -15.981075228
    1.808795770    2.443460953   66.728732418   29.372040272  -14.871576442
    1.999195325    2.443460953   70.747212404   11.201705484  -13.805760724
    2.189594880    2.443460953   70.565710076  -13.758318545  -13.215752163
    2.379994435    2.443460953   65.473152657  -39.311997656  -13.165804717
    2.570393989    2.443460953   55.943793633  -59.445615184  -13.419475267
    2.760793544    2.443460953   43.460569036  -69.837259568  -13.605370640
    2.951193099    2.443460953   30.089558920  -68.734507666  -13.386164236

   -3.141592654    2.792526803   15.285029697  -55.740336788    0.976446625
   -2.951193099    2.792526803    6.410305587  -36.866961892    2.864843540
   -2.760793544    2.792526803    1.378590436  -16.270757267    4.692927048
   -2.570393989    2.792526803    0.000000000    0.738554296    6.449459118
   -2.379994435    2.792526803    1.196860215   10.399150454    8.244086448
   -2.189594880    2.792526803    3.441736572   11.919308623   10.314987155
   -1.999195325    2.792526803    5.381416507    7.871517403   12.936051568
   -1.808795770    2.792526803    6.400788813    3.152548868   16.234277002
   -1.618396215    2.792526803    6.859628386    2.654654993   20.028568544
   -1.427996661    2.792526803    7.862166780    9.014830391   23.812373112
   -1.237597106    2.792526803   10.698040571   21.474344260   26.912249372
   -1.047197551    2.792526803   16.224632212   36.564989990   28.740442976
   -0.856797996    2.792526803   24.513125384   49.661970299   28.980043517
   -0.666398442    2.792526803   34.781833716   56.798518395   27.611368154
   -0.475998887    2.792526803   45.632762815   55.518276310   24.800204112
   -0.285599332    2.792526803   55.376738500   45.236462426   20.760016134
   -0.095199777    2.792526803   62.388063319   27.209820951   15.663134275
    0.095199777    2.792526803   65.463322060    4.597437795    9.667823751
    0.285599332    2.792526803   64.177137143  -17.633121868    3.013055723
    0.475998887    2.792526803   59.168428463  -33.558976275   -3.848131817
    0.666398442    2.792526803   52.155168312  -38.038852356  -10.217364062
    0.856797996    2.792526803   45.569490713  -29.087008351  -15.271262469
    1.047197551    2.792526803   41.789627213   -9.405158510  -18.343216143
    1.237597106    2.792526803   42.260069223   14.167711420  -19.204744802
    1.427996661    2.792526803   46.907530682   33.160193526  -18.158161092
    1.618396215    2.792526803   54.160314932   40.690221795  -15.894025647
    1.808795770    2.792526803   61.497684304   33.994157463  -13.167925621
    1.999195325    2.792526803   66.319063393   14.919723503  -10.535808782
    2.189594880    2.792526803   66.728857475  -11.260552026   -8.239068994
    2.379994435    2.792526803   62.008088510  -37.835291441   -6.266039165
    2.570393989    2.792526803   52.697093657  -58.543497438   -4.474569354
    2.760793544    2.792526803   40.369206198  -69.039709260   -2.716413246
    2.951193099    2.792526803   27.170383203  -67.685659090   -0.903229957
