#! FIELDS phi psi file.free der_phi der_psi
#! SET min_phi -pi
#! SET max_phi pi
#! SET nbins_phi  33
#! SET periodic_phi true
#! SET min_psi -pi
#! SET max_psi pi
#! SET nbins_psi  18
#! SET periodic_psi true
   -3.141592654   -3.141592654   17.614942339  -53.369365270   17.321525153
   -2.951193099   -3.141592654    9.162130469  -34.823415195   19.654297093
   -2.760793544   -3.141592654    4.491496678  -14.515015793   21.189758334
   -2.570393989   -3.141592654    3.429950246    2.349354590   22.058577546
   -2.379994435   -3.141592654    4.946239840   12.218414095   22.605917557
   -2.189594880   -3.141592654    7.602155190   14.519309421   23.340402441
   -1.999195325   -3.141592654   10.160093152   11.844815750   24.761213947
   -1.808795770   -3.141592654   12.090825653    8.743010264   27.102569497
   -1.618396215   -3.141592654   13.741395369    9.454442083   30.131308073
   -1.427996661   -3.141592654   16.071979754   15.945541339   33.156446223
   -1.237597106   -3.141592654   20.126509668   27.110405402   35.266632975
   -1.047197551   -3.141592654   26.495298694   39.596328193   35.683279202
   -0.856797996   -3.141592654   35.041473102   49.246088808   34.019891531
   -0.666398442   -3.141592654   44.875972742   52.651355590   30.345503725
   -0.475998887   -3.141592654   54.593390717   47.823893983   25.053032519
   -0.285599332   -3.141592654   62.574179210   34.527907078   18.678446824
   -0.095199777   -3.141592654   67.322177074   14.315638361   11.744130557
    0.095199777   -3.141592654   67.821473678   -9.348702687    4.712691816
    0.285599332   -3.141592654   63.892900939  -31.180900703   -1.982211601
    0.475998887   -3.141592654   56.471962625  -45.080882382   -7.868885590
    0.666398442   -3.141592654   47.577938537  -46.055812881  -12.436229119
    0.856797996   -3.141592654   39.874394562  -32.727599158  -15.238312794
    1.047197551   -3.141592654   35.818557297   -8.745528592  -16.077913008
    1.237597106   -3.141592654   36.747314261   18.109261688  -15.135961697
    1.427996661   -3.141592654   42.335261532   38.839772849  -12.913743061
    1.618396215   -3.141592654   50.715898076   46.667433763  -10.019464827
    1.808795770   -3.141592654   59.142894498   39.381391257   -6.895795472
    1.999195325   -3.141592654   64.908952070   19.468364664   -3.706785108
    2.189594880   -3.141592654   66.116069932   -7.386959264   -0.394994466
    2.379994435   -3.141592654   62.089778966  -34.374513045    3.137750629
    2.570393989   -3.141592654   53.412412530  -55.340145002    6.886438152
    2.760793544   -3.141592654   41.673564821  -66.072124050   10.685422972
    2.951193099   -3.141592654   29.015709531  -64.995329713   14.259759716

   -3.141592654   -2.792526803   25.300168862  -49.224774635   25.557294073
   -2.951193099   -2.792526803   17.467537038  -32.471410045   27.593721809
   -2.760793544   -2.792526803   13.085362088  -13.778006914   28.557008877
   -2.570393989   -2.792526803   12.051396862    2.029508611   28.696090483
   -2.379994435   -2.792526803   13.478157497   11.776197584   28.461830162
   -2.189594880   -2.792526803   16.127206500   15.068056312   28.431024002
   -1.999195325   -2.792526803   18.957639782   14.257522459   29.117602503
   -1.808795770   -2.792526803   21.543452852   13.152796939   30.712469803
   -1.618396215   -2.792526803   24.161800122   14.987460021   32.893052526
   -1.427996661   -2.792526803   27.520513684   20.891560281   34.865680320
   -1.237597106   -2.792526803   32.302205325   29.508773489   35.645025943
   -1.047197551   -2.792526803   38.756777799   37.926245202   34.450438015
   -0.856797996   -2.792526803   46.541925019   42.927211899   30.987265929
   -0.666398442   -2.792526803   54.757277414   42.120423684   25.515492315
   -0.475998887   -2.792526803   62.160734797   34.311322693   18.683347253
   -0.285599332   -2.792526803   67.410115726   19.639571436   11.290718597
   -0.095199777   -2.792526803   69.319919717   -0.347990113    4.066237845
    0.095199777   -2.792526803   67.157481102  -22.442918043   -2.436732018
    0.285599332   -2.792526803   60.968404113  -41.687384427   -7.835170067
    0.475998887   -2.792526803   51.851660405  -52.291930144  -11.858564787
    0.666398442   -2.792526803   41.930987575  -49.585734734  -14.312239743
    0.856797996   -2.792526803   33.904875980  -32.618168114  -15.116586342
    1.047197551   -2.792526803   30.174728986   -5.550084214  -14.376620934
    1.237597106   -2.792526803   31.927643644   23.407967799  -12.411126316
    1.427996661   -2.792526803   38.635922202   45.153143709   -9.656307447
    1.618396215   -2.792526803   48.248346883   53.215626621   -6.496386747
    1.808795770   -2.792526803   57.919291709   45.905209703   -3.104257606
    1.999195325   -2.792526803   64.935573631   26.125573800    0.557851474
    2.189594880   -2.792526803   67.443717138   -0.354526794    4.612970927
    2.379994435   -2.792526803   64.796598656  -26.953732629    9.084155654
    2.570393989   -2.792526803   57.545575292  -47.870475686   13.796046631
    2.760793544   -2.792526803   47.188992441  -59.144318562   18.385784095
    2.951193099   -2.792526803   35.750149205  -59.229857119   22.424861271

   -3.141592654   -2.443460953   34.109336872  -45.063772245   23.438988760
   -2.951193099   -2.443460953   26.888876587  -30.201272045   25.106196518
   -2.760793544   -2.443460953   22.776061573  -13.150339493   25.858607450
   -2.570393989   -2.443460953   21.746327314    1.566814749   25.914832041
   -2.379994435   -2.443460953   23.045195714   11.048077052   25.621990427
   -2.189594880   -2.443460953   25.603582722   14.983911437   25.395064723
   -1.999195325   -2.443460953   28.532565713   15.432839243   25.568739440
   -1.808795770   -2.443460953   31.460265241   15.475389052   26.200701010
   -1.618396215   -2.443460953   34.555945822   17.447020352   26.946282848
   -1.427996661   -2.443460953   38.266624662   21.841327987   27.135269932
   -1.237597106   -2.443460953   42.950466316   27.316790841   26.028517984
   -1.047197551   -2.443460953   48.605294779   31.660853308   23.144235121
   -0.856797996   -2.443460953   54.813443409   32.764501091   18.458117561
   -0.666398442   -2.443460953   60.809328789   29.240021321   12.421060465
   -0.475998887   -2.443460953   65.637832605   20.467166585    5.771686533
   -0.285599332   -2.443460953   68.299562399    6.584683063   -0.694866715
   -0.095199777   -2.443460953   67.907927496  -11.284732358   -6.338109035
    0.095199777   -2.443460953   63.926855344  -30.532207938  -10.773698413
    0.285599332   -2.443460953   56.487584910  -46.730833493  -13.856976472
    0.475998887   -2.443460953   46.689657418  -54.439984778  -15.611573330
    0.666398442   -2.443460953   36.608363668  -49.184691604  -16.140221481
    0.856797996   -2.443460953   28.863616777  -30.134613654  -15.589270132
    1.047197551   -2.443460953   25.758447350   -1.552983982  -14.137468747
    1.237597106   -2.443460953   28.366480772   28.313536701  -11.995265485
    1.427996661   -2.443460953   36.054824369   50.486870428   -9.369414946
    1.618396215   -2.443460953   46.705779160   58.792684076   -6.406976653
    1.808795770   -2.443460953   57.470241216   51.851971669   -3.141902939
    1.999195325   -2.443460953   65.676602591   32.720664421    0.469178807
    2.189594880   -2.443460953   69.517065979    7.034866248    4.464470984
    2.379994435   -2.443460953   68.341519573  -18.958687315    8.769207283
    2.570393989   -2.443460953   62.629410501  -39.827906873   13.157205438
    2.760793544   -2.443460953   53.751007150  -51.799837459   17.283986567
    2.951193099   -2.443460953   43.589663597  -53.265308143   20.797023353

   -3.141592654   -2.094395102   40.813933135  -41.310355097   13.942087685
   -2.951193099   -2.094395102   34.186502914  -27.737349885   15.050499961
   -2.760793544   -2.094395102   30.423399530  -11.920671191   15.650461321
   -2.570393989   -2.094395102   29.523905746    1.754992472   15.815930762
   -2.379994435   -2.094395102   30.788154224   10.570235666   15.643351368
   -2.189594880   -2.094395102   33.229270127   14.301548407   15.250460292
   -1.999195325   -2.094395102   36.033634511   14.822726312   14.723088131
   -1.808795770   -2.094395102   38.840324541   14.732434947   14.021619992
   -1.618396215   -2.094395102   41.725693203   15.824028245   12.929691675
   -1.427996661   -2.094395102   44.961638659   18.317730603   11.122812787
   -1.237597106   -2.094395102   48.726147699   21.115803366    8.326258990
   -1.047197551   -2.094395102   52.931000496   22.696695907    4.491507707
   -0.856797996   -2.094395102   57.224183250   21.819364103   -0.133499455
   -0.666398442   -2.094395102   61.055335898   17.716623476   -5.044613697
   -0.475998887   -2.094395102   63.760031243    9.942833641   -9.651981424
   -0.285599332   -2.094395102   64.614856234   -1.693996467  -13.446174241
   -0.095199777   -2.094395102   62.914649165  -16.700691215  -16.128490638
    0.095199777   -2.094395102   58.175926106  -33.124796083  -17.656372295
    0.285599332   -2.094395102   50.473565104  -47.009703888  -18.182200221
    0.475998887   -2.094395102   40.787428541  -53.091546982  -17.964044072
    0.666398442   -2.094395102   31.066146741  -46.830749469  -17.243461266
    0.856797996   -2.094395102   23.829462572  -27.191983530  -16.179235761
    1.047197551   -2.094395102   21.322974440    1.785831863  -14.813270268
    1.237597106   -2.094395102   24.599884141   32.013792493  -13.106550079
    1.427996661   -2.094395102   33.032218569   54.612801979  -11.004964444
    1.618396215   -2.094395102   44.518999266   63.462816299   -8.493730638
    1.808795770   -2.094395102   56.234149590   57.171740846   -5.609514753
    1.999195325   -2.094395102   65.519729700   38.721813307   -2.444163189
    2.189594880   -2.094395102   70.560649641   13.595335987    0.876157391
    2.379994435   -2.094395102   70.665803173  -12.140242947    4.187292832
    2.570393989   -2.094395102   66.242868651  -33.195862359    7.305132066
    2.760793544   -2.094395102   58.573250970  -45.816309412   10.046086100
    2.951193099   -2.094395102   49.460447366  -48.293158291   12.277683875

   -3.141592654   -1.745329252   42.964200836  -39.630146582    5.017214418
   -2.951193099   -1.745329252   36.615526023  -26.493961696    5.512372178
   -2.760793544   -1.745329252   33.047564757  -11.126467321    5.824413360
   -2.570393989   -1.745329252   32.248690106    1.996347516    5.927806806
   -2.379994435   -1.745329252   33.496306734   10.129103839    5.738497768
   -2.189594880   -1.745329252   35.777126185   13.030816910    5.146727518
   -1.999195325   -1.745329252   38.243684038   12.501536644    4.035152016
   -1.808795770   -1.745329252   40.483096890   11.035189277    2.284554564
   -1.618396215   -1.745329252   42.507163862   10.434405413   -0.192761469
   -1.427996661   -1.745329252   44.545952278   11.156081916   -3.378271532
   -1.237597106   -1.745329252   46.804208807   12.573421763   -7.091197440
   -1.047197551   -1.745329252   49.319038399   13.675549415  -10.983108035
   -0.856797996   -1.745329252   51.945557925   13.552540649  -14.619841288
   -0.666398442   -1.745329252   54.370022723   11.380056632  -17.578935773
   -0.475998887   -1.745329252   56.117550951    6.311296199  -19.569589954
   -0.285599332   -1.745329252   56.554649199   -2.468825253  -20.487965259
   -0.095199777   -1.745329252   54.946695627  -15.076705471  -20.430086171
    0.095199777   -1.745329252   50.679010119  -29.963731919  -19.667351313
    0.285599332   -1.745329252   43.645497343  -43.306055016  -18.549924470
    0.475998887   -1.745329252   34.646984474  -49.674964242  -17.414014299
    0.666398442   -1.745329252   25.509048418  -44.152746586  -16.460395394
    0.856797996   -1.745329252   18.710811746  -25.219726061  -15.700005499
    1.047197551   -1.745329252   16.545061374    3.485935536  -14.952627658
    1.237597106   -1.745329252   20.166677757   34.021141138  -13.941242993
    1.427996661   -1.745329252   29.049980452   57.380216473  -12.439704833
    1.618396215   -1.745329252   41.150782693   67.125217632  -10.380821219
    1.808795770   -1.745329252   53.635921821   61.528754816   -7.875823157
    1.999195325   -1.745329252   63.788065945   43.385549139   -5.166129712
    2.189594880   -1.745329252   69.713563631   18.146660176   -2.518106914
    2.379994435   -1.745329252   70.648747077   -8.024360833   -0.156662739
    2.570393989   -1.745329252   66.952357105  -29.709781205    1.781322626
    2.760793544   -1.745329252   59.882059521  -43.009469833    3.250272468
    2.951193099   -1.745329252   51.243630423  -46.104555165    4.296249790

   -3.141592654   -1.396263402   41.233386570  -40.060740324    2.818125928
   -2.951193099   -1.396263402   34.810342780  -26.830984632    2.699644460
   -2.760793544   -1.396263402   31.193842013  -11.309874280    2.418329501
   -2.570393989   -1.396263402   30.366141059    1.837361538    1.941523579
   -2.379994435   -1.396263402   31.563274262    9.686080520    1.130923021
   -2.189594880   -1.396263402   33.695681004   11.822405200   -0.223412484
   -1.999195325   -1.396263402   35.813277239    9.951474777   -2.338103168
   -1.808795770   -1.396263402   37.401219862    6.691388800   -5.343743549
   -1.618396215   -1.396263402   38.421577753    4.280581982   -9.178914709
   -1.427996661   -1.396263402   39.159927222    3.806716724  -13.515482245
   -1.237597106   -1.396263402   39.995327174    5.207106120  -17.791527835
   -1.047197551   -1.396263402   41.216467510    7.672594601  -21.350674488
   -0.856797996   -1.396263402   42.924151302   10.053722562  -23.650997730
   -0.666398442   -1.396263402   44.969071674   10.920303479  -24.415345762
   -0.475998887   -1.396263402   46.911150707    8.733318939  -23.702799324
   -0.285599332   -1.396263402   48.027395491    2.083790213  -21.853820346
   -0.095199777   -1.396263402   47.402938224   -9.509784690  -19.368799537
    0.095199777   -1.396263402   44.196606837  -24.577382019  -16.782289506
    0.285599332   -1.396263402   38.087517881  -39.127057960  -14.518520484
    0.475998887   -1.396263402   29.717051039  -47.302233478  -12.824320598
    0.666398442   -1.396263402   20.852990731  -43.595826155  -11.722790746
    0.856797996   -1.396263402   14.032701175  -25.870430786  -11.048800986
    1.047197551   -1.396263402   11.708007945    2.639316077  -10.512787270
    1.237597106   -1.396263402   15.232684822   33.976989468   -9.807041578
    1.427996661   -1.396263402   24.237277352   58.729503521   -8.722540872
    1.618396215   -1.396263402   36.731941376   69.847223690   -7.203627278
    1.808795770   -1.396263402   49.825822679   65.067584979   -5.348350415
    1.999195325   -1.396263402   60.669267446   46.973275022   -3.355196486
    2.189594880   -1.396263402   67.227905065   21.110578798   -1.440515476
    2.379994435   -1.396263402   68.636853710   -6.049191445    0.209717020
    2.570393989   -1.396263402   65.217604253  -28.759759069    1.473736840
    2.760793544   -1.396263402   58.246888986  -42.860131547    2.300156868
    2.951193099   -1.396263402   49.587611300  -46.412672245    2.719746225

   -3.141592654   -1.047197551   38.932108363  -42.300591677    3.785754274
   -2.951193099   -1.047197551   32.091457362  -28.932974659    2.696803963
   -2.760793544   -1.047197551   28.107800977  -13.055581787    1.347454333
   -2.570393989   -1.047197551   26.977334284    0.354476016   -0.193269272
   -2.379994435   -1.047197551   27.885120802    8.026674467   -1.989076659
   -2.189594880   -1.047197551   29.631752160    9.308149691   -4.227469583
   -1.999195325   -1.047197551   31.136643258    5.948716955   -7.130265272
   -1.808795770   -1.047197551   31.799131623    0.991880078  -10.792275569
   -1.618396215   -1.047197551   31.607816833   -2.594744498  -15.017443461
   -1.427996661   -1.047197551   31.018901494   -3.007563640  -19.261036564
   -1.237597106   -1.047197551   30.688606865    0.044331244  -22.753626482
   -1.047197551   -1.047197551   31.195975626    5.510046102  -24.766352654
   -0.856797996   -1.047197551   32.834343959   11.512672660  -24.891960538
   -0.666398442   -1.047197551   35.483421525   15.675497838  -23.185699361
   -0.475998887   -1.047197551   38.562017199   15.678341554  -20.127340858
   -0.285599332   -1.047197551   41.090488138    9.711095530  -16.434945901
   -0.095199777   -1.047197551   41.864573163   -2.681305634  -12.819614662
    0.095199777   -1.047197551   39.792892069  -19.623412830   -9.795927228
    0.285599332   -1.047197551   34.405337307  -36.528301962   -7.553962132
    0.475998887   -1.047197551   26.314129698  -46.882525748   -6.002620426
    0.666398442   -1.047197551   17.376471513  -44.640347758   -4.884598901
    0.856797996   -1.047197551   10.299781451  -27.353569435   -3.947194300
    1.047197551   -1.047197551    7.734832962    1.734123210   -3.040697346
    1.237597106   -1.047197551   11.201770409   34.326860425   -2.122589180
    1.427996661   -1.047197551   20.411262506   60.497336194   -1.209892962
    1.618396215   -1.047197551   33.353887569   72.681634025   -0.299970931
    1.808795770   -1.047197551   47.036960398   68.289202066    0.638595190
    1.999195325   -1.047197551   58.473041528   49.862496954    1.635540225
    2.189594880   -1.047197551   65.504673526   23.116369763    2.668891337
    2.379994435   -1.047197551   67.187174281   -5.204513133    3.633768177
    2.570393989   -1.047197551   63.814510255  -29.100742055    4.361526546
    2.760793544   -1.047197551   56.679278568  -44.196936509    4.677414284
    2.951193099   -1.047197551   47.696502569  -48.409673456    4.482723764

   -3.141592654   -0.698131701   38.688843269  -45.558296044    3.697896735
   -2.951193099   -0.698131701   31.195949382  -32.454930705    1.436674078
   -2.760793544   -0.698131701   26.543474110  -16.521836400   -1.111681012
   -2.570393989   -0.698131701   24.762638600   -3.040161190   -3.739607837
   -2.379994435   -0.698131701   25.007209631    4.373155401   -6.394244828
   -2.189594880   -0.698131701   25.992101481    4.873396727   -9.208092666
   -1.999195325   -0.698131701   26.545950762    0.369297258  -12.389027360
   -1.808795770   -0.698131701   26.046282825   -5.541187051  -15.988882635
   -1.618396215   -0.698131701   24.589152206   -9.140830817  -19.697337943
   -1.427996661   -0.698131701   22.868460952   -8.076767434  -22.823458786
   -1.237597106   -0.698131701   21.833786826   -2.068381315  -24.528772762
   -1.047197551   -0.698131701   22.293101260    7.175715406  -24.204951342
   -0.856797996   -0.698131701   24.600410024   16.742792575  -21.777483942
   -0.666398442   -0.698131701   28.496496400   23.279202238  -17.763609565
   -0.475998887   -0.698131701   33.113089031   23.922423648  -13.065134861
   -0.285599332   -0.698131701   37.135129900   16.910041685   -8.627897669
   -0.095199777   -0.698131701   39.085516139    2.342267438   -5.103131896
    0.095199777   -0.698131701   37.735584591  -17.038488571   -2.678984883
    0.285599332   -0.698131701   32.646256690  -35.835815577   -1.080683695
    0.475998887   -0.698131701   24.587847749  -47.039499614    0.198757050
    0.666398442   -0.698131701   15.625282593  -44.603747294    1.607378888
    0.856797996   -0.698131701    8.630413942  -26.496036389    3.292064242
    1.047197551   -0.698131701    6.317995629    3.480554249    5.059974209
    1.237597106   -0.698131701   10.177236702   36.604988918    6.554794326
    1.427996661   -0.698131701   19.835501996   62.855659601    7.487590042
    1.618396215   -0.698131701   33.209519251   74.815107326    7.818853417
    1.808795770   -0.698131701   47.267761649   70.090104174    7.736150194
    1.999195325   -0.698131701   59.013912594   51.314701071    7.519934042
    2.189594880   -0.698131701   66.283260379   24.140695226    7.365045200
    2.379994435   -0.698131701   68.104413588   -4.812681832    7.282272967
    2.570393989   -0.698131701   64.724911489  -29.605021655    7.099181719
    2.760793544   -0.698131701   57.393212742  -45.762778750    6.556478438
    2.951193099   -0.698131701   48.014184642  -50.977766464    5.444648747

   -3.141592654   -0.349065850   39.409258503  -50.250714099    3.102030059
   -2.951193099   -0.349065850   30.951465017  -37.804019853    0.073399311
   -2.760793544   -0.349065850   25.256798123  -22.037930587   -3.114992355
   -2.570393989   -0.349065850   22.434736406   -8.441439007   -6.206403848
   -2.379994435   -0.349065850   21.658850146   -0.983340918   -9.107410728
   -2.189594880   -0.349065850   21.604417712   -0.737346050  -11.919228568
   -1.999195325   -0.349065850   21.051445307   -5.626512436  -14.802142979
   -1.808795770   -0.349065850   19.403957583  -11.458334158  -17.720541971
   -1.618396215   -0.349065850   16.915990795  -13.805095639  -20.261456432
   -1.427996661   -0.349065850   14.546399950   -9.978028250  -21.700324744
   -1.237597106   -0.349065850   13.508287594   -0.081354308  -21.324459621
   -1.047197551   -0.349065850   14.733345717   13.146718176  -18.841042499
   -0.856797996   -0.349065850   18.476775093   25.576373342  -14.603878817
   -0.666398442   -0.349065850   24.175181492   33.013935282   -9.518449360
   -0.475998887   -0.349065850   30.563211685   32.471890803   -4.668831133
   -0.285599332   -0.349065850   35.976369897   22.808121536   -0.896473175
   -0.095199777   -0.349065850   38.758001181    5.198446294    1.517232592
    0.095199777   -0.349065850   37.714926527  -16.468639855    2.896051078
    0.285599332   -0.349065850   32.631522534  -36.069874104    3.978891978
    0.475998887   -0.349065850   24.577187598  -46.545354863    5.519600114
    0.666398442   -0.349065850   15.856760276  -42.500463651    7.896436689
    0.856797996   -0.349065850    9.416595665  -22.900035820   10.904686039
    1.047197551   -0.349065850    7.862655499    7.638713329   13.865007416
    1.237597106   -0.349065850   12.473858883   40.150107188   16.004864714
    1.427996661   -0.349065850   22.681835628   65.008390191   16.840789668
    1.618396215   -0.349065850   36.320527630   75.481424207   16.392177842
    1.808795770   -0.349065850   50.397518089   69.728288184   15.075861899
    1.999195325   -0.349065850   62.025498328   50.529272563   13.444334715
    2.189594880   -0.349065850   69.135973084   23.290634105   11.899398836
    2.379994435   -0.349065850   70.787386911   -5.785859223   10.557330087
    2.570393989   -0.349065850   67.181963993  -31.081705654    9.261361242
    2.760793544   -0.349065850   59.484448357  -48.190340554    7.723856547
    2.951193099   -0.349065850   49.531273290  -54.597867425    5.697818918

   -3.141592654    0.000000000   40.531403465  -55.566537081    2.034142673
   -2.951193099    0.000000000   31.009278287  -43.562370812   -0.861457587
   -2.760793544    0.000000000   24.216302129  -27.723911495   -3.714891736
   -2.570393989    0.000000000   20.348514447  -13.703665207   -6.364609740
   -2.379994435    0.000000000   18.614828469   -5.800425716   -8.781436447
   -2.189594880    0.000000000   17.670585221   -5.294542477  -11.063566542
   -1.999195325    0.000000000   16.270188486   -9.928485033  -13.288958241
   -1.808795770    0.000000000   13.865792105  -14.955320548  -15.299267540
   -1.618396215    0.000000000   10.873348829  -15.389219544  -16.608920344
   -1.427996661    0.000000000    8.480531303   -8.468212815  -16.569733017
   -1.237597106    0.000000000    8.073043553    5.032716896  -14.727353567
   -1.047197551    0.000000000   10.572573946   21.207065818  -11.159692042
   -0.856797996    0.000000000   15.999203305   34.838622714   -6.547795585
   -0.666398442    0.000000000   23.403512742   41.321687177   -1.925470326
   -0.475998887    0.000000000   31.140066216   38.115885080    1.776603846
   -0.285599332    0.000000000   37.318259866   25.210748063    4.107430590
   -0.095199777    0.000000000   40.298653367    5.097633683    5.273972083
    0.095199777    0.000000000   39.131303888  -17.339751108    6.009760620
    0.285599332    0.000000000   33.967478322  -35.743242570    7.229376539
    0.475998887    0.000000000   26.204164534  -43.689822488    9.583917387
    0.666398442    0.000000000   18.285464387  -37.054415293   13.124027907
    0.856797996    0.000000000   13.040608812  -16.106493066   17.235632623
    1.047197551    0.000000000   12.757417603   13.851090798   20.900564877
    1.237597106    0.000000000   18.356419751   44.091999029   23.177069404
    1.427996661    0.000000000   29.032478267   65.970472847   23.596069567
    1.618396215    0.000000000   42.595069757   73.869281460   22.308629094
    1.808795770    0.000000000   56.204093041   66.638166983   19.899659624
    1.999195325    0.000000000   67.194222077   47.081769201   17.065359988
    2.189594880    0.000000000   73.670188286   20.135844708   14.311054165
    2.379994435    0.000000000   74.755209857   -8.622168156   11.834235132
    2.570393989    0.000000000   70.609385453  -34.010050454    9.554579772
    2.760793544    0.000000000   62.303173506  -51.732580573    7.264332367
    2.951193099    0.000000000   51.589957976  -59.064031378    4.777142605

   -3.141592654    0.349065850   42.319220302  -59.969460988    1.779629774
   -2.951193099    0.349065850   31.936294806  -48.130229828   -0.057018101
   -2.760793544    0.349065850   24.279632226  -32.170810204   -1.691176123
   -2.570393989    0.349065850   19.592340869  -17.844484781   -3.152764952
   -2.379994435    0.349065850   17.099091557   -9.643097456   -4.540280564
   -2.189594880    0.349065850   15.445722043   -8.892513356   -5.971292048
   -1.999195325    0.349065850   13.395759672  -13.076689935   -7.451972285
   -1.808795770    0.349065850   10.482919428  -16.995084765   -8.747115537
   -1.618396215    0.349065850    7.281184105  -15.388446505   -9.395338305
   -1.427996661    0.349065850    5.141993142   -5.739827634   -8.922284280
   -1.237597106    0.349065850    5.511657768   10.361855561   -7.136971287
   -1.047197551    0.349065850    9.191714165   28.020634486   -4.319050047
   -0.856797996    0.349065850   15.920806632   41.395677235   -1.140182433
   -0.666398442    0.349065850   24.417518186   46.026730304    1.642435189
   -0.475998887    0.349065850   32.805530041   40.218720856    3.567237466
   -0.285599332    0.349065850   39.163695351   25.166817641    4.673451421
   -0.095199777    0.349065850   42.043389170    4.386229930    5.492847431
    0.095199777    0.349065850   40.828849615  -16.814456733    6.806653345
    0.285599332    0.349065850   36.009823930  -32.468440422    9.281944323
    0.475998887    0.349065850   29.175905773  -37.254217042   13.135776197
    0.666398442    0.349065850   22.717672538  -28.428600860   17.954501388
    0.856797996    0.349065850   19.169819449   -7.308719547   22.788228101
    1.047197551    0.349065850   20.399016148   20.597706779   26.499806834
    1.237597106    0.349065850   26.958504433   47.280346434   28.231986463
    1.427996661    0.349065850   37.870706908   65.337523070   27.725818309
    1.618396215    0.349065850   51.010961223   70.284652795   25.352711618
    1.808795770    0.349065850   63.768669763   61.533505248   21.856240264
    1.999195325    0.349065850   73.749574712   41.765937751   18.013116141
    2.189594880    0.349065850   79.258968893   15.376381370   14.367771001
    2.379994435    0.349065850   79.506032593  -12.689788289   11.165202345
    2.570393989    0.349065850   74.630707167  -37.674660837    8.406425569
    2.760793544    0.349065850   65.630226436  -55.427910698    5.986978462
    2.951193099    0.349065850   54.184040321  -63.095308368    3.796284376

   -3.141592654    0.698131701   43.914577933  -62.233403401    0.494379613
   -2.951193099    0.698131701   33.118566752  -50.191222367    0.210950305
   -2.760793544    0.698131701   25.079237633  -34.134391924    0.178307096
   -2.570393989    0.698131701   20.016672978  -19.838442456    0.179771619
   -2.379994435    0.698131701   17.129656371  -11.789240487    0.019148265
   -2.189594880    0.698131701   15.052621997  -11.164086188   -0.422291977
   -1.999195325    0.698131701   12.580582405  -15.152152724   -1.116802593
   -1.808795770    0.698131701    9.337901165  -18.264192792   -1.856764158
   -1.618396215    0.698131701    6.021797365  -15.235057207   -2.324448767
   -1.427996661    0.698131701    4.069811804   -3.940471967   -2.263674340
   -1.237597106    0.698131701    4.909125197   13.363498707   -1.636963135
   -1.047197551    0.698131701    9.199720164   31.240649047   -0.661643240
   -0.856797996    0.698131701   16.476379141   43.770881385    0.335604591
   -0.666398442    0.698131701   25.295647837   47.016428570    1.138609211
   -0.475998887    0.698131701   33.757183629   40.121441686    1.828083899
   -0.285599332    0.698131701   40.075663546   25.071898109    2.780218864
   -0.095199777    0.698131701   43.052586676    5.748174797    4.521879581
    0.095199777    0.698131701   42.337705307  -12.773848768    7.492365278
    0.285599332    0.698131701   38.586037661  -25.311097075   11.791317061
    0.475998887    0.698131701   33.367577260  -27.655644508   17.043927590
    0.666398442    0.698131701   28.840342906  -18.103343560   22.416145609
    0.856797996    0.698131701   27.151371816    1.508256864   26.841932988
    1.047197551    0.698131701   29.754285352   25.949555131   29.377890073
    1.237597106    0.698131701   36.916864719   48.217361044   29.543831781
    1.427996661    0.698131701   47.602523864   62.182959513   27.472147928
    1.618396215    0.698131701   59.850985484   64.340532526   23.788345811
    1.808795770    0.698131701   71.343052484   54.449704791   19.313701421
    1.999195325    0.698131701   79.979848698   34.907924814   14.780411984
    2.189594880    0.698131701   84.270981462    9.512954858   10.668838345
    2.379994435    0.698131701   83.514414228  -17.381729660    7.219067824
    2.570393989    0.698131701   77.844594356  -41.371295356    4.503827353
    2.760793544    0.698131701   68.210879640  -58.429533014    2.520427326
    2.951193099    0.698131701   56.238019374  -65.651275624    1.215788113

   -3.141592654    1.047197551   42.547483473  -62.442573482   -3.895128016
   -2.951193099    1.047197551   31.801872881  -49.501071991   -2.886999968
   -2.760793544    1.047197551   23.942502172  -33.002285850   -1.631201149
   -2.570393989    1.047197551   19.103755619  -18.675933467   -0.461265729
   -2.379994435    1.047197551   16.414743625  -10.901366798    0.406997241
   -2.189594880    1.047197551   14.467540922  -10.689402840    0.889251106
   -1.999195325    1.047197551   12.049018770  -15.039439587    1.009616126
   -1.808795770    1.047197551    8.807798937  -18.324305826    0.858421183
   -1.618396215    1.047197551    5.478257630  -15.300161303    0.540413181
   -1.427996661    1.047197551    3.515710719   -4.010058785    0.124679308
   -1.237597106    1.047197551    4.328215348   13.097214732   -0.352873159
   -1.047197551    1.047197551    8.533425308   30.583800083   -0.839027938
   -0.856797996    1.047197551   15.650568680   42.795123086   -1.176068236
   -0.666398442    1.047197551   24.293936684   46.280589214   -1.073428622
   -0.475998887    1.047197551   32.713404177   40.596771489   -0.145040500
   -0.285599332    1.047197551   39.325520776   27.839966160    1.960886606
   -0.095199777    1.047197551   43.110839006   11.546664157    5.412656621
    0.095199777    1.047197551   43.793403379   -3.974367511   10.085524348
    0.285599332    1.047197551   41.932840924  -14.483667696   15.491993994
    0.475998887    1.047197551   38.831306119  -16.598062169   20.841705177
    0.666398442    1.047197551   36.260955973   -8.961936401   25.193427059
    0.856797996    1.047197551   35.979778274    6.916027404   27.719283515
    1.047197551    1.047197551   39.176931977   26.735049172   27.964609807
    1.237597106    1.047197551   46.063722848   44.678080315   25.983118722
    1.427996661    1.047197551   55.754761849   55.528151260   22.289618606
    1.618396215    1.047197551   66.562004631   56.104256687   17.623081902
    1.808795770    1.047197551   76.443939671   45.947554783   12.681420823
    1.999195325    1.047197551   83.507067250   26.967880280    7.968855700
    2.189594880    1.047197551   86.375544134    2.552696941    3.786897208
    2.379994435    1.047197551   84.404232158  -23.154626417    0.332376842
    2.570393989    1.047197551   77.761040467  -45.792130985   -2.234790805
    2.760793544    1.047197551   67.423987281  -61.379269479   -3.783972321
    2.951193099    1.047197551   55.029356378  -67.131901333   -4.292042811

   -3.141592654    1.396263402   38.030137353  -60.676390613  -10.339440091
   -2.951193099    1.396263402   27.773480995  -46.244772449   -8.924677208
   -2.760793544    1.396263402   20.611059120  -29.075343748   -7.148681986
   -2.570393989    1.396263402   16.523607879  -14.817201694   -5.312296284
   -2.379994435    1.396263402   14.518502774   -7.640637888   -3.561007858
   -2.189594880    1.396263402   13.108874482   -8.338094171   -1.933491871
   -1.999195325    1.396263402   11.037359370  -13.769165344   -0.461470128
   -1.808795770    1.396263402    7.927278849  -18.231011700    0.756059054
   -1.618396215    1.396263402    4.500180815  -16.422084425    1.560671595
   -1.427996661    1.396263402    2.216410526   -6.236487178    1.816903386
   -1.237597106    1.396263402    2.530058338   10.160926082    1.541867165
   -1.047197551    1.396263402    6.168937894   27.721204200    0.983564441
   -0.856797996    1.396263402   12.833706893   41.099666941    0.614128070
   -0.666398442    1.396263402   21.359127735   46.916028830    0.988860990
   -0.475998887    1.396263402   30.193488685   44.414945699    2.569725112
   -0.285599332    1.396263402   37.858272269   35.037253476    5.562717766
   -0.095199777    1.396263402   43.291632679   21.488298022    9.825185594
    0.095199777    1.396263402   46.018957315    7.268163783   14.875389012
    0.285599332    1.396263402   46.269222236   -3.898509965   19.938055304
    0.475998887    1.396263402   44.958905016   -8.680148260   24.105486365
    0.666398442    1.396263402   43.518040846   -5.190295546   26.542728595
    0.856797996    1.396263402   43.512083973    6.060075776   26.742799160
    1.047197551    1.396263402   46.148124495   21.885943456   24.689217835
    1.237597106    1.396263402   51.842999493   37.281144903   20.836337269
    1.427996661    1.396263402   60.012057485   47.174674234   15.926074840
    1.618396215    1.396263402   69.233374049   47.920360251   10.691772284
    1.808795770    1.396263402   77.613561834   38.368615905    5.640804008
    1.999195325    1.396263402   83.289957370   19.949280743    1.020800447
    2.189594880    1.396263402   84.867605996   -3.979724119   -3.068293645
    2.379994435    1.396263402   81.713699250  -28.970156258   -6.510596771
    2.570393989    1.396263402   74.074394500  -50.318940958   -9.109458075
    2.760793544    1.396263402   63.048950779  -63.982226703  -10.644554069
    2.951193099    1.396263402   50.370929596  -67.467730113  -11.016776307

   -3.141592654    1.745329252   31.454451528  -58.753150014  -16.557255542
   -2.951193099    1.745329252   21.723797172  -42.752385530  -15.293111502
   -2.760793544    1.745329252   15.317934591  -24.741148105  -13.463003858
   -2.570393989    1.745329252   12.086564962  -10.245328513  -11.287166846
   -2.379994435    1.745329252   10.940127412   -3.248932685   -8.851991639
   -2.189594880    1.745329252   10.324228459   -4.445658292   -6.177255199
   -1.999195325    1.745329252    8.920008666  -10.720835136   -3.337625126
   -1.808795770    1.745329252    6.279967082  -16.408503784   -0.549865670
   -1.618396215    1.745329252    3.061074813  -16.088669446    1.860899077
   -1.427996661    1.745329252    0.705895613   -7.268287238    3.597334220
   -1.237597106    1.745329252    0.745257575    8.453149307    4.573136006
   -1.047197551    1.745329252    4.088056294   26.534377015    5.010759819
   -0.856797996    1.745329252   10.683492571   41.759932635    5.400750268
   -0.666398442    1.745329252   19.593688193   50.405707943    6.300014952
   -0.475998887    1.745329252   29.388109390   50.976378793    8.101078923
   -0.285599332    1.745329252   38.552644377   44.048353073   10.865457769
   -0.095199777    1.745329252   45.832476220   31.604755698   14.260870429
    0.095199777    1.745329252   50.451118782   16.704088300   17.644570187
    0.285599332    1.745329252   52.287884354    3.051763561   20.200221887
    0.475998887    1.745329252   51.949160527   -5.601658946   21.185151390
    0.666398442    1.745329252   50.673904823   -6.533869850   20.168266027
    0.856797996    1.745329252   50.019329341    0.761999650   17.218393186
    1.047197551    1.745329252   51.368545440   13.927068278   12.893328960
    1.237597106    1.745329252   55.424871574   28.284673522    8.014108728
    1.427996661    1.745329252   61.891362290   38.446679800    3.347898837
    1.618396215    1.745329252   69.530366530   40.058077944   -0.677817382
    1.808795770    1.745329252   76.494500513   31.304299320   -4.048954752
    1.999195325    1.745329252   80.873713164   13.332869165   -7.009910764
    2.189594880    1.745329252   81.217986580  -10.305147482   -9.806299359
    2.379994435    1.745329252   76.906044651  -34.713640585  -12.469918282
    2.570393989    1.745329252   68.279106248  -54.812707818  -14.775194788
    2.760793544    1.745329252   56.573477327  -66.523098065  -16.367707913
    2.951193099    1.745329252   43.628461017  -67.694955570  -16.977137305

   -3.141592654    2.094395102   24.411944284  -57.736753002  -18.905024840
   -2.951193099    2.094395102   15.004449790  -40.445900243  -17.754942948
   -2.760793544    2.094395102    9.129866032  -21.533617382  -15.866133394
   -2.570393989    2.094395102    6.576499375   -6.357051906  -13.390831446
   -2.379994435    2.094395102    6.230789801    1.267658719  -10.414493742
   -2.189594880    2.094395102    6.531452945    0.639769697   -6.991588542
   -1.999195325    2.094395102    6.130841641   -5.341344285   -3.229933631
   -1.808795770    2.094395102    4.502930697  -11.265552738    0.635343673
   -1.618396215    2.094395102    2.192875063  -11.781168251    4.258448504
   -1.427996661    2.094395102    0.549658199   -4.125066698    7.293287453
   -1.237597106    2.094395102    1.089557315   10.631271434    9.556012592
   -1.047197551    2.094395102    4.809968066   28.463755811   11.123867863
   -0.856797996    2.094395102   11.821296886   44.338256712   12.305408277
   -0.666398442    2.094395102   21.339568645   54.273066942   13.461746275
   -0.475998887    2.094395102   32.001481227   56.164275404   14.803384474
   -0.285599332    2.094395102   42.231606410   49.873792499   16.259751963
   -0.095199777    2.094395102   50.586173176   36.830339363   17.458818854
    0.095199777    2.094395102   56.025593503   19.855863803   17.851271915
    0.285599332    2.094395102   58.162827989    2.894193633   16.880997405
    0.475998887    2.094395102   57.429341663   -9.608891199   14.235367559
    0.666398442    2.094395102   55.052662954  -13.928113695   10.025943316
    0.856797996    2.094395102   52.770685571   -8.636248940    4.846281957
    1.047197551    2.094395102   52.283665018    4.342834584   -0.407801240
    1.237597106    2.094395102   54.628105527   20.093023318   -4.883828908
    1.427996661    2.094395102   59.735470143   32.404378671   -8.097358056
    1.618396215    2.094395102   66.417793866   35.946269306  -10.092752729
    1.808795770    2.094395102   72.715899368   28.255428063  -11.331970346
    1.999195325    2.094395102   76.537073588   10.390650884  -12.406508598
    2.189594880    2.094395102   76.284192843  -13.662469981  -13.736006816
    2.379994435    2.094395102   71.297699189  -38.357703925  -15.396076082
    2.570393989    2.094395102   61.996794299  -58.106382986  -17.129576841
    2.760793544    2.094395102   49.757949924  -68.708329113  -18.512542242
    2.951193099    2.094395102   36.543053793  -68.289696436  -19.167316823

   -3.141592654    2.443460953   17.942684363  -57.479247225  -12.632312703
   -2.951193099    2.443460953    8.703797191  -38.941004662  -11.151771846
   -2.760793544    2.443460953    3.239196405  -18.742854056   -9.160449935
   -2.570393989    2.443460953    1.343672510   -2.238950851   -6.777654243
   -2.379994435    2.443460953    1.910333484    6.721776395   -4.053711685
   -2.189594880    2.443460953    3.368133896    7.293724888   -0.959676602
   -1.999195325    2.443460953    4.320916216    2.124614694    2.550181145
   -1.808795770    2.443460953    4.142852249   -3.630074278    6.423951616
   -1.618396215    2.443460953    3.244314154   -4.713211033   10.435707320
   -1.427996661    2.443460953    2.846381694    1.813868633   14.208054794
   -1.237597106    2.443460953    4.394034968   15.276845968   17.342798299
   -1.047197551    2.443460953    8.893432834   32.064485531   19.577200842
   -0.856797996    2.443460953   16.524620000   47.312117459   20.859842670
   -0.666398442    2.443460953   26.572977401   56.873311168   21.287965508
   -0.475998887    2.443460953   37.685479838   58.224609741   20.967330543
   -0.285599332    2.443460953   48.210992252   50.769951453   19.892099302
   -0.095199777    2.443460953   56.555072153   35.669258845   17.899951562
    0.095199777    2.443460953   61.508037716   15.789423816   14.758907771
    0.285599332    2.443460953   62.559390003   -4.449262546   10.318237699
    0.475998887    2.443460953   60.143914477  -19.785321713    4.717188187
    0.666398442    2.443460953   55.661276056  -25.571312897   -1.507234144
    0.856797996    2.443460953   51.175174331  -19.787344723   -7.476454686
    1.047197551    2.443460953   48.764814419   -4.435831865  -12.252670747
    1.237597106    2.443460953   49.758968873   14.781114444  -15.206964414
    1.427996661    2.443460953   54.187502224   30.481507698  -16.258767441
    1.618396215    2.443460953   60.744964790   36.328786113  -15.878725954
    1.808795770    2.443460953   67.214813774   29.437542402  -14.828165324
    1.999195325    2.443460953   71.229960633   11.089614349  -13.826347950
    2.189594880    2.443460953   71.007071484  -14.082350732  -13.296972231
    2.379994435    2.443460953   65.834386590  -39.818946897  -13.292708793
    2.570393989    2.443460953   56.198103873  -60.043276800  -13.567319845
    2.760793544    2.443460953   43.602208191  -70.403973018  -13.745940401
    2.951193099    2.443460953   30.134946742  -69.165823063  -13.495530977

   -3.141592654    2.792526803   15.252499004  -55.903439438    0.983970482
   -2.951193099    2.792526803    6.364572673  -36.850485755    2.912641554
   -2.760793544    2.792526803    1.348348072  -16.136995953    4.782157185
   -2.570393989    2.792526803    0.000000000    0.907808810    6.578421490
   -2.379994435    2.792526803    1.226242617   10.525313316    8.407400967
   -2.189594880    2.792526803    3.486317281   11.945422508   10.502913999
   -1.999195325    2.792526803    5.418931848    7.769279047   13.135589031
   -1.808795770    2.792526803    6.406696609    2.926189377   16.432387813
   -1.618396215    2.792526803    6.813028139    2.336942394   20.215371720
   -1.427996661    2.792526803    7.750860161    8.663278251   23.983219956
   -1.237597106    2.792526803   10.522667253   21.166046338   27.068767878
   -1.047197551    2.792526803   16.001604379   36.385045347   28.890748934
   -0.856797996    2.792526803   24.274162045   49.682003829   29.137902546
   -0.666398442    2.792526803   34.568593903   57.048318163   27.792217166
   -0.475998887    2.792526803   45.487088646   55.966656488   25.015730848
   -0.285599332    2.792526803   55.328928651   45.797047122   21.012836983
   -0.095199777    2.792526803   62.448995122   27.772359892   15.945366629
    0.095199777    2.792526803   65.624094343    5.071476968    9.964019431
    0.285599332    2.792526803   64.416230380  -17.286914718    3.306042659
    0.475998887    2.792526803   59.462251404  -33.325031685   -3.571250284
    0.666398442    2.792526803   52.486540845  -37.869948787   -9.962000119
    0.856797996    2.792526803   45.930852645  -28.935512177  -15.035654244
    1.047197551    2.792526803   42.180697245   -9.242196508  -18.122525418
    1.237597106    2.792526803   42.683783025   14.344316376  -18.996689745
    1.427996661    2.792526803   47.364728493   33.327151676  -17.967381256
    1.618396215    2.792526803   54.644837166   40.798441841  -15.732452689
    1.808795770    2.792526803   61.992123330   33.976864487  -13.050439313
    1.999195325    2.792526803   66.793506292   14.718241616  -10.473061902
    2.189594880    2.792526803   67.145710565  -11.661908070   -8.231023274
    2.379994435    2.792526803   62.332814771  -38.388081263   -6.300097415
    2.570393989    2.792526803   52.910126476  -59.144252513   -4.528938594
    2.760793544    2.792526803   40.472993891  -69.568655545   -2.767027904
    2.951193099    2.792526803   27.188138425  -68.049850353   -0.930662688
