#! FIELDS phi psi file.free der_phi der_psi
#! SET min_phi -pi
#! SET max_phi pi
#! SET nbins_phi  33
#! SET periodic_phi true
#! SET min_psi -pi
#! SET max_psi pi
#! SET nbins_psi  18
#! SET periodic_psi true
   -3.141592654   -3.141592654   18.696224048  -54.808030177   15.642443280
   -2.951193099   -3.141592654    9.878649265  -37.061217739   18.037741283
   -2.760793544   -3.141592654    4.774663211  -16.656229772   19.812356068
   -2.570393989   -3.141592654    3.377239003    1.099330430   20.988019248
   -2.379994435   -3.141592654    4.772589510   12.236611185   21.806857346
   -2.189594880   -3.141592654    7.545887038   15.683821530   22.706558274
   -1.999195325   -3.141592654   10.392602443   13.614167702   24.144954320
   -1.808795770   -3.141592654   12.656475649   10.358205563   26.332610074
   -1.618396215   -3.141592654   14.541477897   10.215062084   29.030279989
   -1.427996661   -3.141592654   16.896350856   15.413321205   31.566739665
   -1.237597106   -3.141592654   20.714131842   25.191261107   33.093069825
   -1.047197551   -3.141592654   26.598911025   36.507977951   32.934073893
   -0.856797996   -3.141592654   34.477535822   45.421775889   30.831596692
   -0.666398442   -3.141592654   43.557354972   48.661233946   26.982762928
   -0.475998887   -3.141592654   52.549427454   44.322965375   21.872600943
   -0.285599332   -3.141592654   59.963679874   32.206138131   16.052139055
   -0.095199777   -3.141592654   64.430984591   13.792092905    9.952353012
    0.095199777   -3.141592654   65.033147164   -7.694499430    3.841613635
    0.285599332   -3.141592654   61.627779966  -27.368550113   -2.094590461
    0.475998887   -3.141592654   55.101546638  -39.595670425   -7.593818848
    0.666398442   -3.141592654   47.339209186  -39.821191042  -12.225073738
    0.856797996   -3.141592654   40.798076148  -26.949779922  -15.450765626
    1.047197551   -3.141592654   37.697926747   -4.657669127  -16.844183667
    1.237597106   -3.141592654   39.167690871   19.623754059  -16.319168866
    1.427996661   -3.141592654   44.779606195   37.647399220  -14.194008500
    1.618396215   -3.141592654   52.730254541   43.561808653  -11.057515314
    1.808795770   -3.141592654   60.496653455   35.831938947   -7.496807466
    1.999195325   -3.141592654   65.666174490   16.976510546   -3.906092239
    2.189594880   -3.141592654   66.571983810   -7.997402506   -0.430526360
    2.379994435   -3.141592654   62.600725453  -33.292005704    2.947006476
    2.570393989   -3.141592654   54.214356220  -53.562718026    6.286094502
    2.760793544   -3.141592654   42.780982339  -64.805616955    9.587288808
    2.951193099   -3.141592654   30.244693383  -65.044814559   12.760990760

   -3.141592654   -2.792526803   25.915389001  -50.199058614   23.341226485
   -2.951193099   -2.792526803   17.830074433  -34.029098851   25.749670405
   -2.760793544   -2.792526803   13.148664814  -15.226494526   27.173114392
   -2.570393989   -2.792526803   11.897552904    1.307155724   27.717818651
   -2.379994435   -2.792526803   13.279245694   12.051935122   27.729324520
   -2.189594880   -2.792526803   16.064857680   16.173432367   27.736859620
   -1.999195325   -2.792526803   19.140784901   15.629488600   28.250611175
   -1.808795770   -2.792526803   21.951202774   14.027778275   29.485277375
   -1.618396215   -2.792526803   24.633085372   14.703526902   31.169133216
   -1.427996661   -2.792526803   27.797786981   19.139795318   32.589800882
   -1.237597106   -2.792526803   32.111359654   26.424571448   32.877814477
   -1.047197551   -2.792526803   37.888450439   34.019757813   31.381452581
   -0.856797996   -2.792526803   44.906307860   38.913553444   27.913650481
   -0.666398442   -2.792526803   52.405987216   38.747519408   22.790357388
   -0.475998887   -2.792526803   59.279768307   32.230902955   16.641932321
   -0.285599332   -2.792526803   64.293401243   19.315062878   10.165650737
   -0.095199777   -2.792526803   66.324749887    1.271553631    3.909868323
    0.095199777   -2.792526803   64.644761584  -19.035764996   -1.797014360
    0.285599332   -2.792526803   59.236539444  -36.984106913   -6.783989987
    0.475998887   -2.792526803   51.081114113  -47.007121082  -10.900222626
    0.666398442   -2.792526803   42.156659413  -44.522936434  -13.921428729
    0.856797996   -2.792526803   35.010294366  -28.545866046  -15.581084147
    1.047197551   -2.792526803   31.906953206   -3.114712849  -15.702291861
    1.237597106   -2.792526803   33.932613435   23.817666799  -14.336255069
    1.427996661   -2.792526803   40.526223224   43.611792889  -11.778342827
    1.618396215   -2.792526803   49.706072255   50.382023319   -8.453499582
    1.808795770   -2.792526803   58.799078652   42.880000858   -4.725832743
    1.999195325   -2.792526803   65.310821375   24.017588542   -0.797188852
    2.189594880   -2.792526803   67.558010062   -0.940112102    3.286292485
    2.379994435   -2.792526803   64.936889877  -26.173611141    7.526027993
    2.570393989   -2.792526803   57.904756168  -46.498712933   11.866027989
    2.760793544   -2.792526803   47.788288921  -58.114219092   16.131357622
    2.951193099   -2.792526803   36.457236852  -59.169782446   20.054484396

   -3.141592654   -2.443460953   34.234100117  -45.255396066   22.335764403
   -2.951193099   -2.443460953   26.925007083  -30.864069965   24.392225554
   -2.760793544   -2.443460953   22.673399963  -13.850598054   25.513988345
   -2.570393989   -2.443460953   21.539244402    1.253966440   25.803509400
   -2.379994435   -2.443460953   22.831909395   11.318716886   25.543230566
   -2.189594880   -2.443460953   25.487164076   15.686878147   25.145205970
   -1.999195325   -2.443460953   28.552607871   16.077110981   24.982195385
   -1.808795770   -2.443460953   31.543841239   15.409058040   25.174484840
   -1.618396215   -2.443460953   34.515976496   16.168970578   25.462105833
   -1.427996661   -2.443460953   37.855933436   19.267706156   25.278683541
   -1.237597106   -2.443460953   41.951823926   23.837088177   23.999186328
   -1.047197551   -2.443460953   46.911942223   27.994173574   21.233462165
   -0.856797996   -2.443460953   52.467215102   29.713138276   16.988898864
   -0.666398442   -2.443460953   57.993763146   27.464559140   11.670861884
   -0.475998887   -2.443460953   62.637584299   20.358237816    5.900147761
   -0.285599332   -2.443460953   65.444248591    8.215171930    0.304332362
   -0.095199777   -2.443460953   65.509790255   -8.166705303   -4.660349638
    0.095199777   -2.443460953   62.221848665  -26.464419573   -8.770699516
    0.285599332   -2.443460953   55.591166474  -42.409562103  -11.980079421
    0.475998887   -2.443460953   46.584813617  -50.521348677  -14.304675674
    0.666398442   -2.443460953   37.170691176  -46.135424815  -15.722119776
    0.856797996   -2.443460953   29.901577425  -28.200492510  -16.157584087
    1.047197551   -2.443460953   27.047967779   -0.842776302  -15.541015087
    1.237597106   -2.443460953   29.670242938   27.766341270  -13.892342152
    1.427996661   -2.443460953   37.141453553   48.804119462  -11.358682072
    1.618396215   -2.443460953   47.392259738   56.378476794   -8.176484135
    1.808795770   -2.443460953   57.679363163   49.392678150   -4.569900897
    1.999195325   -2.443460953   65.472638058   30.961004939   -0.694210558
    2.189594880   -2.443460953   69.083917653    6.434767512    3.372549527
    2.379994435   -2.443460953   67.903781889  -18.445873685    7.567543835
    2.570393989   -2.443460953   62.356342126  -38.704947931   11.779624327
    2.760793544   -2.443460953   53.694318143  -50.732000353   15.811891172
    2.951193099   -2.443460953   43.686529291  -52.757723153   19.413671210

   -3.141592654   -2.094395102   40.907967249  -40.889436895   14.520239959
   -2.951193099   -2.094395102   34.308034923  -27.828914947   15.822270640
   -2.760793544   -2.094395102   30.495736012  -12.279704089   16.527789999
   -2.570393989   -2.094395102   29.525498442    1.441694758   16.659255740
   -2.379994435   -2.094395102   30.749787119   10.493974264   16.305606611
   -2.189594880   -2.094395102   33.194197219   14.386270094   15.621125526
   -1.999195325   -2.094395102   36.001138278   14.702769149   14.751190142
   -1.808795770   -2.094395102   38.724530829   13.918979102   13.727470263
   -1.618396215   -2.094395102   41.361380480   14.014713144   12.413819740
   -1.427996661   -2.094395102   44.163513550   15.647142652   10.567462830
   -1.237597106   -2.094395102   47.377415484   18.146632222    7.979467254
   -1.047197551   -2.094395102   51.047434601   20.190925164    4.618297428
   -0.856797996   -2.094395102   54.961315829   20.442401823    0.674700787
   -0.666398442   -2.094395102   58.667339558   17.822505052   -3.472495088
   -0.475998887   -2.094395102   61.533778368   11.524797897   -7.394432155
   -0.285599332   -2.094395102   62.806441328    1.055776998  -10.734963586
   -0.095199777   -2.094395102   61.699646465  -13.302056464  -13.303538672
    0.095199777   -2.094395102   57.619139440  -29.703993253  -15.097024693
    0.285599332   -2.094395102   50.521124017  -44.149972980  -16.232024189
    0.475998887   -2.094395102   41.292740185  -51.156863817  -16.855821608
    0.666398442   -2.094395102   31.843270170  -45.877439592  -17.048088475
    0.856797996   -2.094395102   24.706539660  -27.044345561  -16.787532856
    1.047197551   -2.094395102   22.167829199    1.338966141  -15.967341899
    1.237597106   -2.094395102   25.310286944   31.061435991  -14.472114098
    1.427996661   -2.094395102   33.513323879   53.171840517  -12.265966594
    1.618396215   -2.094395102   44.686163506   61.658631545   -9.436086787
    1.808795770   -2.094395102   56.048304333   55.358976633   -6.162148810
    1.999195325   -2.094395102   65.026521615   37.400203038   -2.664159470
    2.189594880   -2.094395102   69.894733350   13.157866761    0.865132343
    2.379994435   -2.094395102   70.007210485  -11.633228303    4.273834047
    2.570393989   -2.094395102   65.747143079  -32.049816361    7.443981452
    2.760793544   -2.094395102   58.315077920  -44.528418370   10.267345589
    2.951193099   -2.094395102   49.421493552  -47.321061352   12.651148721

   -3.141592654   -1.745329252   43.561437140  -39.132688802    6.529070111
   -2.951193099   -1.745329252   37.243291542  -26.639526688    6.957014726
   -2.760793544   -1.745329252   33.600631840  -11.702528602    7.108232107
   -2.570393989   -1.745329252   32.674542781    1.309076383    6.969623577
   -2.379994435   -1.745329252   33.799662182    9.571226545    6.495850550
   -2.189594880   -1.745329252   35.987740730   12.603620247    5.634678637
   -1.999195325   -1.745329252   38.364544512   11.943728268    4.327717895
   -1.808795770   -1.745329252   40.454776520    9.993299598    2.510918047
   -1.618396215   -1.745329252   42.219102477    8.761362314    0.144776142
   -1.427996661   -1.745329252   43.895749855    9.118830984   -2.720485021
   -1.237597106   -1.745329252   45.774861861   10.766664681   -5.907384664
   -1.047197551   -1.745329252   48.017175419   12.725438135   -9.127748105
   -0.856797996   -1.745329252   50.575067361   13.822124301  -12.070069856
   -0.666398442   -1.745329252   53.165211434   12.828663389  -14.470295211
   -0.475998887   -1.745329252   55.271561272    8.571349198  -16.185030401
   -0.285599332   -1.745329252   56.174035191    0.084088896  -17.200226664
   -0.095199777   -1.745329252   55.037140224  -12.748207080  -17.616405229
    0.095199777   -1.745329252   51.155839662  -28.280670748  -17.622683826
    0.285599332   -1.745329252   44.358902231  -42.505095441  -17.424354563
    0.475998887   -1.745329252   35.426928152  -49.727256576  -17.185315131
    0.666398442   -1.745329252   26.217768789  -44.766998716  -16.953305649
    0.856797996   -1.745329252   19.279733737  -26.000583099  -16.637371840
    1.047197551   -1.745329252   16.971750982    2.806527946  -16.026088267
    1.237597106   -1.745329252   20.474001109   33.432383180  -14.876536725
    1.427996661   -1.745329252   29.237895165   56.691247320  -13.041600401
    1.618396215   -1.745329252   41.185294514   66.219338234  -10.551286446
    1.808795770   -1.745329252   53.485141719   60.554847610   -7.606305110
    1.999195325   -1.745329252   63.473555051   42.724019353   -4.512673331
    2.189594880   -1.745329252   69.332555321   18.170684875   -1.566630671
    2.379994435   -1.745329252   70.347320574   -7.206956413    1.010200395
    2.570393989   -1.745329252   66.863995861  -28.335279814    3.101098134
    2.760793544   -1.745329252   60.070908009  -41.530610635    4.679870525
    2.951193099   -1.745329252   51.685046904  -44.978839921    5.795215683

   -3.141592654   -1.396263402   42.647034599  -40.064348532    3.831018982
   -2.951193099   -1.396263402   36.146029230  -27.606672858    3.554149890
   -2.760793544   -1.396263402   32.327628710  -12.579520987    3.031415024
   -2.570393989   -1.396263402   31.240958041    0.473844725    2.277256257
   -2.379994435   -1.396263402   32.195369007    8.557621977    1.214812756
   -2.189594880   -1.396263402   34.143399664   11.018086240   -0.302770247
   -1.999195325   -1.396263402   36.124967225    9.301274053   -2.442936503
   -1.808795770   -1.396263402   37.580502840    5.933741558   -5.303041033
   -1.618396215   -1.396263402   38.436774999    3.336658399   -8.807504542
   -1.427996661   -1.396263402   38.994185262    2.934350533  -12.641501647
   -1.237597106   -1.396263402   39.703604463    4.860671148  -16.296447689
   -1.047197551   -1.396263402   40.936477124    8.190680589  -19.216089171
   -0.856797996   -1.396263402   42.826402278   11.427154908  -20.994655270
   -0.666398442   -1.396263402   45.184398400   12.766771976  -21.494511791
   -0.475998887   -1.396263402   47.477157313   10.496756330  -20.874858682
   -0.285599332   -1.396263402   48.880090874    3.282145855  -19.500567182
   -0.095199777   -1.396263402   48.406089142   -9.136501087  -17.805750901
    0.095199777   -1.396263402   45.188392712  -25.042910849  -16.180617351
    0.285599332   -1.396263402   38.924053111  -40.220735854  -14.866255401
    0.475998887   -1.396263402   30.314011629  -48.627324048  -13.938641782
    0.666398442   -1.396263402   21.213073544  -44.662902131  -13.311659899
    0.856797996   -1.396263402   14.245094561  -26.302186568  -12.792871546
    1.047197551   -1.396263402   11.906049709    2.909014715  -12.139293934
    1.237597106   -1.396263402   15.525611244   34.639264188  -11.131499184
    1.427996661   -1.396263402   24.654260834   59.308052197   -9.653326953
    1.618396215   -1.396263402   37.221885647   70.033991242   -7.722593171
    1.808795770   -1.396263402   50.314646765   64.934108655   -5.482436918
    1.999195325   -1.396263402   61.130536827   46.908092906   -3.152598011
    2.189594880   -1.396263402   67.716029896   21.526617506   -0.954232685
    2.379994435   -1.396263402   69.262009201   -5.017896304    0.929516189
    2.570393989   -1.396263402   66.080101756  -27.345843095    2.376142658
    2.760793544   -1.396263402   59.376940222  -41.525997186    3.324997850
    2.951193099   -1.396263402   50.925063472  -45.618363268    3.787757796

   -3.141592654   -1.047197551   40.838404185  -42.700567758    3.343139173
   -2.951193099   -1.047197551   33.831531921  -30.225037797    2.201233477
   -2.760793544   -1.047197551   29.543931019  -14.861186662    0.735898962
   -2.570393989   -1.047197551   28.059964878   -1.446785318   -0.947116050
   -2.379994435   -1.047197551   28.659951017    6.669892489   -2.857358964
   -2.189594880   -1.047197551   30.205557333    8.568551912   -5.127975565
   -1.999195325   -1.047197551   31.618763793    5.704690898   -7.942458973
   -1.808795770   -1.047197551   32.259322489    0.984954245  -11.376718540
   -1.618396215   -1.047197551   32.075310340   -2.505092608  -15.239060165
   -1.427996661   -1.047197551   31.518149032   -2.710219992  -19.017652104
   -1.237597106   -1.047197551   31.279873805    0.775053238  -22.011794846
   -1.047197551   -1.047197551   31.973727701    6.742017474  -23.591702613
   -0.856797996   -1.047197551   33.875979569   12.997414118  -23.459746395
   -0.666398442   -1.047197551   36.790497658   16.901871958  -21.760415887
   -0.475998887   -1.047197551   40.033374418   16.124549570  -19.010626749
   -0.285599332   -1.047197551   42.546462485    9.100339001  -15.892267277
   -0.095199777   -1.047197551   43.105691522   -4.273638469  -13.007859675
    0.095199777   -1.047197551   40.664182102  -21.825918754  -10.715797649
    0.285599332   -1.047197551   34.839525101  -38.800113309   -9.047014514
    0.475998887   -1.047197551   26.353478772  -48.647912267   -7.799551379
    0.666398442   -1.047197551   17.165474972  -45.429229889   -6.689458695
    0.856797996   -1.047197551   10.047815888  -26.985262405   -5.522894122
    1.047197551   -1.047197551    7.648020148    3.041926717   -4.263819065
    1.237597106   -1.047197551   11.408685008   36.005712303   -2.991743143
    1.427996661   -1.047197551   20.920097790   61.914612744   -1.812127136
    1.618396215   -1.047197551   34.074583029   73.494333893   -0.759884054
    1.808795770   -1.047197551   47.858676499   68.615610230    0.207528834
    1.999195325   -1.047197551   59.344479769   50.159811960    1.161627369
    2.189594880   -1.047197551   66.466288553   23.838015031    2.133587223
    2.379994435   -1.047197551   68.338482814   -3.932139911    3.063146290
    2.570393989   -1.047197551   65.239887796  -27.552944179    3.802409298
    2.760793544   -1.047197551   58.383498378  -42.888559495    4.167911789
    2.951193099   -1.047197551   49.585472466  -47.831985151    4.026219115

   -3.141592654   -0.698131701   40.494270975  -45.896287119    2.346814552
   -2.951193099   -0.698131701   32.833199135  -33.826398978    0.231935565
   -2.760793544   -0.698131701   27.851517325  -18.497908700   -2.254222008
   -2.570393989   -0.698131701   25.684328882   -4.995800100   -4.870594077
   -2.379994435   -0.698131701   25.602685810    2.996138468   -7.508330479
   -2.189594880   -0.698131701   26.402407529    4.329971626  -10.247101877
   -1.999195325   -0.698131701   26.924885743    0.560688133  -13.265046761
   -1.808795770   -0.698131701   26.506116455   -4.917359530  -16.614789844
   -1.618396215   -0.698131701   25.186970328   -8.331109801  -20.018767110
   -1.427996661   -0.698131701   23.631428903   -7.127938446  -22.846386748
   -1.237597106   -0.698131701   22.792557744   -0.929239274  -24.337312381
   -1.047197551   -0.698131701   23.480894304    8.426459107  -23.953997584
   -0.856797996   -0.698131701   26.011888639   17.783174067  -21.659891943
   -0.666398442   -0.698131701   30.046394950   23.630603698  -17.963456328
   -0.475998887   -0.698131701   34.630455721   23.208862042  -13.711587063
   -0.285599332   -0.698131701   38.407408119   15.090310220   -9.760537375
   -0.095199777   -0.698131701   39.929980580   -0.232993064   -6.657278633
    0.095199777   -0.698131701   38.064418106  -19.756150998   -4.493735523
    0.285599332   -0.698131701   32.495727349  -38.028408522   -2.931365243
    0.475998887   -0.698131701   24.112251197  -48.173789755   -1.457138537
    0.666398442   -0.698131701   15.056763714  -44.415454882    0.315733197
    0.856797996   -0.698131701    8.216462356  -25.101585455    2.419433887
    1.047197551   -0.698131701    6.246261747    5.582800179    4.530047318
    1.237597106   -0.698131701   10.513638248   38.676221697    6.186114548
    1.427996661   -0.698131701   20.507104079   64.238998094    7.054051012
    1.618396215   -0.698131701   34.053147024   75.269110512    7.117560718
    1.808795770   -0.698131701   48.126436526   69.902761769    6.643067166
    1.999195325   -0.698131701   59.824036023   51.120669938    6.017841814
    2.189594880   -0.698131701   67.103365990   24.527376085    5.541365187
    2.379994435   -0.698131701   69.071013635   -3.658235488    5.296537859
    2.570393989   -0.698131701   65.962984823  -27.978744723    5.131435076
    2.760793544   -0.698131701   58.937217311  -44.269175192    4.752365768
    2.951193099   -0.698131701   49.778908131  -50.227672548    3.874306332

   -3.141592654   -0.349065850   40.812379633  -50.029259716    1.455153446
   -2.951193099   -0.349065850   32.275282694  -38.805867007   -1.191282712
   -2.760793544   -0.349065850   26.304031501  -23.818517507   -4.149096809
   -2.570393989   -0.349065850   23.123699602  -10.276716054   -7.126411980
   -2.379994435   -0.349065850   22.046917170   -2.195899807   -9.962090266
   -2.189594880   -0.349065850   21.849626867   -0.993447672  -12.694589213
   -1.999195325   -0.349065850   21.332728862   -5.022657807  -15.453564641
   -1.808795770   -0.349065850   19.850935813  -10.378721473  -18.216430335
   -1.618396215   -0.349065850   17.580500044  -12.643849216  -20.622311514
   -1.427996661   -0.349065850   15.419500577   -8.953489578  -22.018348239
   -1.237597106   -0.349065850   14.555250799    0.735640708  -21.756313478
   -1.047197551   -0.349065850   15.908030662   13.664345970  -19.563137982
   -0.856797996   -0.349065850   19.704587256   25.589429811  -15.746828961
   -0.666398442   -0.349065850   25.334918388   32.265596390  -11.113253774
   -0.475998887   -0.349065850   31.495118805   30.849168223   -6.627055747
   -0.285599332   -0.349065850   36.526953739   20.498114027   -3.029098466
   -0.095199777   -0.349065850   38.839012011    2.687493200   -0.546802317
    0.095199777   -0.349065850   37.347180055  -18.556880930    1.142973351
    0.285599332   -0.349065850   31.949279475  -37.191367194    2.729829602
    0.475998887   -0.349065850   23.797846749  -46.402397053    4.874449563
    0.666398442   -0.349065850   15.224094854  -41.122480831    7.830213244
    0.856797996   -0.349065850    9.134217483  -20.677823195   11.255047575
    1.047197551   -0.349065850    8.030028749   10.023168324   14.352829031
    1.237597106   -0.349065850   13.046271633   41.911645877   16.288368033
    1.427996661   -0.349065850   23.480273856   65.579458588   16.595345710
    1.618396215   -0.349065850   37.103270116   74.813016535   15.388921714
    1.808795770   -0.349065850   50.971574140   68.354026698   13.238033888
    1.999195325   -0.349065850   62.338700936   49.329201627   10.865682749
    2.189594880   -0.349065850   69.300789890   23.043419184    8.821389297
    2.379994435   -0.349065850   71.021982354   -4.799856280    7.307488489
    2.570393989   -0.349065850   67.699095438  -29.187441545    6.170353121
    2.760793544   -0.349065850   60.389538255  -46.134586057    5.043698308
    2.951193099   -0.349065850   50.776043170  -53.194981736    3.546174228

   -3.141592654    0.000000000   41.390755343  -54.309879559    0.669929963
   -2.951193099    0.000000000   31.960997706  -43.807183877   -1.701606027
   -2.760793544    0.000000000   25.006897388  -29.039176967   -4.253270950
   -2.570393989    0.000000000   20.848388264  -15.273866280   -6.773830456
   -2.379994435    0.000000000   18.855178268   -6.824584056   -9.147374209
   -2.189594880    0.000000000   17.804019907   -5.354255504  -11.395573591
   -1.999195325    0.000000000   16.478989215   -9.119224831  -13.561191158
   -1.808795770    0.000000000   14.274307435  -13.747718371  -15.505237223
   -1.618396215    0.000000000   11.505451650  -14.317854727  -16.805810437
   -1.427996661    0.000000000    9.272892199   -7.879875601  -16.890181943
   -1.237597106    0.000000000    8.920469074    5.041897005  -15.350860257
   -1.047197551    0.000000000   11.367598577   20.675885294  -12.241229729
   -0.856797996    0.000000000   16.644995732   33.828764469   -8.136749483
   -0.666398442    0.000000000   23.814516288   39.895657409   -3.922058370
   -0.475998887    0.000000000   31.248180218   36.412494964   -0.395462901
   -0.285599332    0.000000000   37.095242373   23.508185438    2.058078915
   -0.095199777    0.000000000   39.781015550    3.787510711    3.628475431
    0.095199777    0.000000000   38.431750402  -17.872857582    4.968057750
    0.285599332    0.000000000   33.258754553  -35.267331057    6.879527970
    0.475998887    0.000000000   25.681293341  -42.220662847    9.890902747
    0.666398442    0.000000000   18.114611303  -34.881562534   13.929031730
    0.856797996    0.000000000   13.306928698  -13.782435821   18.263480008
    1.047197551    0.000000000   13.422739909   15.605320659   21.789292541
    1.237597106    0.000000000   19.243569873   44.585058485   23.536572004
    1.427996661    0.000000000   29.859091352   64.840646953   23.092483612
    1.618396215    0.000000000   43.062958031   71.345867233   20.747971796
    1.808795770    0.000000000   56.119734536   63.556738211   17.283908461
    1.999195325    0.000000000   66.560311049   44.596441051   13.602450215
    2.189594880    0.000000000   72.699621779   19.218947865   10.373623500
    2.379994435    0.000000000   73.792467158   -7.617995798    7.872492874
    2.570393989    0.000000000   69.993350706  -31.484153902    5.989088400
    2.760793544    0.000000000   62.238019635  -48.639694708    4.387340990
    2.951193099    0.000000000   52.078433429  -56.497477250    2.694464561

   -3.141592654    0.349065850   42.688916246  -57.289612914    0.691056779
   -2.951193099    0.349065850   32.626914699  -47.405440770   -0.656907766
   -2.760793544    0.349065850   24.950833866  -32.950742527   -2.039838733
   -2.570393989    0.349065850   20.043538141  -19.181067173   -3.427877349
   -2.379994435    0.349065850   17.319116927  -10.582289066   -4.830923441
   -2.189594880    0.349065850   15.569447971   -8.918840448   -6.293289014
   -1.999195325    0.349065850   13.597686474  -12.283024602   -7.788731734
   -1.808795770    0.349065850   10.871314464  -15.934627693   -9.098335279
   -1.618396215    0.349065850    7.843357031  -14.713171588   -9.811167727
   -1.427996661    0.349065850    5.759041033   -5.868494639   -9.503399631
   -1.237597106    0.349065850    6.020726925    9.396627955   -7.997131866
   -1.047197551    0.349065850    9.455132459   26.484440000   -5.517462722
   -0.856797996    0.349065850   15.866010037   39.673543871   -2.620645627
   -0.666398442    0.349065850   24.044228971   44.471334778    0.060441130
   -0.475998887    0.349065850   32.171943865   39.094839110    2.136228844
   -0.285599332    0.349065850   38.370964976   24.659204790    3.632185104
   -0.095199777    0.349065850   41.221811915    4.620243682    4.992241679
    0.095199777    0.349065850   40.125939781  -15.788613554    6.880377699
    0.285599332    0.349065850   35.571128042  -30.725748601    9.861404348
    0.475998887    0.349065850   29.117316749  -35.042680731   14.076040730
    0.666398442    0.349065850   23.089917988  -26.187532533   19.050754356
    0.856797996    0.349065850   19.922224135   -5.653486663   23.779130827
    1.047197551    0.349065850   21.354777747   20.980455280   27.080679692
    1.237597106    0.349065850   27.819094401   45.848655739   28.095125648
    1.427996661    0.349065850   38.271523801   61.987430938   26.629715724
    1.618396215    0.349065850   50.628431081   65.576163170   23.195492385
    1.808795770    0.349065850   62.449301707   56.650807730   18.722499865
    1.999195325    0.349065850   71.598574350   38.161893383   14.174719899
    2.189594880    0.349065850   76.638856859   14.204815410   10.233151912
    2.379994435    0.349065850   76.930216724  -11.060764043    7.186750082
    2.570393989    0.349065850   72.592014445  -33.816207616    4.975507371
    2.760793544    0.349065850   64.438640874  -50.617415357    3.345354696
    2.951193099    0.349065850   53.879499834  -58.803659234    1.993104903

   -3.141592654    0.698131701   43.914899015  -58.352707053   -0.338950357
   -2.951193099    0.698131701   33.630530789  -48.672503491   -0.398980017
   -2.760793544    0.698131701   25.683734733  -34.521010791   -0.373110527
   -2.570393989    0.698131701   20.445309791  -21.084953979   -0.414289609
   -2.379994435    0.698131701   17.325053930  -12.824610325   -0.654257697
   -2.189594880    0.698131701   15.122931412  -11.390040995   -1.172157726
   -1.999195325    0.698131701   12.684184328  -14.633958698   -1.927956443
   -1.808795770    0.698131701    9.567697750  -17.568855943   -2.721882895
   -1.618396215    0.698131701    6.346252773  -15.025610478   -3.251279228
   -1.427996661    0.698131701    4.353647316   -4.594781875   -3.264690168
   -1.237597106    0.698131701    4.989220887   11.944586617   -2.707491355
   -1.047197551    0.698131701    8.970378071   29.525068470   -1.752109584
   -0.856797996    0.698131701   15.935903199   42.327822006   -0.668743643
   -0.666398442    0.698131701   24.539811869   46.260681311    0.357694927
   -0.475998887    0.698131701   32.934741007   40.197691989    1.384685317
   -0.285599332    0.698131701   39.339993768   25.896353432    2.713385406
   -0.095199777    0.698131701   42.529790016    7.143198116    4.778372053
    0.095199777    0.698131701   42.119733966  -10.977849179    7.953415174
    0.285599332    0.698131701   38.733929015  -23.274928240   12.323644074
    0.475998887    0.698131701   33.906868543  -25.611274697   17.533981024
    0.666398442    0.698131701   29.738457013  -16.443813436   22.771293003
    0.856797996    0.698131701   28.282175322    2.199691668   26.963422078
    1.047197551    0.698131701   30.870289445   25.009100623   29.137719597
    1.237597106    0.698131701   37.655904211   45.162981878   28.791295330
    1.427996661    0.698131701   47.554689592   57.047999689   26.077938889
    1.618396215    0.698131701   58.681615199   57.904049680   21.706150833
    1.808795770    0.698131701   68.934350480   48.161695703   16.626496181
    1.999195325    0.698131701   76.522433278   30.466815739   11.706600014
    2.189594880    0.698131701   80.252146750    8.224976208    7.518997417
    2.379994435    0.698131701   79.588198672  -15.139585316    4.314459702
    2.570393989    0.698131701   74.630759834  -36.322162949    2.090726817
    2.760793544    0.698131701   66.104571473  -52.126742264    0.709446002
    2.951193099    0.698131701   55.306119603  -59.883080448   -0.031789723

   -3.141592654    1.047197551   42.643890569  -58.215097007   -4.649334587
   -2.951193099    1.047197551   32.448716350  -47.910939352   -3.809303513
   -2.760793544    1.047197551   24.675776450  -33.508282770   -2.728335160
   -2.570393989    1.047197551   19.627461427  -20.143961607   -1.681349131
   -2.379994435    1.047197551   16.658096680  -12.205636583   -0.867051445
   -2.189594880    1.047197551   14.532500850  -11.206267807   -0.389957493
   -1.999195325    1.047197551   12.091384007  -14.816076232   -0.252862408
   -1.808795770    1.047197551    8.922399380  -17.894957980   -0.373797793
   -1.618396215    1.047197551    5.644040180  -15.269178412   -0.632096049
   -1.427996661    1.047197551    3.621454892   -4.675851062   -0.927342291
   -1.237597106    1.047197551    4.250691468   11.917306783   -1.197854409
   -1.047197551    1.047197551    8.220135954   29.407498482   -1.385452014
   -0.856797996    1.047197551   15.155464621   42.157562804   -1.358711765
   -0.666398442    1.047197551   23.751626852   46.451462002   -0.889646526
   -0.475998887    1.047197551   32.274383483   41.488785626    0.319463168
   -0.285599332    1.047197551   39.098799880   29.134602435    2.536152898
   -0.095199777    1.047197551   43.141963052   12.935533699    5.887166958
    0.095199777    1.047197551   44.084130058   -2.626628612   10.273437477
    0.285599332    1.047197551   42.475165566  -13.163929373   15.296804801
    0.475998887    1.047197551   39.620662718  -15.320351477   20.279182567
    0.666398442    1.047197551   37.271258510   -7.969063200   24.366130128
    0.856797996    1.047197551   37.108395305    7.065947308   26.753090446
    1.047197551    1.047197551   40.193700784   25.297964087   26.944338392
    1.237597106    1.047197551   46.604961840   41.070936310   24.920916322
    1.427996661    1.047197551   55.395422478   49.755751625   21.142736967
    1.618396215    1.047197551   64.957853535   49.033863620   16.348211146
    1.808795770    1.047197551   73.493697901   39.205805092   11.288782417
    1.999195325    1.047197551   79.453005996   22.428529893    6.542224193
    2.189594880    1.047197551   81.782410732    1.600948481    2.454516540
    2.379994435    1.047197551   80.005251482  -20.203750558   -0.796806441
    2.570393989    1.047197551   74.231039304  -39.843483703   -3.127137324
    2.760793544    1.047197551   65.172937907  -54.212535040   -4.500625282
    2.951193099    1.047197551   54.098629922  -60.717607200   -4.960648459

   -3.141592654    1.396263402   38.451095757  -57.321725027  -11.003826038
   -2.951193099    1.396263402   28.569895217  -45.579830523   -9.966018215
   -2.760793544    1.396263402   21.330549833  -30.343300431   -8.425428157
   -2.570393989    1.396263402   16.913261914  -16.778318932   -6.660390483
   -2.379994435    1.396263402   14.559086940   -9.184290780   -4.859848680
   -2.189594880    1.396263402   12.944343107   -8.909267970   -3.138919041
   -1.999195325    1.396263402   10.853739678  -13.455881879   -1.586391477
   -1.808795770    1.396263402    7.848248715  -17.542131532   -0.308839533
   -1.618396215    1.396263402    4.543488113  -15.888947187    0.571642516
   -1.427996661    1.396263402    2.322898722   -6.104735655    0.969536445
   -1.237597106    1.396263402    2.631216796   10.039292429    0.926189173
   -1.047197551    1.396263402    6.249354993   27.712113729    0.665893609
   -0.856797996    1.396263402   12.945627747   41.488966007    0.590624644
   -0.666398442    1.396263402   21.583925528   47.696231855    1.159798944
   -0.475998887    1.396263402   30.580199702   45.287416276    2.747542024
   -0.285599332    1.396263402   38.387769254   35.628366371    5.516332235
   -0.095199777    1.396263402   43.889727701   21.632822243    9.350291790
    0.095199777    1.396263402   46.611825809    7.140671727   13.865407210
    0.285599332    1.396263402   46.841024102   -3.907353438   18.429865712
    0.475998887    1.396263402   45.565001848   -8.268773552   22.275091421
    0.666398442    1.396263402   44.237205962   -4.459409256   24.653558586
    0.856797996    1.396263402   44.353478197    6.484766947   25.060968606
    1.047197551    1.396263402   46.963797067   21.033625257   23.402083897
    1.237597106    1.396263402   52.302560214   34.304406053   20.008790284
    1.427996661    1.396263402   59.680450023   41.907498606   15.512009529
    1.618396215    1.396263402   67.738915362   41.218491490   10.589958283
    1.808795770    1.396263402   74.838429372   31.971193545    5.756824398
    1.999195325    1.396263402   79.484018059   15.849137834    1.296442636
    2.189594880    1.396263402   80.617070630   -4.388911905   -2.673474662
    2.379994435    1.396263402   77.760766168  -25.507845138   -6.064870143
    2.570393989    1.396263402   71.067969296  -44.103818391   -8.735813658
    2.760793544    1.396263402   61.334664896  -56.962822093  -10.503723145
    2.951193099    1.396263402   49.906515591  -61.635714269  -11.249807066

   -3.141592654    1.745329252   32.075272745  -56.658736628  -16.543242911
   -2.951193099    1.745329252   22.503237800  -43.067325408  -15.818461140
   -2.760793544    1.745329252   15.874130112  -26.554742850  -14.310011614
   -2.570393989    1.745329252   12.250088831  -12.333949881  -12.229419679
   -2.379994435    1.745329252   10.759514800   -4.641653431   -9.729171585
   -2.189594880    1.745329252    9.981130158   -4.742118792   -6.925286725
   -1.999195325    1.745329252    8.614586204  -10.089149055   -3.960660343
   -1.808795770    1.745329252    6.144377863  -15.342193747   -1.065539608
   -1.618396215    1.745329252    3.130107720  -15.055847444    1.462277436
   -1.427996661    1.745329252    0.947284525   -6.489811782    3.356231589
   -1.237597106    1.745329252    1.112943487    9.046493963    4.525078205
   -1.047197551    1.745329252    4.563585291   27.123904366    5.135499338
   -0.856797996    1.745329252   11.274896214   42.397378147    5.589137253
   -0.666398442    1.745329252   20.296017268   50.891837032    6.359866046
   -0.475998887    1.745329252   30.138519718   50.949091020    7.804276435
   -0.285599332    1.745329252   39.224442221   43.247318635   10.019741293
   -0.095199777    1.745329252   46.281916959   30.142058515   12.781793165
    0.095199777    1.745329252   50.597810093   15.123042536   15.599384395
    0.285599332    1.745329252   52.180146024    2.095142948   17.809481129
    0.475998887    1.745329252   51.763086726   -5.403373842   18.777935619
    0.666398442    1.745329252   50.634683134   -5.247856779   18.106796113
    0.856797996    1.745329252   50.269500059    2.345496915   15.810060331
    1.047197551    1.745329252   51.848149475   14.542811296   12.318581351
    1.237597106    1.745329252   55.832327806   26.778584577    8.295711686
    1.427996661    1.745329252   61.770244977   34.446986635    4.372244864
    1.618396215    1.745329252   68.462477543   34.360998839    0.902754838
    1.808795770    1.745329252   74.314961333   25.688213548   -2.103228200
    1.999195325    1.745329252   77.793963413    9.824266339   -4.858899186
    2.189594880    1.745329252   77.784871962  -10.365404580   -7.591558624
    2.379994435    1.745329252   73.804128341  -31.272131725  -10.352542969
    2.570393989    1.745329252   66.075146522  -49.099694578  -12.953087766
    2.760793544    1.745329252   55.520075045  -60.474526380  -15.046275884
    2.951193099    1.745329252   43.608612270  -63.123366342  -16.300397411

   -3.141592654    2.094395102   25.238072923  -56.993993064  -18.137287105
   -2.951193099    2.094395102   15.770343461  -41.678688425  -17.586346006
   -2.760793544    2.094395102    9.547628380  -23.740958660  -16.052258404
   -2.570393989    2.094395102    6.570850706   -8.396391336  -13.692900414
   -2.379994435    2.094395102    5.918095710    0.183164143  -10.663711966
   -2.189594880    2.094395102    6.125067615    0.734607421   -7.109410234
   -1.999195325    2.094395102    5.836049076   -4.329548308   -3.202823125
   -1.808795770    2.094395102    4.447904840   -9.838783754    0.793959357
   -1.618396215    2.094395102    2.411105496  -10.383054951    4.529153041
   -1.427996661    2.094395102    1.009320837   -2.992388557    7.644214302
   -1.237597106    2.094395102    1.734338018   11.466936984    9.918182290
   -1.047197551    2.094395102    5.585497030   29.022345332   11.368706242
   -0.856797996    2.094395102   12.668612231   44.522209863   12.250090130
   -0.666398442    2.094395102   22.166163622   53.831049144   12.911927882
   -0.475998887    2.094395102   32.660712578   54.829868018   13.620741969
   -0.285599332    2.094395102   42.545396323   47.625932706   14.424991145
   -0.095199777    2.094395102   50.414108362   34.102119558   15.102824931
    0.095199777    2.094395102   55.352200000   17.500888515   15.238018554
    0.285599332    2.094395102   57.152606086    1.869130787   14.350867151
    0.475998887    2.094395102   56.401431454   -8.708530039   12.131155762
    0.666398442    2.094395102   54.372119362  -11.267567953    8.628405427
    0.856797996    2.094395102   52.687819970   -5.236003185    4.330937139
    1.047197551    2.094395102   52.794444331    6.917238737    0.014337860
    1.237597106    2.094395102   55.429745883   20.400808572   -3.576582902
    1.427996661    2.094395102   60.323491965   29.878205882   -6.032087233
    1.618396215    2.094395102   66.300465145   31.309468244   -7.428261024
    1.808795770    2.094395102   71.650287368   23.301491781   -8.228718679
    1.999195325    2.094395102   74.661761182    7.170877858   -9.024617376
    2.189594880    2.094395102   74.073711571  -13.830993674  -10.259667916
    2.379994435    2.094395102   69.355381695  -35.481276832  -12.055174551
    2.570393989    2.094395102   60.799218703  -53.434517965  -14.186876479
    2.760793544    2.094395102   49.474682813  -64.071111570  -16.207653827
    2.951193099    2.094395102   37.008072151  -65.254209567  -17.638603905

   -3.141592654    2.443460953   19.061071841  -57.973282762  -11.763016100
   -2.951193099    2.443460953    9.567453870  -40.960767341  -10.819759503
   -2.760793544    2.443460953    3.651574091  -21.253411335   -9.135238229
   -2.570393989    2.443460953    1.313229616   -4.200915026   -6.844009562
   -2.379994435    2.443460953    1.610457531    5.928488388   -4.058497621
   -2.189594880    2.443460953    3.038220614    7.748133576   -0.824680129
   -1.999195325    2.443460953    4.169782049    3.475832359    2.842286050
   -1.808795770    2.443460953    4.290028929   -1.931337774    6.844886231
   -1.618396215    2.443460953    3.706347765   -3.159162965   10.915762518
   -1.427996661    2.443460953    3.562128790    2.905387660   14.631299981
   -1.237597106    2.443460953    5.259069370   15.760149658   17.548214405
   -1.047197551    2.443460953    9.784528557   31.864133234   19.374335043
   -0.856797996    2.443460953   17.303093645   46.325622083   20.069773348
   -0.666398442    2.443460953   27.078428225   54.985809651   19.806115722
   -0.475998887    2.443460953   37.743016919   55.442074722   18.825119324
   -0.285599332    2.443460953   47.673997819   47.409582952   17.284141273
   -0.095199777    2.443460953   55.376392523   32.455173023   15.154860700
    0.095199777    2.443460953   59.808125388   13.719731362   12.255659800
    0.285599332    2.443460953   60.648725722   -4.457196822    8.381629999
    0.475998887    2.443460953   58.464996776  -17.320883564    3.540501031
    0.666398442    2.443460953   54.659633021  -21.052727734   -1.879877706
    0.856797996    2.443460953   51.133473883  -14.475848834   -7.111752367
    1.047197551    2.443460953   49.670470310   -0.080629437  -11.260469367
    1.237597106    2.443460953   51.272320835   16.623249867  -13.680449931
    1.427996661    2.443460953   55.750965518   29.186245761  -14.248739654
    1.618396215    2.443460953   61.806741341   32.597935161  -13.404906388
    1.808795770    2.443460953   67.468709849   25.047435376  -11.919574468
    1.999195325    2.443460953   70.746253670    8.051460649  -10.569783177
    2.189594880    2.443460953   70.181803013  -14.512896500   -9.870305052
    2.379994435    2.443460953   65.181494976  -37.690937426   -9.957565897
    2.570393989    2.443460953   56.103447002  -56.567185159  -10.616824158
    2.760793544    2.443460953   44.163580359  -67.246183781  -11.423788072
    2.951193099    2.443460953   31.156487596  -67.628259862  -11.919525018

   -3.141592654    2.792526803   16.582347316  -57.227333419    0.640693099
   -2.951193099    2.792526803    7.315059828  -39.342879072    2.257506950
   -2.760793544    2.792526803    1.791011057  -18.779751160    4.047257652
   -2.570393989    2.792526803    0.000000000   -0.936600939    5.945148272
   -2.379994435    2.792526803    0.994056823    9.988957209    7.978014676
   -2.189594880    2.792526803    3.278444634   12.701472768   10.301338402
   -1.999195325    2.792526803    5.444446357    9.381419883   13.120704549
   -1.808795770    2.792526803    6.768495638    4.747954511   16.507360777
   -1.618396215    2.792526803    7.490970260    3.761691758   20.234412060
   -1.427996661    2.792526803    8.625020490    9.266361981   23.763258813
   -1.237597106    2.792526803   11.413455306   20.742796280   26.419300596
   -1.047197551    2.792526803   16.708588187   34.903697663   27.655953601
   -0.856797996    2.792526803   24.602389975   47.221430604   27.247144935
   -0.666398442    2.792526803   34.348489338   53.802153435   25.307772331
   -0.475998887    2.792526803   44.600342206   52.304278993   22.155474652
   -0.285599332    2.792526803   53.750436207   42.331520601   18.123155254
   -0.095199777    2.792526803   60.292486134   25.327583730   13.417536771
    0.095199777    2.792526803   63.165626189    4.488195848    8.115384030
    0.285599332    2.792526803   62.070663928  -15.452615517    2.274367682
    0.475998887    2.792526803   57.699508530  -29.078816739   -3.863532514
    0.666398442    2.792526803   51.708606239  -31.937123378   -9.751791697
    0.856797996    2.792526803   46.337637831  -22.674342039  -14.597656242
    1.047197551    2.792526803   43.678174102   -4.301326242  -17.640753532
    1.237597106    2.792526803   44.881313965   16.605264226  -18.492291522
    1.427996661    2.792526803   49.690486471   32.453673511  -17.316426006
    1.618396215    2.792526803   56.554969069   37.545576196  -14.757629805
    1.808795770    2.792526803   63.185242043   30.037474222  -11.639696173
    1.999195325    2.792526803   67.319252467   11.931705627   -8.665694317
    2.189594880    2.792526803   67.345174737  -12.209109741   -6.232571452
    2.379994435    2.792526803   62.640241728  -36.822517184   -4.419046872
    2.570393989    2.792526803   53.630087202  -56.613852365   -3.069815932
    2.760793544    2.792526803   41.646644087  -67.548994916   -1.927692835
    2.951193099    2.792526803   28.606174730  -67.599112847   -0.744211160
