#! FIELDS phi psi file.free der_phi der_psi
#! SET min_phi -pi
#! SET max_phi pi
#! SET nbins_phi  33
#! SET periodic_phi true
#! SET min_psi -pi
#! SET max_psi pi
#! SET nbins_psi  18
#! SET periodic_psi true
   -3.141592654   -3.141592654   18.561101474  -54.228425156   14.045304433
   -2.951193099   -3.141592654    9.800602919  -36.968437916   16.517817497
   -2.760793544   -3.141592654    4.698707639  -16.651130604   18.533972278
   -2.570393989   -3.141592654    3.321696675    1.349726521   20.058036478
   -2.379994435   -3.141592654    4.798557600   12.842059711   21.260400335
   -2.189594880   -3.141592654    7.710569711   16.503907422   22.503309823
   -1.999195325   -3.141592654   10.710723705   14.357369569   24.176187437
   -1.808795770   -3.141592654   13.083861036   10.723041601   26.435011405
   -1.618396215   -3.141592654   14.983796231    9.985731206   29.014510127
   -1.427996661   -3.141592654   17.229426371   14.498412421   31.253928577
   -1.237597106   -3.141592654   20.807643306   23.612920917   32.355686182
   -1.047197551   -3.141592654   26.336369262   34.378043419   31.730157370
   -0.856797996   -3.141592654   33.770237384   42.928558361   29.222814869
   -0.666398442   -3.141592654   42.359795544   46.062650312   25.127604108
   -0.475998887   -3.141592654   50.873771435   41.970712546   19.993729025
   -0.285599332   -3.141592654   57.896016747   30.518011758   14.382854874
   -0.095199777   -3.141592654   62.136346907   13.160587964    8.676583024
    0.095199777   -3.141592654   62.736755227   -7.062637868    3.052114112
    0.285599332   -3.141592654   59.563122487  -25.610288649   -2.403992373
    0.475998887   -3.141592654   53.439957530  -37.225512933   -7.496913047
    0.666398442   -3.141592654   46.128079840  -37.578965242  -11.809985689
    0.856797996   -3.141592654   39.943367906  -25.534920647  -14.772948121
    1.047197551   -3.141592654   36.999700483   -4.449848040  -15.916252446
    1.237597106   -3.141592654   38.394913659   18.688658455  -15.142139295
    1.427996661   -3.141592654   43.752733336   36.017619419  -12.809562101
    1.618396215   -3.141592654   51.377094871   41.880144855   -9.586427039
    1.808795770   -3.141592654   58.867967349   34.716250562   -6.133239132
    1.999195325   -3.141592654   63.913547445   16.840393533   -2.870280339
    2.189594880   -3.141592654   64.897500030   -7.050373552    0.095994169
    2.379994435   -3.141592654   61.193516907  -31.493817998    2.870745157
    2.570393989   -3.141592654   53.192502805  -51.407638913    5.618206966
    2.760793544   -3.141592654   42.156542578  -62.865468849    8.430935852
    2.951193099   -3.141592654   29.932596960  -63.739587982   11.284322580

   -3.141592654   -2.792526803   25.210636520  -49.370300981   21.657845187
   -2.951193099   -2.792526803   17.259748516  -33.391908374   24.197305372
   -2.760793544   -2.792526803   12.702493888  -14.505654292   25.881436916
   -2.570393989   -2.792526803   11.613340034    2.307590195   26.748759264
   -2.379994435   -2.792526803   13.212171121   13.313502084   27.076373564
   -2.189594880   -2.792526803   16.243611976   17.448749549   27.333464880
   -1.999195325   -2.792526803   19.533719781   16.543302587   27.984962178
   -1.808795770   -2.792526803   22.454805851   14.231671390   29.215292196
   -1.618396215   -2.792526803   25.089513334   13.987822303   30.747871103
   -1.427996661   -2.792526803   28.026964137   17.490767199   31.896922833
   -1.237597106   -2.792526803   31.949219070   24.015934439   31.854477825
   -1.047197551   -2.792526803   37.219083615   31.167352536   30.054890022
   -0.856797996   -2.792526803   43.681669466   36.011307722   26.401955422
   -0.666398442   -2.792526803   50.655459685   36.198615090   21.277955225
   -0.475998887   -2.792526803   57.107672578   30.416448052   15.332543489
   -0.285599332   -2.792526803   61.870663055   18.544835168    9.225182189
   -0.095199777   -2.792526803   63.869423755    1.722338071    3.418884717
    0.095199777   -2.792526803   62.389369184  -17.406418262   -1.860048468
    0.285599332   -2.792526803   57.378858159  -34.500705283   -6.520898868
    0.475998887   -2.792526803   49.732911729  -44.240898610  -10.438897829
    0.666398442   -2.792526803   41.308555981  -42.131882844  -13.353768605
    0.856797996   -2.792526803   34.535447152  -27.076474683  -14.924420253
    1.047197551   -2.792526803   31.600262181   -2.826949923  -14.909688098
    1.237597106   -2.792526803   33.570735277   22.995441797  -13.351865582
    1.427996661   -2.792526803   39.926748307   42.015135855  -10.607159420
    1.618396215   -2.792526803   48.766229439   48.492937258   -7.203859032
    1.808795770   -2.792526803   57.512083740   41.209118261   -3.595852955
    1.999195325   -2.792526803   63.761363668   22.994161592   -0.014254328
    2.189594880   -2.792526803   65.896337089   -1.074677899    3.541096239
    2.379994435   -2.792526803   63.333850755  -25.449162288    7.171732652
    2.570393989   -2.792526803   56.499137235  -45.214202879   10.936485995
    2.760793544   -2.792526803   46.645086848  -56.703440234   14.756247168
    2.951193099   -2.792526803   35.563259054  -57.994684373   18.422561373

   -3.141592654   -2.443460953   33.073798216  -44.207821317   21.396050423
   -2.951193099   -2.443460953   25.963035439  -29.794888893   23.545346193
   -2.760793544   -2.443460953   21.928396546  -12.607370059   24.825560941
   -2.570393989   -2.443460953   21.054558015    2.748940325   25.285700326
   -2.379994435   -2.443460953   22.648151852   12.954289962   25.167659080
   -2.189594880   -2.443460953   25.603846884   17.156182124   24.858662071
   -1.999195325   -2.443460953   28.900589767   16.972919805   24.720389963
   -1.808795770   -2.443460953   31.978774228   15.384303222   24.868221429
   -1.618396215   -2.443460953   34.843233113   15.057444806   25.049188415
   -1.427996661   -2.443460953   37.871818925   17.150867654   24.721724779
   -1.237597106   -2.443460953   41.491521046   21.029178722   23.308022379
   -1.047197551   -2.443460953   45.887240625   24.963681556   20.479057245
   -0.856797996   -2.443460953   50.883846147   26.964077915   16.298636218
   -0.666398442   -2.443460953   55.947730197   25.420120533   11.196728153
   -0.475998887   -2.443460953   60.293070180   19.308576997    5.770695786
   -0.285599332   -2.443460953   63.005808761    8.291494868    0.577542604
   -0.095199777   -2.443460953   63.191228497   -6.993594881   -4.023059251
    0.095199777   -2.443460953   60.215639254  -24.394755204   -7.894285415
    0.285599332   -2.443460953   54.034882486  -39.814272002  -11.029462640
    0.475998887   -2.443460953   45.533771865  -47.887268540  -13.418295369
    0.666398442   -2.443460953   36.585040065  -43.943287528  -14.953450682
    0.856797996   -2.443460953   29.659894632  -26.814933175  -15.455563290
    1.047197551   -2.443460953   26.977484936   -0.436956647  -14.784406151
    1.237597106   -2.443460953   29.582725264   27.203653135  -12.965166132
    1.427996661   -2.443460953   36.865536173   47.427709163  -10.227238803
    1.618396215   -2.443460953   46.797619706   54.466076446   -6.925566148
    1.808795770   -2.443460953   56.699317565   47.334318108   -3.377613024
    1.999195325   -2.443460953   64.122173570   29.206047177    0.236010391
    2.189594880   -2.443460953   67.459915438    5.369169007    3.885530000
    2.379994435   -2.443460953   66.157874383  -18.651543029    7.601285598
    2.570393989   -2.443460953   60.645803360  -38.164962795   11.371377137
    2.760793544   -2.443460953   52.132323334  -49.758636392   15.074710176
    2.951193099   -2.443460953   42.323548130  -51.672968767   18.499457303

   -3.141592654   -2.094395102   39.680403456  -39.848227791   14.854669492
   -2.951193099   -2.094395102   33.286058108  -26.690256964   16.135076496
   -2.760793544   -2.094395102   29.705842324  -10.956449659   16.812162326
   -2.570393989   -2.094395102   29.008329508    2.984147789   16.890972249
   -2.379994435   -2.094395102   30.538101370   12.130881257   16.463324365
   -2.189594880   -2.094395102   33.279232265   15.818639713   15.701138110
   -1.999195325   -2.094395102   36.307826897   15.535052987   14.771926459
   -1.808795770   -2.094395102   39.104668645   13.818375842   13.720321784
   -1.618396215   -2.094395102   41.620026629   12.840347979   12.414654429
   -1.427996661   -2.094395102   44.103727968   13.530354478   10.613990524
   -1.237597106   -2.094395102   46.853230775   15.474344903    8.117484727
   -1.047197551   -2.094395102   50.003262027   17.499895346    4.907868416
   -0.856797996   -2.094395102   53.444577035   18.254719353    1.187041534
   -0.666398442   -2.094395102   56.811577432   16.497280089   -2.676816206
   -0.475998887   -2.094395102   59.520457539   11.207222459   -6.296374268
   -0.285599332   -2.094395102   60.825386720    1.695248921   -9.382264852
   -0.095199777   -2.094395102   59.917013859  -11.886472840  -11.813466119
    0.095199777   -2.094395102   56.159038540  -27.769058696  -13.629064811
    0.285599332   -2.094395102   49.453995212  -41.995896647  -14.936050325
    0.475998887   -2.094395102   40.631569080  -49.087081950  -15.814914706
    0.666398442   -2.094395102   31.546693853  -44.142585996  -16.240358979
    0.856797996   -2.094395102   24.692467331  -25.826036126  -16.090636145
    1.047197551   -2.094395102   22.325928930    1.916361372  -15.208841333
    1.237597106   -2.094395102   25.508682285   30.898772030  -13.507633972
    1.427996661   -2.094395102   33.604429362   52.207056915  -11.045592699
    1.618396215   -2.094395102   44.520349435   59.954524106   -8.024101391
    1.808795770   -2.094395102   55.507086982   53.190463353   -4.701608614
    1.999195325   -2.094395102   64.064258527   35.238646639   -1.310905093
    2.189594880   -2.094395102   68.562460751   11.511772050    2.000897372
    2.379994435   -2.094395102   68.438079625  -12.440020909    5.153473134
    2.570393989   -2.094395102   64.107086421  -32.007874355    8.092477194
    2.760793544   -2.094395102   56.744391727  -43.882457374   10.746788803
    2.951193099   -2.094395102   48.004945298  -46.384142674   13.031245242

   -3.141592654   -1.745329252   42.697590993  -38.338654727    7.853111292
   -2.951193099   -1.745329252   36.534339171  -25.789491286    8.148324139
   -2.760793544   -1.745329252   33.064472605  -10.711402006    8.091620489
   -2.570393989   -1.745329252   32.345309883    2.501062273    7.697562728
   -2.379994435   -1.745329252   33.711258398   10.890575017    6.971445598
   -2.189594880   -1.745329252   36.143691829   13.814436674    5.917136603
   -1.999195325   -1.745329252   38.713328827   12.700521834    4.520248557
   -1.808795770   -1.745329252   40.878560329    9.985861489    2.733217771
   -1.618396215   -1.745329252   42.554845592    7.844384580    0.506019402
   -1.427996661   -1.745329252   43.976168507    7.405511230   -2.140388166
   -1.237597106   -1.745329252   45.480066477    8.623689633   -5.061728755
   -1.047197551   -1.745329252   47.313001232   10.661357293   -7.998805516
   -0.856797996   -1.745329252   49.522660809   12.300729715  -10.664309449
   -0.666398442   -1.745329252   51.896664528   12.107841874  -12.823285605
   -0.475998887   -1.745329252   53.944114697    8.662834853  -14.370824845
   -0.285599332   -1.745329252   54.928019230    0.814084279  -15.335106200
   -0.095199777   -1.745329252   53.970971535  -11.620645609  -15.845794825
    0.095199777   -1.745329252   50.324032439  -26.967040485  -16.089202596
    0.285599332   -1.745329252   43.781653478  -41.150462359  -16.224515439
    0.475998887   -1.745329252   35.104359053  -48.406358627  -16.332120912
    0.666398442   -1.745329252   26.140489110  -43.504196867  -16.361429689
    0.856797996   -1.745329252   19.433639916  -24.837612729  -16.145975788
    1.047197551   -1.745329252   17.327449110    3.735604557  -15.452675349
    1.237597106   -1.745329252   20.964268941   33.873353171  -14.083695031
    1.427996661   -1.745329252   29.741788018   56.354593919  -11.983326953
    1.618396215   -1.745329252   41.537958814   64.973242128   -9.274516615
    1.808795770   -1.745329252   53.525369333   58.587153903   -6.209698899
    1.999195325   -1.745329252   63.107782243   40.532875607   -3.089318007
    2.189594880   -1.745329252   68.576007786   16.353396489   -0.165544873
    2.379994435   -1.745329252   69.314938342   -8.238854945    2.387770015
    2.570393989   -1.745329252   65.716884320  -28.522610244    4.477004329
    2.760793544   -1.745329252   58.950371418  -41.106051212    6.067346490
    2.951193099   -1.745329252   50.676650483  -44.266123219    7.177020866

   -3.141592654   -1.396263402   42.424294716  -39.638241547    5.268002230
   -2.951193099   -1.396263402   35.993672302  -27.270708177    4.864358881
   -2.760793544   -1.396263402   32.240568035  -12.190650130    4.098782732
   -2.570393989   -1.396263402   31.244823642    1.068917354    3.031278111
   -2.379994435   -1.396263402   32.335390850    9.393454999    1.655926836
   -2.189594880   -1.396263402   34.454491845   11.956749974   -0.099566025
   -1.999195325   -1.396263402   36.602521814   10.058268815   -2.346222393
   -1.808795770   -1.396263402   38.160210670    6.209574969   -5.160017820
   -1.618396215   -1.396263402   39.006057036    2.942596322   -8.482321038
   -1.427996661   -1.396263402   39.423906992    1.899213080  -12.043538774
   -1.237597106   -1.396263402   39.893486099    3.442250163  -15.390147679
   -1.047197551   -1.396263402   40.849915211    6.779907812  -18.016773204
   -0.856797996   -1.396263402   42.499827793   10.372173118  -19.557575080
   -0.666398442   -1.396263402   44.704622720   12.227370314  -19.908503299
   -0.475998887   -1.396263402   46.940540164   10.422374650  -19.257809493
   -0.285599332   -1.396263402   48.359425872    3.495309107  -17.989303617
   -0.095199777   -1.396263402   47.938365518   -8.807367990  -16.532842626
    0.095199777   -1.396263402   44.787161536  -24.665635719  -15.242565120
    0.285599332   -1.396263402   38.601118942  -39.747724062  -14.293545792
    0.475998887   -1.396263402   30.099031310  -47.935803131  -13.682308038
    0.666398442   -1.396263402   21.159572553  -43.635991416  -13.252670755
    0.856797996   -1.396263402   14.419336188  -24.943605549  -12.777513848
    1.047197551   -1.396263402   12.354511820    4.380820260  -12.025538057
    1.237597106   -1.396263402   16.231676520   35.797888814  -10.832007164
    1.427996661   -1.396263402   25.512048997   59.677491110   -9.154252647
    1.618396215   -1.396263402   38.050856581   69.355363713   -7.067249771
    1.808795770   -1.396263402   50.922539956   63.362281020   -4.729872683
    1.999195325   -1.396263402   61.394051196   44.978731077   -2.334798419
    2.189594880   -1.396263402   67.630275695   19.891717308   -0.058555712
    2.379994435   -1.396263402   68.929887474   -5.921758556    1.946012607
    2.570393989   -1.396263402   65.651354719  -27.476293066    3.551429349
    2.760793544   -1.396263402   58.975801648  -41.156106786    4.658675378
    2.951193099   -1.396263402   50.612117507  -45.109248788    5.224734601

   -3.141592654   -1.047197551   41.227308967  -42.362224571    4.430783940
   -2.951193099   -1.047197551   34.247182290  -30.251943561    3.207329984
   -2.760793544   -1.047197551   29.935471282  -15.029656455    1.521024413
   -2.570393989   -1.047197551   28.428213748   -1.467629330   -0.476182765
   -2.379994435   -1.047197551   29.053507902    6.982433518   -2.716632530
   -2.189594880   -1.047197551   30.689843371    9.202969666   -5.249844812
   -1.999195325   -1.047197551   32.238459686    6.444219183   -8.194616021
   -1.808795770   -1.047197551   33.005051890    1.521578191  -11.599188598
   -1.618396215   -1.047197551   32.880794382   -2.439579526  -15.287204016
   -1.427996661   -1.047197551   32.280836110   -3.209155058  -18.795872071
   -1.237597106   -1.047197551   31.901730598   -0.159442455  -21.489042706
   -1.047197551   -1.047197551   32.397573266    5.657527424  -22.801355176
   -0.856797996   -1.047197551   34.100982928   12.041994437  -22.486867868
   -0.666398442   -1.047197551   36.856894229   16.205716585  -20.724452049
   -0.475998887   -1.047197551   39.989214627   15.648262992  -18.044013057
   -0.285599332   -1.047197551   42.422659518    8.725403533  -15.114481750
   -0.095199777   -1.047197551   42.913203142   -4.613010996  -12.496863623
    0.095199777   -1.047197551   40.414000893  -22.061499864  -10.488957987
    0.285599332   -1.047197551   34.566792684  -38.756018736   -9.059996176
    0.475998887   -1.047197551   26.131375569  -48.122277772   -7.966378978
    0.666398442   -1.047197551   17.098962840  -44.306166836   -6.914376212
    0.856797996   -1.047197551   10.246747821  -25.344310947   -5.732740215
    1.047197551   -1.047197551    8.183064038    4.860901073   -4.424352246
    1.237597106   -1.047197551   12.264000295   37.459543459   -3.105911109
    1.427996661   -1.047197551   21.972743441   62.464464550   -1.902507829
    1.618396215   -1.047197551   35.122403419   72.897405241   -0.842655515
    1.808795770   -1.047197551   48.697718937   67.109926424    0.143631262
    1.999195325   -1.047197551   59.858463789   48.383574482    1.163069384
    2.189594880   -1.047197551   66.674053701   22.507211904    2.271177201
    2.379994435   -1.047197551   68.371811506   -4.394425962    3.408120174
    2.570393989   -1.047197551   65.267030856  -27.195521426    4.398420942
    2.760793544   -1.047197551   58.525215240  -42.117121561    5.009544657
    2.951193099   -1.047197551   49.873662107  -47.130601400    5.049221782

   -3.141592654   -0.698131701   41.255649876  -45.435979792    3.092180547
   -2.951193099   -0.698131701   33.616053888  -34.027851040    1.024109747
   -2.760793544   -0.698131701   28.552333847  -19.085360697   -1.585477848
   -2.570393989   -0.698131701   26.268378153   -5.553617536   -4.453672076
   -2.379994435   -0.698131701   26.111133390    2.812363512   -7.395029237
   -2.189594880   -0.698131701   26.922576004    4.648559148  -10.404091978
   -1.999195325   -0.698131701   27.544283450    1.241458094  -13.592000687
   -1.808795770   -0.698131701   27.264795820   -4.191108276  -16.979547006
   -1.618396215   -0.698131701   26.058986096   -7.910462685  -20.299655991
   -1.427996661   -0.698131701   24.534411249   -7.227652989  -22.964968709
   -1.237597106   -0.698131701   23.625205515   -1.540803156  -24.273523098
   -1.047197551   -0.698131701   24.162558068    7.502667877  -23.744002921
   -0.856797996   -0.698131701   26.506257688   16.788019425  -21.378961238
   -0.666398442   -0.698131701   30.355961260   22.706571607  -17.700398880
   -0.475998887   -0.698131701   34.772452153   22.374818514  -13.541400786
   -0.285599332   -0.698131701   38.396615260   14.323158128   -9.720801763
   -0.095199777   -0.698131701   39.781227018   -0.890597660   -6.734679768
    0.095199777   -0.698131701   37.811755776  -20.149041252   -4.631852020
    0.285599332   -0.698131701   32.208751626  -37.953081323   -3.058767299
    0.475998887   -0.698131701   23.896496770  -47.477115921   -1.526851739
    0.666398442   -0.698131701   15.033962498  -43.092650969    0.295224646
    0.856797996   -0.698131701    8.489905590  -23.354892111    2.376702769
    1.047197551   -0.698131701    6.860081685    7.334031902    4.356332980
    1.237597106   -0.698131701   11.417669801   39.889419452    5.781162035
    1.427996661   -0.698131701   21.552043566   64.456211832    6.371109341
    1.618396215   -0.698131701   35.031037108   74.374077763    6.188893390
    1.808795770   -0.698131701   48.852036225   68.256497961    5.574616518
    1.999195325   -0.698131701   60.219374110   49.438219978    4.960798722
    2.189594880   -0.698131701   67.233991472   23.534160991    4.654074924
    2.379994435   -0.698131701   69.110802388   -3.594728051    4.710476606
    2.570393989   -0.698131701   66.106625637  -27.012105656    4.927180724
    2.760793544   -0.698131701   59.309207549  -42.934840526    4.944640277
    2.951193099   -0.698131701   50.389889342  -49.136929662    4.405405330

   -3.141592654   -0.349065850   41.799731379  -49.150353810    1.793162003
   -2.951193099   -0.349065850   33.334496426  -38.900089174   -0.649274473
   -2.760793544   -0.349065850   27.272850994  -24.590971182   -3.592097812
   -2.570393989   -0.349065850   23.920331199  -11.209775616   -6.715946387
   -2.379994435   -0.349065850   22.689810274   -2.801109371   -9.795451939
   -2.189594880   -0.349065850   22.430670722   -1.009250611  -12.791489423
   -1.999195325   -0.349065850   21.964348435   -4.511800689  -15.767120250
   -1.808795770   -0.349065850   20.605756921   -9.657938832  -18.659195583
   -1.618396215   -0.349065850   18.458618519  -12.128369248  -21.102032729
   -1.427996661   -0.349065850   16.348799526   -8.952646145  -22.467994979
   -1.237597106   -0.349065850   15.426867585    0.144050018  -22.150697617
   -1.047197551   -0.349065850   16.620603614   12.632484969  -19.918695051
   -0.856797996   -0.349065850   20.197075425   24.365721901  -16.104808421
   -0.666398442   -0.349065850   25.592086449   31.055487958  -11.511918089
   -0.475998887   -0.349065850   31.532704895   29.774217861   -7.074501984
   -0.285599332   -0.349065850   36.379087690   19.646337762   -3.487211062
   -0.095199777   -0.349065850   38.558234408    2.173904002   -0.934424465
    0.095199777   -0.349065850   37.011778730  -18.586445818    0.920643602
    0.285599332   -0.349065850   31.661827753  -36.641491811    2.735169934
    0.475998887   -0.349065850   23.668488872  -45.300469668    5.091320588
    0.666398442   -0.349065850   15.342983997  -39.651241803    8.141165288
    0.856797996   -0.349065850    9.543242632  -19.152669161   11.456849068
    1.047197551   -0.349065850    8.702163268   11.198406045   14.214509289
    1.237597106   -0.349065850   13.875682566   42.336068695   15.629948375
    1.427996661   -0.349065850   24.296762813   65.007052103   15.354152475
    1.618396215   -0.349065850   37.718675774   73.328029347   13.644974925
    1.808795770   -0.349065850   51.252150493   66.443914805   11.186466653
    1.999195325   -0.349065850   62.273084720   47.741347262    8.756551173
    2.189594880   -0.349065850   69.019846543   22.462540582    6.895970151
    2.379994435   -0.349065850   70.752782258   -4.087563919    5.755088502
    2.570393989   -0.349065850   67.671724009  -27.439594087    5.109122490
    2.760793544   -0.349065850   60.742203543  -44.009516354    4.514108075
    2.951193099   -0.349065850   51.508360919  -51.439436253    3.508422672

   -3.141592654    0.000000000   42.481272746  -52.733701918    0.718813759
   -2.951193099    0.000000000   33.224244245  -43.545914820   -1.356139383
   -2.760793544    0.000000000   26.213967915  -29.802004592   -3.801907589
   -2.570393989    0.000000000   21.857819698  -16.467269277   -6.385226500
   -2.379994435    0.000000000   19.645062773   -7.840674675   -8.936009830
   -2.189594880    0.000000000   18.449515115   -5.809801325  -11.410119216
   -1.999195325    0.000000000   17.096203467   -8.985809001  -13.793317964
   -1.808795770    0.000000000   14.952516922  -13.301269544  -15.908497175
   -1.618396215    0.000000000   12.264339032  -13.982379921  -17.322064131
   -1.427996661    0.000000000   10.054573014   -8.007358305  -17.469953830
   -1.237597106    0.000000000    9.620969383    4.323684852  -15.963995978
   -1.047197551    0.000000000   11.882647285   19.492071954  -12.874921538
   -0.856797996    0.000000000   16.909481560   32.445932479   -8.783842367
   -0.666398442    0.000000000   23.817511763   38.585419804   -4.563071663
   -0.475998887    0.000000000   31.025479650   35.389731391   -0.985016523
   -0.285599332    0.000000000   36.718167757   22.941271148    1.592434373
   -0.095199777    0.000000000   39.349472832    3.809003017    3.370279461
    0.095199777    0.000000000   38.065803990  -17.196917958    4.977139595
    0.285599332    0.000000000   33.077850494  -34.019763752    7.151264708
    0.475998887    0.000000000   25.772059832  -40.663054776   10.325025171
    0.666398442    0.000000000   18.499922437  -33.408401247   14.326273585
    0.856797996    0.000000000   13.930360841  -12.809129558   18.359699603
    1.047197551    0.000000000   14.155480269   15.742294337   21.325650296
    1.237597106    0.000000000   19.906508282   43.709055704   22.342910430
    1.427996661    0.000000000   30.260535773   63.009484441   21.149720152
    1.618396215    0.000000000   43.050136971   68.917779418   18.201299877
    1.808795770    0.000000000   55.636581078   61.181612550   14.398087853
    1.999195325    0.000000000   65.691304727   43.051899416   10.685794017
    2.189594880    0.000000000   71.667216153   19.123462465    7.705775855
    2.379994435    0.000000000   72.897583332   -6.090900422    5.662080858
    2.570393989    0.000000000   69.516424402  -28.724105132    4.361139208
    2.760793544    0.000000000   62.340957312  -45.452758090    3.383643644
    2.951193099    0.000000000   52.755123067  -53.790322442    2.275094324

   -3.141592654    0.349065850   43.689185592  -54.833541826    0.471023003
   -2.951193099    0.349065850   33.939798805  -46.564231151   -0.606719306
   -2.760793544    0.349065850   26.286699374  -33.461770277   -1.877840963
   -2.570393989    0.349065850   21.200991861  -20.415794900   -3.295566326
   -2.379994435    0.349065850   18.227316816  -11.856536666   -4.832330955
   -2.189594880    0.349065850   16.270815892   -9.760532914   -6.485887341
   -1.999195325    0.349065850   14.191563141  -12.583980070   -8.185879807
   -1.808795770    0.349065850   11.443580636  -15.915700866   -9.676295717
   -1.618396215    0.349065850    8.418627430  -14.763813351  -10.523877403
   -1.427996661    0.349065850    6.289587294   -6.317746161  -10.294861727
   -1.237597106    0.349065850    6.416896866    8.445247088   -8.811088071
   -1.047197551    0.349065850    9.632342586   25.188094093   -6.300896180
   -0.856797996    0.349065850   15.785693175   38.337768988   -3.324758642
   -0.666398442    0.349065850   23.729364130   43.402353272   -0.518829494
   -0.475998887    0.349065850   31.696974823   38.519525152    1.722459100
   -0.285599332    0.349065850   37.844390120   24.716411632    3.414813034
   -0.095199777    0.349065850   40.770063052    5.357113676    4.983616475
    0.095199777    0.349065850   39.873812429  -14.447512891    7.059291106
    0.285599332    0.349065850   35.611991895  -29.040266739   10.156995854
    0.475998887    0.349065850   29.477544777  -33.447471276   14.355682690
    0.666398442    0.349065850   23.703891173  -25.191917945   19.123422362
    0.856797996    0.349065850   20.632900629   -5.678145379   23.423696788
    1.047197551    0.349065850   21.944578676   19.729657738   26.101186843
    1.237597106    0.349065850   28.056694518   43.440764794   26.387099418
    1.427996661    0.349065850   37.965613414   58.773427972   24.228403034
    1.618396215    0.349065850   49.679768188   62.163503657   20.279626082
    1.808795770    0.349065850   60.892653962   53.825501294   15.566523288
    1.999195325    0.349065850   69.622760775   36.709736416   11.074653733
    2.189594880    0.349065850   74.562751594   14.661389272    7.440255030
    2.379994435    0.349065850   75.130907761   -8.644039365    4.872974491
    2.570393989    0.349065850   71.401713793  -29.960350403    3.229223641
    2.760793544    0.349065850   64.045508435  -46.266298721    2.179804130
    2.951193099    0.349065850   54.276766720  -55.008063576    1.355111261

   -3.141592654    0.698131701   44.684987155  -55.347437359   -0.739639393
   -2.951193099    0.698131701   34.802293763  -47.450439216   -0.675845206
   -2.760793544    0.698131701   26.933052871  -34.842140257   -0.608563639
   -2.570393989    0.698131701   21.534589552  -22.315696312   -0.683222375
   -2.379994435    0.698131701   18.150652731  -14.249754264   -1.020621558
   -2.189594880    0.698131701   15.702296541  -12.487472982   -1.682471326
   -1.999195325    0.698131701   13.102314864  -15.232548618   -2.603705234
   -1.808795770    0.698131701    9.908744779  -17.825305523   -3.549188420
   -1.618396215    0.698131701    6.644989740  -15.269054343   -4.179233136
   -1.427996661    0.698131701    4.582917140   -5.106446243   -4.210023970
   -1.237597106    0.698131701    5.087228637   11.090659365   -3.570469060
   -1.047197551    0.698131701    8.883796406   28.491060132   -2.438258195
   -0.856797996    0.698131701   15.655833709   41.396989611   -1.113517160
   -0.666398442    0.698131701   24.112300829   45.692168328    0.170742511
   -0.475998887    0.698131701   32.446363449   40.152663011    1.418602043
   -0.285599332    0.698131701   38.897687708   26.437049571    2.888268513
   -0.095199777    0.698131701   42.243505208    8.236104637    4.992187127
    0.095199777    0.698131701   42.082425405   -9.487171257    8.101731682
    0.285599332    0.698131701   38.992720753  -21.717186091   12.310133586
    0.475998887    0.698131701   34.429873856  -24.474061821   17.268202652
    0.666398442    0.698131701   30.394957059  -16.251235151   22.162564885
    0.856797996    0.698131701   28.852932123    1.075933898   25.924934299
    1.047197551    0.698131701   31.092599928   22.495107811   27.608846073
    1.237597106    0.698131701   37.285694319   41.531087871   26.773007163
    1.427996661    0.698131701   46.429504228   52.871189421   23.659957440
    1.618396215    0.698131701   56.769069617   53.953436354   19.063916520
    1.808795770    0.698131701   66.356591015   45.270543559   13.980838330
    1.999195325    0.698131701   73.552953588   29.349898101    9.264991328
    2.189594880    0.698131701   77.273745911    9.282255281    5.426790266
    2.379994435    0.698131701   77.015357415  -11.989449472    2.637048197
    2.570393989    0.698131701   72.811320528  -31.694704984    0.824783033
    2.760793544    0.698131701   65.227792370  -47.027095807   -0.192719886
    2.951193099    0.698131701   55.355957848  -55.413086177   -0.641901757

   -3.141592654    1.047197551   43.412212507  -55.166670251   -5.276461700
   -2.951193099    1.047197551   33.618730128  -46.726481015   -4.522841622
   -2.760793544    1.047197551   25.910807141  -33.921772785   -3.506934965
   -2.570393989    1.047197551   20.680179008  -21.519556166   -2.498241268
   -2.379994435    1.047197551   17.414115206  -13.835909030   -1.711482744
   -2.189594880    1.047197551   14.997698360  -12.565800691   -1.269586571
   -1.999195325    1.047197551   12.342560941  -15.696751535   -1.179269761
   -1.808795770    1.047197551    9.046419055  -18.380931531   -1.336923462
   -1.618396215    1.047197551    5.694444682  -15.596708789   -1.583965873
   -1.427996661    1.047197551    3.606838541   -5.047662834   -1.783073638
   -1.237597106    1.047197551    4.155595483   11.456618623   -1.859881265
   -1.047197551    1.047197551    8.036480148   28.975793880   -1.779456807
   -0.856797996    1.047197551   14.904070219   41.921043818   -1.468558436
   -0.666398442    1.047197551   23.481025559   46.506662138   -0.773954030
   -0.475998887    1.047197551   32.042009967   41.837440755    0.537072675
   -0.285599332    1.047197551   38.956424522   29.732538078    2.699686480
   -0.095199777    1.047197551   43.132081815   13.728323330    5.849181127
    0.095199777    1.047197551   44.236474444   -1.730945195    9.928391727
    0.285599332    1.047197551   42.790969557  -12.384730319   14.594630005
    0.475998887    1.047197551   40.044260070  -15.031032013   19.218050329
    0.666398442    1.047197551   37.667521855   -8.606381711   22.972779418
    0.856797996    1.047197551   37.267538845    5.190015551   25.067448563
    1.047197551    1.047197551   39.872966594   22.164964349   25.017765442
    1.237597106    1.047197551   45.591840573   37.021300570   22.829285539
    1.427996661    1.047197551   53.572791642   45.434760260   18.999002460
    1.618396215    1.047197551   62.350192078   45.254506349   14.296744873
    1.808795770    1.047197551   70.282126319   36.777909828    9.474301768
    1.999195325    1.047197551   75.958521994   21.972166631    5.066224952
    2.189594880    1.047197551   78.412761409    3.380366212    1.342224849
    2.379994435    1.047197551   77.174070653  -16.398082762   -1.600141972
    2.570393989    1.047197551   72.264712469  -34.709979561   -3.730685987
    2.760793544    1.047197551   64.228722648  -48.784941117   -5.027183951
    2.951193099    1.047197551   54.127519272  -56.082028149   -5.510020318

   -3.141592654    1.396263402   39.171701586  -54.648758097  -11.676905998
   -2.951193099    1.396263402   29.626632514  -44.696063861  -10.893707110
   -2.760793544    1.396263402   22.406377743  -30.936781600   -9.494761489
   -2.570393989    1.396263402   17.783035113  -18.232796731   -7.754179830
   -2.379994435    1.396263402   15.122868166  -10.843302112   -5.901757363
   -2.189594880    1.396263402   13.213347348  -10.285096107   -4.108264186
   -1.999195325    1.396263402   10.907246202  -14.327916496   -2.501258317
   -1.808795770    1.396263402    7.783163177  -17.933235634   -1.187406023
   -1.618396215    1.396263402    4.437180969  -15.959381408   -0.256031830
   -1.427996661    1.396263402    2.219576994   -6.018196528    0.248504480
   -1.237597106    1.396263402    2.551430065   10.200077174    0.383909718
   -1.047197551    1.396263402    6.205671906   27.942863841    0.348674617
   -0.856797996    1.396263402   12.950612192   41.781276918    0.479532948
   -0.666398442    1.396263402   21.643986436   47.977447648    1.157664684
   -0.475998887    1.396263402   30.683784861   45.456327421    2.698289834
   -0.285599332    1.396263402   38.507695234   35.642220624    5.248765420
   -0.095199777    1.396263402   44.000333924   21.545801762    8.727131332
    0.095199777    1.396263402   46.702896875    7.039216290   12.821842804
    0.285599332    1.396263402   46.909682935   -4.054613053   16.987654810
    0.475998887    1.396263402   45.583514840   -8.695907810   20.529689713
    0.666398442    1.396263402   44.117495614   -5.542145795   22.740223275
    0.856797996    1.396263402   43.937308748    4.424627720   23.117523426
    1.047197551    1.396263402   46.054251855   17.935816748   21.543798519
    1.237597106    1.396263402   50.725250106   30.474890689   18.325901060
    1.427996661    1.396263402   57.352028731   37.979637481   14.080742627
    1.618396215    1.396263402   64.716053348   37.994518408    9.478457770
    1.808795770    1.396263402   71.329583854   30.216067793    5.013767419
    1.999195325    1.396263402   75.824022898   16.084594995    0.924635369
    2.189594880    1.396263402   77.205085276   -2.029522046   -2.739447219
    2.379994435    1.396263402   74.977421352  -21.351020528   -5.959456407
    2.570393989    1.396263402   69.189589734  -38.902556101   -8.634732925
    2.760793544    1.396263402   60.465947111  -51.723309986  -10.575961864
    2.951193099    1.396263402   49.958240762  -57.345409004  -11.609020909

   -3.141592654    1.745329252   32.785214362  -54.739587001  -17.416570066
   -2.951193099    1.745329252   23.420358852  -42.761839481  -16.971833675
   -2.760793544    1.745329252   16.724950327  -27.459661471  -15.564644644
   -2.570393989    1.745329252   12.861195642  -13.840718554  -13.415107188
   -2.379994435    1.745329252   11.073464771   -6.172693228  -10.737728008
   -2.189594880    1.745329252   10.033875390   -5.907791565   -7.728080592
   -1.999195325    1.745329252    8.494226766  -10.730195308   -4.590095002
   -1.808795770    1.745329252    5.950559294  -15.484968933   -1.572865319
   -1.618396215    1.745329252    2.946484609  -14.826456907    1.044443788
   -1.427996661    1.745329252    0.830648931   -6.030145000    3.025847195
   -1.237597106    1.745329252    1.095494870    9.618853554    4.290774618
   -1.047197551    1.745329252    4.656437083   27.700901474    4.982163097
   -0.856797996    1.745329252   11.465312255   42.833412616    5.450718410
   -0.666398442    1.745329252   20.540171696   51.000094366    6.120622205
   -0.475998887    1.745329252   30.359486238   50.591508031    7.327971498
   -0.285599332    1.745329252   39.331963012   42.441815305    9.192203395
   -0.095199777    1.745329252   46.207360535   29.089405076   11.548093776
    0.095199777    1.745329252   50.321001376   14.100680479   13.985056376
    0.285599332    1.745329252   51.724609628    1.253514301   15.918564632
    0.475998887    1.745329252   51.157166472   -6.176555332   16.770086680
    0.666398442    1.745329252   49.861248034   -6.294556033   16.158148594
    0.856797996    1.745329252   49.239312550    0.652149841   14.073823621
    1.047197551    1.745329252   50.418386236   12.046417419   10.898452843
    1.237597106    1.745329252   53.863765852   23.689523821    7.243628632
    1.427996661    1.745329252   59.199077842   31.330305292    3.703547867
    1.618396215    1.745329252   65.354052270   31.969724779    0.610794893
    1.808795770    1.745329252   70.876631387   24.727945188   -2.046600724
    1.999195325    1.745329252   74.345335947   10.727193427   -4.518910543
    2.189594880    1.745329252   74.690439567   -7.576911027   -7.085665204
    2.379994435    1.745329252   71.389469145  -27.020294213   -9.848358833
    2.570393989    1.745329252   64.548423281  -44.172141161  -12.639222553
    2.760793544    1.745329252   54.919447628  -55.823531974  -15.082727625
    2.951193099    1.745329252   43.797050490  -59.596459392  -16.768517375

   -3.141592654    2.094395102   25.773129882  -55.842974810  -18.825079742
   -2.951193099    2.094395102   16.395063811  -41.819245531  -18.523359959
   -2.760793544    2.094395102   10.057582334  -24.708349327  -17.052805127
   -2.570393989    2.094395102    6.861994612   -9.640124279  -14.580356561
   -2.379994435    2.094395102    5.982512754   -0.897257270  -11.320480687
   -2.189594880    2.094395102    6.019486748    0.054419577   -7.499116194
   -1.999195325    2.094395102    5.644181959   -4.554245083   -3.361791004
   -1.808795770    2.094395102    4.252050376   -9.667042951    0.787893932
   -1.618396215    2.094395102    2.276587560   -9.926286972    4.591113743
   -1.427996661    2.094395102    0.977945612   -2.380046184    7.700986722
   -1.237597106    2.094395102    1.822056866   12.088638480    9.905117619
   -1.047197551    2.094395102    5.777883200   29.477555772   11.217260606
   -0.856797996    2.094395102   12.913813714   44.600283883   11.879976489
   -0.666398442    2.094395102   22.372809007   53.329927299   12.243235535
   -0.475998887    2.094395102   32.708538662   53.672681529   12.599881074
   -0.285599332    2.094395102   42.319217455   45.957894788   13.050543282
   -0.095199777    2.094395102   49.848446591   32.286243996   13.437443709
    0.095199777    2.094395102   54.460928345   15.969266558   13.403744635
    0.285599332    2.094395102   56.018893438    0.880522356   12.508515223
    0.475998887    2.094395102   55.127256171   -9.232659489   10.450803050
    0.666398442    2.094395102   53.012326529  -11.717649739    7.256359326
    0.856797996    2.094395102   51.209214618   -6.099241968    3.364861648
    1.047197551    2.094395102   51.085676608    5.348945025   -0.507718323
    1.237597106    2.094395102   53.358755695   18.224277595   -3.668307933
    1.427996661    2.094395102   57.816084283   27.586551378   -5.740525832
    1.618396215    2.094395102   63.401137668   29.614271473   -6.819093776
    1.808795770    2.094395102   68.538366684   22.868716996   -7.382286894
    1.999195325    2.094395102   71.619642794    8.376247857   -8.042909330
    2.189594880    2.094395102   71.416599469  -11.032720409   -9.271706127
    2.379994435    2.094395102   67.348079336  -31.559034792  -11.211389329
    2.570393989    2.094395102   59.585435698  -49.161439811  -13.636328958
    2.760793544    2.094395102   49.038798042  -60.299394829  -16.062443701
    2.951193099    2.094395102   37.186105343  -62.653979261  -17.937480160

   -3.141592654    2.443460953   19.401216485  -57.302604706  -12.385234887
   -2.951193099    2.443460953    9.934460535  -41.270321347  -11.581549060
   -2.760793544    2.443460953    3.903010788  -22.064544579   -9.862727079
   -2.570393989    2.443460953    1.401423519   -5.035491694   -7.382077195
   -2.379994435    2.443460953    1.563681461    5.378910206   -4.308268591
   -2.189594880    2.443460953    2.922275985    7.574903223   -0.762853687
   -1.999195325    2.443460953    4.052222435    3.619821988    3.164847224
   -1.808795770    2.443460953    4.220343798   -1.587667716    7.321646760
   -1.618396215    2.443460953    3.710939249   -2.736605587   11.412385219
   -1.427996661    2.443460953    3.644756571    3.291243842   15.009212943
   -1.237597106    2.443460953    5.400383109   15.976785434   17.680550062
   -1.047197551    2.443460953    9.937319635   31.747323540   19.157923111
   -0.856797996    2.443460953   17.386282018   45.696544102   19.437663181
   -0.666398442    2.443460953   26.980918460   53.713437915   18.745220743
   -0.475998887    2.443460953   37.342467981   53.561815287   17.390386688
   -0.285599332    2.443460953   46.876731864   45.196031243   15.598467965
   -0.095199777    2.443460953   54.162005015   30.385110505   13.389768436
    0.095199777    2.443460953   58.253201810   12.292053118   10.599693546
    0.285599332    2.443460953   58.905960872   -4.980493261    7.005727113
    0.475998887    2.443460953   56.700307399  -17.080614655    2.572140463
    0.666398442    2.443460953   52.974741862  -20.550756694   -2.369865937
    0.856797996    2.443460953   49.518198388  -14.333914296   -7.107181621
    1.047197551    2.443460953   48.011469568   -0.713142528  -10.790749635
    1.237597106    2.443460953   49.415320454   15.225587695  -12.808791759
    1.427996661    2.443460953   53.586812839   27.468146413  -13.063427697
    1.618396215    2.443460953   59.338539801   31.249689682  -12.016139556
    1.808795770    2.443460953   64.831741599   24.725381680  -10.455670378
    1.999195325    2.443460953   68.177387996    9.126716848   -9.169858760
    2.189594880    2.443460953   67.950495905  -12.081883005   -8.670369871
    2.379994435    2.443460953   63.509311498  -34.348795251   -9.073986228
    2.570393989    2.443460953   55.098647121  -53.026832117  -10.129846277
    2.760793544    2.443460953   43.790462984  -64.257636714  -11.362600831
    2.951193099    2.443460953   31.253850847  -65.727202159  -12.250046463

   -3.141592654    2.792526803   16.679496218  -56.685922755   -0.357048646
   -2.951193099    2.792526803    7.442221962  -39.491307810    1.236135221
   -2.760793544    2.792526803    1.858193348  -19.177893573    3.161241637
   -2.570393989    2.792526803    0.000000000   -1.192474015    5.320951678
   -2.379994435    2.792526803    0.975809777   10.067127484    7.686450359
   -2.189594880    2.792526803    3.304913802   13.078152295   10.343843080
   -1.999195325    2.792526803    5.557275895    9.883150827   13.427455183
   -1.808795770    2.792526803    6.972232828    5.176155755   16.946115186
   -1.618396215    2.792526803    7.755658978    3.956846215   20.633949872
   -1.427996661    2.792526803    8.894836491    9.118204774   23.943327486
   -1.237597106    2.792526803   11.614503549   20.166738607   26.224464544
   -1.047197551    2.792526803   16.752583645   33.827172525   26.988059957
   -0.856797996    2.792526803   24.388904727   45.603688597   26.090336346
   -0.666398442    2.792526803   33.776809854   51.683728703   23.741010955
   -0.475998887    2.792526803   43.592077446   49.893345173   20.344809581
   -0.285599332    2.792526803   52.285072004   40.027969057   16.289921515
   -0.095199777    2.792526803   58.438521804   23.644284012   11.787856313
    0.095199777    2.792526803   61.085383027    3.854811055    6.869926264
    0.285599332    2.792526803   59.980915655  -14.925278059    1.515474245
    0.475998887    2.792526803   55.797616104  -27.715618599   -4.113887190
    0.666398442    2.792526803   50.094045426  -30.399460558   -9.528197765
    0.856797996    2.792526803   44.972865870  -21.686040972  -13.956163506
    1.047197551    2.792526803   42.409259812   -4.316018501  -16.637505330
    1.237597106    2.792526803   43.510111883   15.596774398  -17.185316361
    1.427996661    2.792526803   48.065067349   30.902284234  -15.785641273
    1.618396215    2.792526803   54.635920369   36.137819979  -13.125043182
    1.808795770    2.792526803   61.064160997   29.423526479  -10.067849809
    1.999195325    2.792526803   65.189589223   12.496302928   -7.331269300
    2.189594880    2.792526803   65.438741783  -10.458314535   -5.286066607
    2.379994435    2.792526803   61.153752823  -34.246552337   -3.951419542
    2.570393989    2.792526803   52.665205811  -53.821252896   -3.098369949
    2.760793544    2.792526803   41.181317229  -65.182683441   -2.400541309
    2.951193099    2.792526803   28.512121888  -66.103558668   -1.553117572
