#! FIELDS phi psi file.free der_phi der_psi
#! SET min_phi -pi
#! SET max_phi pi
#! SET nbins_phi  33
#! SET periodic_phi true
#! SET min_psi -pi
#! SET max_psi pi
#! SET nbins_psi  18
#! SET periodic_psi true
   -3.141592654   -3.141592654   19.476925189  -54.654428911   13.169617780
   -2.951193099   -3.141592654   10.516060128  -38.439606633   15.693339753
   -2.760793544   -3.141592654    5.134769859  -17.892455533   17.855055689
   -2.570393989   -3.141592654    3.621487456    1.269972861   19.609506337
   -2.379994435   -3.141592654    5.210234636   14.055868747   21.091144418
   -2.189594880   -3.141592654    8.427556746   18.340300165   22.592828255
   -1.999195325   -3.141592654   11.753143306   15.766685823   24.406978991
   -1.808795770   -3.141592654   14.280965230   10.838219210   26.593347393
   -1.618396215   -3.141592654   16.052041146    8.539107423   28.831487127
   -1.427996661   -3.141592654   17.896599661   11.842277254   30.480011660
   -1.237597106   -3.141592654   20.904149836   20.413571867   30.840826560
   -1.047197551   -3.141592654   25.815599563   31.175551361   29.483185996
   -0.856797996   -3.141592654   32.657805236   39.933120479   26.431419934
   -0.666398442   -3.141592654   40.692694773   43.219826457   22.125622137
   -0.475998887   -3.141592654   48.675407430   39.250891978   17.191036115
   -0.285599332   -3.141592654   55.205096746   28.132099348   12.164334983
   -0.095199777   -3.141592654   59.057203557   11.564170774    7.303361921
    0.095199777   -3.141592654   59.467164645   -7.384542902    2.594338639
    0.285599332   -3.141592654   56.373822574  -24.420878926   -2.073878093
    0.475998887   -3.141592654   50.609055972  -34.699335113   -6.649260698
    0.666398442   -3.141592654   43.861527524  -34.289103963  -10.765823496
    0.856797996   -3.141592654   38.310362830  -22.313804640  -13.808182124
    1.047197551   -3.141592654   35.903460165   -2.163106588  -15.200230315
    1.237597106   -3.141592654   37.590984269   19.413912018  -14.723385708
    1.427996661   -3.141592654   42.923773380   35.080905917  -12.646971273
    1.618396215   -3.141592654   50.252731499   39.877692144   -9.602897220
    1.808795770   -3.141592654   57.350863862   32.831072335   -6.264414485
    1.999195325   -3.141592654   62.151849804   16.348538800   -3.091430285
    2.189594880   -3.141592654   63.240491242   -5.410733421   -0.226611013
    2.379994435   -3.141592654   60.039641212  -27.979461683    2.419315895
    2.570393989   -3.141592654   52.797046798  -47.203594333    5.019655269
    2.760793544   -3.141592654   42.504760034  -59.486420629    7.691838820
    2.951193099   -3.141592654   30.754435667  -62.236017302   10.443461710

   -3.141592654   -2.792526803   25.564919382  -49.378417436   20.100267827
   -2.951193099   -2.792526803   17.512499485  -34.259596389   22.936658522
   -2.760793544   -2.792526803   12.799637842  -15.069761459   24.942066025
   -2.570393989   -2.792526803   11.701641068    2.872298366   26.089888202
   -2.379994435   -2.792526803   13.523901527   15.038543767   26.611767420
   -2.189594880   -2.792526803   16.936855438   19.555009893   26.944321205
   -1.999195325   -2.792526803   20.571924356   17.868846698   27.522817595
   -1.808795770   -2.792526803   23.591197321   13.828283705   28.509001715
   -1.618396215   -2.792526803   25.956409283   11.593726849   29.629983124
   -1.427996661   -2.792526803   28.281122632   13.590686864   30.251180682
   -1.237597106   -2.792526803   31.387744715   19.535038057   29.667658746
   -1.047197551   -2.792526803   35.819156560   26.980809219   27.451940737
   -0.856797996   -2.792526803   41.556813117   32.645311924   23.648884522
   -0.666398442   -2.792526803   47.981401420   33.804008184   18.735381803
   -0.475998887   -2.792526803   54.068082829   28.971435351   13.378450582
   -0.285599332   -2.792526803   58.644448315   18.043941243    8.155153684
   -0.095199777   -2.792526803   60.641523567    2.224899873    3.359214388
    0.095199777   -2.792526803   59.354588294  -15.871568834   -0.996637834
    0.285599332   -2.792526803   54.723953072  -32.067931453   -5.013068730
    0.475998887   -2.792526803   47.598809132  -41.262073205   -8.673033491
    0.666398442   -2.792526803   39.751844608  -39.131293870  -11.711934892
    0.856797996   -2.792526803   33.503327677  -24.664694066  -13.683352240
    1.047197551   -2.792526803   30.924658112   -1.576204898  -14.192720111
    1.237597106   -2.792526803   32.989958034   22.715598093  -13.139648981
    1.427996661   -2.792526803   39.145414669   40.250817305  -10.797951889
    1.618396215   -2.792526803   47.551282301   45.858277488   -7.688569489
    1.808795770   -2.792526803   55.797323805   38.811858992   -4.312366028
    1.999195325   -2.792526803   61.708440645   22.016544906   -0.961890455
    2.189594880   -2.792526803   63.853837792    0.060084020    2.331969174
    2.379994435   -2.792526803   61.698477878  -22.423449196    5.690013328
    2.570393989   -2.792526803   55.538308338  -41.381823308    9.231457047
    2.760793544   -2.792526803   46.377229460  -53.467243538   12.945080654
    2.951193099   -2.792526803   35.768917014  -56.343936380   16.663515272

   -3.141592654   -2.443460953   32.941964357  -43.574264879   20.523907753
   -2.951193099   -2.443460953   25.857264015  -29.992334442   23.038361331
   -2.760793544   -2.443460953   21.784495121  -12.631399526   24.585868780
   -2.570393989   -2.443460953   20.984016867    3.625990179   25.151900161
   -2.379994435   -2.443460953   22.835569937   14.728743523   24.968202829
   -2.189594880   -2.443460953   26.157104093   19.050289860   24.449274458
   -1.999195325   -2.443460953   29.734835868   17.840779326   23.998580954
   -1.808795770   -2.443460953   32.803458616   14.314651975   23.773867249
   -1.618396215   -2.443460953   35.257876282   11.872277058   23.567876007
   -1.427996661   -2.443460953   37.522854999   12.486173386   22.896628111
   -1.237597106   -2.443460953   40.200618081   16.020219089   21.255620646
   -1.047197551   -2.443460953   43.697674529   20.707461932   18.396169313
   -0.856797996   -2.443460953   48.012815579   24.139826487   14.452521326
   -0.666398442   -2.443460953   52.692141649   24.204793520    9.881239070
   -0.475998887   -2.443460953   56.946990116   19.535147754    5.245315944
   -0.285599332   -2.443460953   59.815548994    9.656361478    0.992830254
   -0.095199777   -2.443460953   60.342915591   -4.812217507   -2.683233014
    0.095199777   -2.443460953   57.833718110  -21.717383174   -5.828779812
    0.285599332   -2.443460953   52.181398585  -36.980736730   -8.577413732
    0.475998887   -2.443460953   44.205108811  -45.250461604  -10.967388152
    0.666398442   -2.443460953   35.711653570  -41.839429338  -12.836199767
    0.856797996   -2.443460953   29.110380288  -25.565059284  -13.871210006
    1.047197551   -2.443460953   26.560988073   -0.332071021  -13.782082605
    1.237597106   -2.443460953   29.060156865   25.976148616  -12.480167149
    1.427996661   -2.443460953   35.985632367   44.958495405  -10.151907055
    1.618396215   -2.443460953   45.368117857   51.299657099   -7.175066972
    1.808795770   -2.443460953   54.676160983   44.463367526   -3.921167210
    1.999195325   -2.443460953   61.669482675   27.735486323   -0.612682181
    2.189594880   -2.443460953   64.921959603    6.004481086    2.727065734
    2.379994435   -2.443460953   63.938355216  -16.033634168    6.185703914
    2.570393989   -2.443460953   59.042522586  -34.515206836    9.830724811
    2.760793544   -2.443460953   51.216478660  -46.387756385   13.596139769
    2.951193099   -2.443460953   41.937240057  -49.577652329   17.266953175

   -3.141592654   -2.094395102   39.486963821  -38.484922341   15.062423678
   -2.951193099   -2.094395102   33.240987260  -26.365010427   16.644931546
   -2.760793544   -2.094395102   29.689850929  -10.814256138   17.423609471
   -2.570393989   -2.094395102   29.060008873    3.639182954   17.373944177
   -2.379994435   -2.094395102   30.773279715   13.364151684   16.628020628
   -2.189594880   -2.094395102   33.756623541   16.979426638   15.441434885
   -1.999195325   -2.094395102   36.919819113   15.620701537   14.076128393
   -1.808795770   -2.094395102   39.564615008   12.054633231   12.658020306
   -1.618396215   -2.094395102   41.556210541    9.173352076   11.115144715
   -1.427996661   -2.094395102   43.213934017    8.707996145    9.245542395
   -1.237597106   -2.094395102   45.030151426   10.723805780    6.872436649
   -1.047197551   -2.094395102   47.374781118   13.970414441    3.987246884
   -0.856797996   -2.094395102   50.316342684   16.601310066    0.784016777
   -0.666398442   -2.094395102   53.555842547   16.785788184   -2.408684174
   -0.475998887   -2.094395102   56.476491431   13.064504346   -5.274456899
   -0.285599332   -2.094395102   58.238775949    4.549472933   -7.628300060
   -0.095199777   -2.094395102   57.920472185   -8.629615384   -9.470281026
    0.095199777   -2.094395102   54.777669076  -24.626519242  -10.947194002
    0.285599332   -2.094395102   48.626131619  -39.358301356  -12.223347711
    0.475998887   -2.094395102   40.236467652  -47.190770236  -13.358772002
    0.666398442   -2.094395102   31.432604897  -43.082579695  -14.235718440
    0.856797996   -2.094395102   24.696384341  -25.654667735  -14.601877471
    1.047197551   -2.094395102   22.270908448    1.105736146  -14.189280510
    1.237597106   -2.094395102   25.195451986   28.986109274  -12.855768462
    1.427996661   -2.094395102   32.821570110   49.225180633  -10.672853027
    1.618396215   -2.094395102   43.097068552   56.326718854   -7.895744478
    1.808795770   -2.094395102   53.399044726   49.814228507   -4.833633394
    1.999195325   -2.094395102   61.425419673   33.220318325   -1.728780940
    2.189594880   -2.094395102   65.737799228   11.666396805    1.319320055
    2.379994435   -2.094395102   65.859345937  -10.072795367    4.315845725
    2.570393989   -2.094395102   62.129403930  -28.252141487    7.282662858
    2.760793544   -2.094395102   55.510077672  -40.038417711   10.168665038
    2.951193099   -2.094395102   47.415920338  -43.576672665   12.831798831

   -3.141592654   -1.745329252   42.770795651  -36.423806373    8.837965387
   -2.951193099   -1.745329252   36.830960332  -25.251038545    9.316693410
   -2.760793544   -1.745329252   33.391160644  -10.776026447    9.201697273
   -2.570393989   -1.745329252   32.663342140    2.579620859    8.512106088
   -2.379994435   -1.745329252   34.078703782   11.323431234    7.328800655
   -2.189594880   -1.745329252   36.594772320   14.144138922    5.769740408
   -1.999195325   -1.745329252   39.153394203   12.116417738    3.937607359
   -1.808795770   -1.745329252   41.067351265    7.870130099    1.876437066
   -1.618396215   -1.745329252   42.191539763    4.241095626   -0.412251521
   -1.427996661   -1.745329252   42.841711818    3.093423781   -2.900550971
   -1.237597106   -1.745329252   43.549464135    4.789526697   -5.471815979
   -1.047197551   -1.745329252   44.781855335    8.346482174   -7.919571875
   -0.856797996   -1.745329252   46.738162671   11.989385802  -10.020197232
   -0.666398442   -1.745329252   49.236614139   13.667715003  -11.612068886
   -0.475998887   -1.745329252   51.715237104   11.523413751  -12.662210568
   -0.285599332   -1.745329252   53.309138868    4.247487993  -13.266179499
   -0.095199777   -1.745329252   53.004632328   -8.292970215  -13.605224331
    0.095199777   -1.745329252   49.937982535  -24.251118421  -13.886687608
    0.285599332   -1.745329252   43.829131873  -39.318557550  -14.247499400
    0.475998887   -1.745329252   35.411145023  -47.489031079  -14.697532427
    0.666398442   -1.745329252   26.544251324  -43.360862390  -15.086979464
    0.856797996   -1.745329252   19.801946945  -25.341814006  -15.154958281
    1.047197551   -1.745329252   17.536721962    2.546354867  -14.622182733
    1.237597106   -1.745329252   20.866190900   31.799184598  -13.308360107
    1.427996661   -1.745329252   29.151250546   53.265435874  -11.228939250
    1.618396215   -1.745329252   40.278769300   61.138607636   -8.590139829
    1.808795770   -1.745329252   51.526911815   54.847876319   -5.692920457
    1.999195325   -1.745329252   60.499586709   38.072189120   -2.819407996
    2.189594880   -1.745329252   65.703575604   16.162522980   -0.137512008
    2.379994435   -1.745329252   66.646386172   -5.940325611    2.291853406
    2.570393989   -1.745329252   63.670497599  -24.472558811    4.455398115
    2.760793544   -1.745329252   57.733908636  -36.669664394    6.318686058
    2.951193099   -1.745329252   50.231801920  -40.764014560    7.811194802

   -3.141592654   -1.396263402   43.172671242  -37.427317474    6.051751326
   -2.951193099   -1.396263402   36.979564228  -26.890160564    5.778110872
   -2.760793544   -1.396263402   33.182964109  -12.856553795    4.902870603
   -2.570393989   -1.396263402   32.032160964    0.242588647    3.499057473
   -2.379994435   -1.396263402   32.986937692    8.824809292    1.650523292
   -2.189594880   -1.396263402   35.007231082   11.408192741   -0.583382482
   -1.999195325   -1.396263402   37.004146798    8.907754539   -3.180841189
   -1.808795770   -1.396263402   38.243088008    3.965195009   -6.122269527
   -1.618396215   -1.396263402   38.557978619   -0.313750695   -9.312322596
   -1.427996661   -1.396263402   38.312285945   -1.646819443  -12.510644544
   -1.237597106   -1.396263402   38.160654601    0.650281720  -15.341620575
   -1.047197551   -1.396263402   38.725584014    5.586274663  -17.403864803
   -0.856797996   -1.396263402   40.325804840   11.045146022  -18.434217464
   -0.666398442   -1.396263402   42.814474726   14.453182914  -18.414727752
   -0.475998887   -1.396263402   45.568247350   13.516194205  -17.587229529
   -0.285599332   -1.396263402   47.597813400    6.706743755  -16.350625977
   -0.095199777   -1.396263402   47.748677667   -6.084373685  -15.110168371
    0.095199777   -1.396263402   45.037666375  -22.786105724  -14.159875324
    0.285599332   -1.396263402   39.119810959  -38.780478217  -13.593283075
    0.475998887   -1.396263402   30.726700240  -47.702522356  -13.317963811
    0.666398442   -1.396263402   21.784190553  -43.841321629  -13.103795448
    0.856797996   -1.396263402   14.978515731  -25.419080937  -12.684328455
    1.047197551   -1.396263402   12.789829108    3.507228406  -11.842425306
    1.237597106   -1.396263402   16.432532681   34.137043998  -10.477451685
    1.427996661   -1.396263402   25.291373820   56.889898547   -8.641918677
    1.618396215   -1.396263402   37.196214938   65.572803822   -6.498688533
    1.808795770   -1.396263402   49.313664683   59.429013783   -4.249898386
    1.999195325   -1.396263402   59.125752269   42.224515329   -2.062367177
    2.189594880   -1.396263402   65.049945410   19.532102182   -0.021619116
    2.379994435   -1.396263402   66.548267996   -3.486847067    1.839186033
    2.570393989   -1.396263402   63.951064992  -22.949927012    3.480879834
    2.760793544   -1.396263402   58.218279506  -36.047628136    4.813462555
    2.951193099   -1.396263402   50.752774536  -40.997049986    5.710815888

   -3.141592654   -1.047197551   42.490070973  -39.906763500    4.336627706
   -2.951193099   -1.047197551   35.758309704  -30.015053783    3.278532030
   -2.760793544   -1.047197551   31.337142270  -16.233266394    1.562884670
   -2.570393989   -1.047197551   29.544375026   -3.094861783   -0.670591264
   -2.379994435   -1.047197551   29.873011660    5.566077119   -3.284214194
   -2.189594880   -1.047197551   31.263367609    7.995178910   -6.202263734
   -1.999195325   -1.047197551   32.568685430    5.008578221   -9.405436788
   -1.808795770   -1.047197551   33.005701146   -0.547288775  -12.839608808
   -1.618396215   -1.047197551   32.425669004   -5.100841130  -16.294373272
   -1.427996661   -1.047197551   31.304138953   -5.891822424  -19.353543282
   -1.237597106   -1.047197551   30.476653854   -2.037546411  -21.488171495
   -1.047197551   -1.047197551   30.741860507    5.207758494  -22.266933544
   -0.856797996   -1.047197551   32.506567083   13.115619060  -21.565351186
   -0.666398442   -1.047197551   35.582227907   18.402310432  -19.642175079
   -0.475998887   -1.047197551   39.186090222   18.296068395  -17.048566895
   -0.285599332   -1.047197551   42.113550482   11.181481218  -14.412296333
   -0.095199777   -1.047197551   43.016286118   -2.779221751  -12.205318580
    0.095199777   -1.047197551   40.790903588  -21.008715545  -10.613111841
    0.285599332   -1.047197551   35.074659077  -38.379402769   -9.504810941
    0.475998887   -1.047197551   26.667948015  -48.130763708   -8.571858319
    0.666398442   -1.047197551   17.622669600  -44.375320974   -7.502254149
    0.856797996   -1.047197551   10.762562339  -25.369162655   -6.149815499
    1.047197551   -1.047197551    8.679913665    4.610791658   -4.577722395
    1.237597106   -1.047197551   12.647071596   36.411241912   -2.983124654
    1.427996661   -1.047197551   22.035823280   60.108000304   -1.576988486
    1.618396215   -1.047197551   34.607322474   69.263320656   -0.457354953
    1.808795770   -1.047197551   47.429684939   63.055028429    0.414505418
    1.999195325   -1.047197551   57.891504264   45.365613645    1.171355238
    2.189594880   -1.047197551   64.346707676   21.938189406    1.953936493
    2.379994435   -1.047197551   66.222863479   -1.941689277    2.822080932
    2.570393989   -1.047197551   63.830503810  -22.362740429    3.704069068
    2.760793544   -1.047197551   58.111058768  -36.507158771    4.406264816
    2.951193099   -1.047197551   50.455722262  -42.530874822    4.685615289

   -3.141592654   -0.698131701   42.509296249  -42.611765056    2.130889289
   -2.951193099   -0.698131701   35.168838219  -33.651610249    0.294940316
   -2.760793544   -0.698131701   29.992085798  -20.468120115   -2.218638479
   -2.570393989   -0.698131701   27.361108155   -7.626976771   -5.173393839
   -2.379994435   -0.698131701   26.809647685    0.853441044   -8.344901029
   -2.189594880   -0.698131701   27.280163833    3.025052524  -11.619046359
   -1.999195325   -0.698131701   27.607058116   -0.294829379  -14.971197517
   -1.808795770   -0.698131701   27.016440799   -5.963858834  -18.318492805
   -1.618396215   -0.698131701   25.445395972   -9.940337423  -21.365617267
   -1.427996661   -0.698131701   23.537782719   -9.124840521  -23.587768909
   -1.237597106   -0.698131701   22.325870294   -2.714577184  -24.409658160
   -1.047197551   -0.698131701   22.741913143    7.467916950  -23.492648379
   -0.856797996   -0.698131701   25.187930174   17.868454828  -20.947606240
   -0.666398442   -0.698131701   29.318813501   24.502042710  -17.335369269
   -0.475998887   -0.698131701   34.100168225   24.332294833  -13.454715751
   -0.285599332   -0.698131701   38.075079661   16.001908949  -10.029006842
   -0.095199777   -0.698131701   39.733839147    0.307399556   -7.433450512
    0.095199777   -0.698131701   37.945638791  -19.410471780   -5.608771193
    0.285599332   -0.698131701   32.451861063  -37.488262260   -4.143841915
    0.475998887   -0.698131701   24.221565835  -47.029886180   -2.554079598
    0.666398442   -0.698131701   15.458382960  -42.464565544   -0.559206373
    0.856797996   -0.698131701    9.048607082  -22.612546432    1.741138889
    1.047197551   -0.698131701    7.538786469    7.750911927    3.925818367
    1.237597106   -0.698131701   12.088766563   39.270200484    5.502156712
    1.427996661   -0.698131701   21.954904729   62.205686169    6.164920583
    1.618396215   -0.698131701   34.842699859   70.500482265    5.958003697
    1.808795770   -0.698131701   47.835833151   63.670029385    5.208179603
    1.999195325   -0.698131701   58.385093259   45.728202438    4.353371728
    2.189594880   -0.698131701   64.907103060   22.301103588    3.741736154
    2.379994435   -0.698131701   66.854174922   -1.586628596    3.508791398
    2.570393989   -0.698131701   64.509001187  -22.285107676    3.545441575
    2.760793544   -0.698131701   58.746291170  -37.104017724    3.557678671
    2.951193099   -0.698131701   50.885791284  -44.133871053    3.184544114

   -3.141592654   -0.349065850   42.623436912  -45.800849220    0.126735360
   -2.951193099   -0.349065850   34.554451208  -38.062887641   -2.029464747
   -2.760793544   -0.349065850   28.447532329  -25.741590011   -4.753778510
   -2.570393989   -0.349065850   24.766192215  -13.318300483   -7.803431404
   -2.379994435   -0.349065850   23.116490970   -4.960911919  -10.951791366
   -2.189594880   -0.349065850   22.477076171   -2.809961978  -14.080213960
   -1.999195325   -0.349065850   21.699226622   -6.021519213  -17.132474838
   -1.808795770   -0.349065850   20.061667429  -11.117113551  -19.948995622
   -1.618396215   -0.349065850   17.632917142  -13.616560477  -22.140224344
   -1.427996661   -0.349065850   15.251668222  -10.256215233  -23.142253598
   -1.237597106   -0.349065850   14.127738351   -0.601632660  -22.469240273
   -1.047197551   -0.349065850   15.252186255   12.694179766  -20.012367676
   -0.856797996   -0.349065850   18.912686309   25.162159300  -16.177897464
   -0.666398442   -0.349065850   24.503990617   32.267237180  -11.763148201
   -0.475998887   -0.349065850   30.683967946   31.034746295   -7.630718297
   -0.285599332   -0.349065850   35.755641931   20.740413178   -4.361997875
   -0.095199777   -0.349065850   38.123924490    3.087977770   -2.030977711
    0.095199777   -0.349065850   36.740577138  -17.753894187   -0.229619720
    0.285599332   -0.349065850   31.550168549  -35.764376258    1.704358279
    0.475998887   -0.349065850   23.735075241  -44.287034196    4.293809155
    0.666398442   -0.349065850   15.615764417  -38.496342123    7.596375266
    0.856797996   -0.349065850   10.034821109  -18.064204258   11.094048330
    1.047197551   -0.349065850    9.357896657   11.733691333   13.912696383
    1.237597106   -0.349065850   14.526631351   41.637274190   15.267069827
    1.427996661   -0.349065850   24.650042220   62.535404432   14.841578793
    1.618396215   -0.349065850   37.428115993   69.125499307   12.933118959
    1.808795770   -0.349065850   50.061199685   61.423839922   10.247559939
    1.999195325   -0.349065850   60.171839065   43.500044979    7.565373959
    2.189594880   -0.349065850   66.319751114   20.658978424    5.430251481
    2.379994435   -0.349065850   68.020285569   -2.563776463    4.020281818
    2.570393989   -0.349065850   65.526220470  -22.960814079    3.170460056
    2.760793544   -0.349065850   59.614761044  -38.098667851    2.506713849
    2.951193099   -0.349065850   51.485035877  -46.056822158    1.601972011

   -3.141592654    0.000000000   42.640164883  -48.829180371   -1.269873687
   -2.951193099    0.000000000   33.892982510  -42.105681276   -3.061638622
   -2.760793544    0.000000000   26.940766349  -30.497322035   -5.216657250
   -2.570393989    0.000000000   22.319336805  -18.369697706   -7.589909336
   -2.379994435    0.000000000   19.705265336  -10.001992221  -10.045286923
   -2.189594880    0.000000000   18.120908598   -7.668647941  -12.502249121
   -1.999195325    0.000000000   16.453162735  -10.444117242  -14.865149052
   -1.808795770    0.000000000   14.058379334  -14.515933203  -16.883019018
   -1.618396215    0.000000000   11.150707284  -15.083186537  -18.102176885
   -1.427996661    0.000000000    8.744949974   -8.938233008  -18.006086913
   -1.237597106    0.000000000    8.164477686    3.755991638  -16.294753850
   -1.047197551    0.000000000   10.363233260   19.431332058  -13.119423283
   -0.856797996    0.000000000   15.423130787   32.846207906   -9.093801980
   -0.666398442    0.000000000   22.436588088   39.270192308   -5.056540659
   -0.475998887    0.000000000   29.787483203   36.201082233   -1.704349498
   -0.285599332    0.000000000   35.642866125   23.853007362    0.694393035
   -0.095199777    0.000000000   38.463081219    4.910343775    2.407930083
    0.095199777    0.000000000   37.412223752  -15.836200957    4.088451741
    0.285599332    0.000000000   32.705464409  -32.429109575    6.444196228
    0.475998887    0.000000000   25.713588466  -38.977914360    9.832528449
    0.666398442    0.000000000   18.753997101  -31.837413616   13.990046204
    0.856797996    0.000000000   14.447684105  -11.676590381   18.047270877
    1.047197551    0.000000000   14.810308956   15.968078528   20.880709360
    1.237597106    0.000000000   20.473286263   42.471586271   21.642854379
    1.427996661    0.000000000   30.418019590   59.927723447   20.146161418
    1.618396215    0.000000000   42.450308029   64.144146496   16.921301198
    1.808795770    0.000000000   54.034088413   55.655633751   12.907522288
    1.999195325    0.000000000   63.085818932   38.334843629    9.039289312
    2.189594880    0.000000000   68.372587737   16.845471180    5.916494871
    2.379994435    0.000000000   69.482983278   -5.000306139    3.713840352
    2.570393989    0.000000000   66.618742628  -24.524424800    2.254467835
    2.760793544    0.000000000   60.432912073  -39.544630169    1.181409713
    2.951193099    0.000000000   51.981516010  -48.088944905    0.105249702

   -3.141592654    0.349065850   43.039420032  -50.467358159   -1.629339538
   -2.951193099    0.349065850   33.910305594  -44.456346455   -2.502391486
   -2.760793544    0.349065850   26.445949955  -33.486792648   -3.506041579
   -2.570393989    0.349065850   21.208497236  -21.818025749   -4.669200243
   -2.379994435    0.349065850   17.907220522  -13.744413639   -6.014388804
   -2.189594880    0.349065850   15.597005989  -11.506395079   -7.538595939
   -1.999195325    0.349065850   13.219459082  -13.965283857   -9.129993604
   -1.808795770    0.349065850   10.239758574  -16.994502996  -10.485452232
   -1.618396215    0.349065850    7.028183351  -15.661390540  -11.154313027
   -1.427996661    0.349065850    4.743053696   -7.048859506  -10.727016162
   -1.237597106    0.349065850    4.754273645    7.987328792   -9.075066349
   -1.047197551    0.349065850    7.916219428   25.113499888   -6.472513062
   -0.856797996    0.349065850   14.091831079   38.654052806   -3.500781507
   -0.666398442    0.349065850   22.126475369   44.038400659   -0.782481057
   -0.475998887    0.349065850   30.239778745   39.423534719    1.318957015
   -0.285599332    0.349065850   36.585377653   25.909780184    2.859853581
   -0.095199777    0.349065850   39.769481371    6.894833742    4.304681562
    0.095199777    0.349065850   39.195663103  -12.604767291    6.313426125
    0.285599332    0.349065850   35.299368917  -27.073934612    9.408439910
    0.475998887    0.349065850   29.528379982  -31.638954175   13.641962558
    0.666398442    0.349065850   24.058761685  -23.842336508   18.427026827
    0.856797996    0.349065850   21.175101215   -5.111023144   22.664774906
    1.047197551    0.349065850   22.491322033   19.149689210   25.167830724
    1.237597106    0.349065850   28.352707965   41.332755775   25.186251461
    1.427996661    0.349065850   37.695434033   54.940015706   22.733979830
    1.618396215    0.349065850   48.530459390   56.870371063   18.545657990
    1.808795770    0.349065850   58.664340547   48.005432665   13.695491499
    1.999195325    0.349065850   66.348425323   31.810866069    9.159611836
    2.189594880    0.349065850   70.563990217   12.174342657    5.515832926
    2.379994435    0.349065850   70.963980283   -7.850400738    2.910236336
    2.570393989    0.349065850   67.691242334  -26.074397627    1.177835384
    2.760793544    0.349065850   61.276143369  -40.523669385    0.030030666
    2.951193099    0.349065850   52.637144625  -49.173250800   -0.829784011

   -3.141592654    0.698131701   43.265283730  -50.660812016   -2.413352915
   -2.951193099    0.698131701   34.089089825  -44.775671088   -2.361443673
   -2.760793544    0.698131701   26.528929724  -34.198714289   -2.193224551
   -2.570393989    0.698131701   21.102528318  -23.111524858   -2.095551356
   -2.379994435    0.698131701   17.492139096  -15.692871900   -2.245252872
   -2.189594880    0.698131701   14.758502711  -13.954352219   -2.740343181
   -1.999195325    0.698131701   11.902490622  -16.434697106   -3.516756121
   -1.808795770    0.698131701    8.508270702  -18.745074757   -4.313447630
   -1.618396215    0.698131701    5.090511245  -15.978593397   -4.761234927
   -1.427996661    0.698131701    2.911667744   -5.614935260   -4.562781295
   -1.237597106    0.698131701    3.344015592   10.867906925   -3.659127441
   -1.047197551    0.698131701    7.131051942   28.634428403   -2.262338442
   -0.856797996    0.698131701   13.963362609   41.890545844   -0.723101072
   -0.666398442    0.698131701   22.538492617   46.436000216    0.675769279
   -0.475998887    0.698131701   31.030112919   41.070289984    1.897075223
   -0.285599332    0.698131701   37.672128958   27.539684805    3.186647577
   -0.095199777    0.698131701   41.250425194    9.598105823    4.984279372
    0.095199777    0.698131701   41.373675004   -7.861404539    7.725071700
    0.285599332    0.698131701   38.607441239  -19.973333584   11.578074032
    0.475998887    0.698131701   34.365216288  -22.897633524   16.246688687
    0.666398442    0.698131701   30.585613934  -15.191932924   20.927987311
    0.856797996    0.698131701   29.165464686    1.240295747   24.525224887
    1.047197551    0.698131701   31.321111470   21.392590763   26.058980741
    1.237597106    0.698131701   37.157282563   38.847707443   25.079060794
    1.427996661    0.698131701   45.629637070   48.527507888   21.857007115
    1.618396215    0.698131701   55.007876807   48.318118265   17.234281883
    1.808795770    0.698131701   63.469650489   39.297489613   12.235114724
    1.999195325    0.698131701   69.603103560   24.408132225    7.693463370
    2.189594880    0.698131701   72.591563924    6.734976602    4.047537426
    2.379994435    0.698131701   72.144520866  -11.357704207    1.379029990
    2.570393989    0.698131701   68.357508778  -28.046003871   -0.439522395
    2.760793544    0.698131701   61.672597660  -41.467092595   -1.579220663
    2.951193099    0.698131701   52.913661748  -49.550449481   -2.195247150

   -3.141592654    1.047197551   41.730086063  -50.723772032   -6.110411147
   -2.951193099    1.047197551   32.609836058  -44.146827827   -5.643860019
   -2.760793544    1.047197551   25.209546068  -33.203296747   -4.746784164
   -2.570393989    1.047197551   19.977454999  -22.127512475   -3.681052479
   -2.379994435    1.047197551   16.524953045  -15.062623536   -2.715030608
   -2.189594880    1.047197551   13.862742854  -13.840104357   -2.046149026
   -1.999195325    1.047197551   10.986263052  -16.719580567   -1.734661499
   -1.808795770    1.047197551    7.527099045  -19.070604267   -1.688378504
   -1.618396215    1.047197551    4.076239081  -15.944277253   -1.726435577
   -1.427996661    1.047197551    1.957673462   -5.012329845   -1.680475321
   -1.237597106    1.047197551    2.554496397   11.943237335   -1.467767585
   -1.047197551    1.047197551    6.569699413   29.896750849   -1.085930929
   -0.856797996    1.047197551   13.639937745   43.102073785   -0.538835516
   -0.666398442    1.047197551   22.443059923   47.661123629    0.233929294
   -0.475998887    1.047197551   31.200861913   42.737764289    1.387181563
   -0.285599332    1.047197551   38.256610050   30.336061307    3.134099341
   -0.095199777    1.047197551   42.528956512   14.187047630    5.663554226
    0.095199777    1.047197551   43.721623060   -1.223613479    9.036527332
    0.285599332    1.047197551   42.384163505  -11.750699373   13.052596341
    0.475998887    1.047197551   39.761981626  -14.383689671   17.194475463
    0.666398442    1.047197551   37.487174566   -8.228231359   20.685178726
    0.856797996    1.047197551   37.101632430    4.899008873   22.714310675
    1.047197551    1.047197551   39.553418335   20.778370334   22.744653982
    1.237597106    1.047197551   44.875068608   34.199974877   20.730075005
    1.427996661    1.047197551   52.173745397   41.122951672   17.144270383
    1.618396215    1.047197551   60.015556894   39.863086658   12.758646147
    1.808795770    1.047197551   66.888820475   31.261908603    8.325958724
    1.999195325    1.047197551   71.603451278   17.616720023    4.352631240
    2.189594880    1.047197551   73.437109487    1.392805756    1.035038446
    2.379994435    1.047197551   72.100618125  -15.395786728   -1.629546574
    2.570393989    1.047197551   67.652834584  -30.969669007   -3.694015967
    2.760793544    1.047197551   60.507776192  -43.383957362   -5.155051185
    2.951193099    1.047197551   51.475118071  -50.500617943   -5.969385907

   -3.141592654    1.396263402   37.700533079  -51.095530789  -11.283053651
   -2.951193099    1.396263402   28.670201332  -42.853206279  -11.026983859
   -2.760793544    1.396263402   21.646765625  -30.629532790   -9.967031634
   -2.570393989    1.396263402   16.977187811  -18.910174007   -8.311850375
   -2.379994435    1.396263402   14.142246195  -11.902705006   -6.326179177
   -2.189594880    1.396263402   12.030309850  -11.292945581   -4.278806846
   -1.999195325    1.396263402    9.555798444  -15.066571770   -2.397710295
   -1.808795770    1.396263402    6.324339754  -18.313225294   -0.845693393
   -1.618396215    1.396263402    2.946159247  -15.900818323    0.286258729
   -1.427996661    1.396263402    0.789181565   -5.419316997    0.984714817
   -1.237597106    1.396263402    1.290225656   11.385996511    1.327854539
   -1.047197551    1.396263402    5.214671786   29.558852050    1.493281237
   -0.856797996    1.396263402   12.276819145   43.428904943    1.744463335
   -0.666398442    1.396263402   21.244406692   49.133623513    2.367952318
   -0.475998887    1.396263402   30.424553309   45.749025081    3.602631289
   -0.285599332    1.396263402   38.216398520   35.052142651    5.582154297
   -0.095199777    1.396263402   43.537812323   20.431689523    8.293638182
    0.095199777    1.396263402   46.018907268    5.925801861   11.562784205
    0.285599332    1.396263402   46.048163887   -4.748860222   15.007226719
    0.475998887    1.396263402   44.641354027   -8.849056724   18.063542146
    0.666398442    1.396263402   43.181839439   -5.371381873   20.084722364
    0.856797996    1.396263402   43.026895382    4.429393659   20.548631659
    1.047197551    1.396263402   45.080590982   17.170887651   19.265914094
    1.237597106    1.396263402   49.489485295   28.428673430   16.459983286
    1.427996661    1.396263402   55.587189615   34.494405603   12.691592147
    1.618396215    1.396263402   62.175885097   33.462477001    8.612144775
    1.808795770    1.396263402   67.898779737   25.609972499    4.717256878
    1.999195325    1.396263402   71.608017759   12.664466281    1.230990892
    2.189594880    1.396263402   72.540442825   -3.173769482   -1.858477052
    2.379994435    1.396263402   70.352184864  -19.785797872   -4.640681652
    2.570393989    1.396263402   65.092166341  -35.052446037   -7.131256181
    2.760793544    1.396263402   57.232173299  -46.714532987   -9.204992110
    2.951193099    1.396263402   47.679270676  -52.533500286  -10.652803291

   -3.141592654    1.745329252   31.980153442  -52.472515707  -16.090223894
   -2.951193099    1.745329252   22.890816383  -42.082745385  -16.260371619
   -2.760793544    1.745329252   16.208816713  -27.876469735  -15.270403170
   -2.570393989    1.745329252   12.213698404  -14.688007526  -13.245221684
   -2.379994435    1.745329252   10.265269320   -6.945700564  -10.424944267
   -2.189594880    1.745329252    9.104306806   -6.390498087   -7.120397209
   -1.999195325    1.745329252    7.501516465  -10.915776052   -3.675484193
   -1.808795770    1.745329252    4.948210013  -15.399482081   -0.439545105
   -1.618396215    1.745329252    1.990784123  -14.397462835    2.275098522
   -1.427996661    1.745329252    0.000000000   -5.116328035    4.256365771
   -1.237597106    1.745329252    0.489200852   11.068876180    5.462694864
   -1.047197551    1.745329252    4.359578948   29.444011646    6.053185613
   -0.856797996    1.745329252   11.484937385   44.317207094    6.352659121
   -0.666398442    1.745329252   20.762392257   51.545556943    6.736839042
   -0.475998887    1.745329252   30.557117029   49.761973253    7.503336846
   -0.285599332    1.745329252   39.240929111   40.307386115    8.776794466
   -0.095199777    1.745329252   45.629067084   26.250228697   10.456691085
    0.095199777    1.745329252   49.201585433   11.412257983   12.243550015
    0.285599332    1.745329252   50.167456967   -0.553504099   13.679262915
    0.475998887    1.745329252   49.368078655   -6.786411388   14.283162115
    0.666398442    1.745329252   48.057514725   -5.901064944   13.711260191
    0.856797996    1.745329252   47.558512105    1.428309479   11.921702057
    1.047197551    1.745329252   48.856529497   12.385564382    9.216084704
    1.237597106    1.745329252   52.264483590   22.871854752    6.114772818
    1.427996661    1.745329252   57.305248714   29.069546821    3.149296291
    1.618396215    1.745329252   62.914753108   28.630564043    0.633584462
    1.808795770    1.745329252   67.772912787   21.312286377   -1.432076740
    1.999195325    1.745329252   70.683394409    8.494781428   -3.291973585
    2.189594880    1.745329252   70.798725620   -7.638104034   -5.267398963
    2.379994435    1.745329252   67.717713220  -24.683728273   -7.561330268
    2.570393989    1.745329252   61.502998005  -40.094942773  -10.132513118
    2.760793544    1.745329252   52.718149132  -51.253647257  -12.692333698
    2.951193099    1.745329252   42.409082212  -55.798526739  -14.815405279

   -3.141592654    2.094395102   25.629170601  -54.698625374  -16.879889263
   -2.951193099    2.094395102   16.320913973  -42.119367775  -17.171466111
   -2.760793544    2.094395102    9.848833357  -25.663413465  -16.128668656
   -2.570393989    2.094395102    6.471445961  -10.479466002  -13.798463210
   -2.379994435    2.094395102    5.477602686   -1.224340280  -10.395772731
   -2.189594880    2.094395102    5.500703628    0.207600174   -6.255223829
   -1.999195325    2.094395102    5.180044065   -4.175784003   -1.784686079
   -1.808795770    2.094395102    3.863833363   -9.263851013    2.567370112
   -1.618396215    2.094395102    1.967307811   -9.471874499    6.362728016
   -1.427996661    2.094395102    0.773833893   -1.686080684    9.253184588
   -1.237597106    2.094395102    1.782035085   13.138615671   11.076868940
   -1.047197551    2.094395102    5.955976469   30.661998674   11.912734898
   -0.856797996    2.094395102   13.285212423   45.341335499   12.053510695
   -0.666398442    2.094395102   22.784933681   52.913119546   11.880301788
   -0.475998887    2.094395102   32.892566336   51.675440846   11.710196930
   -0.285599332    2.094395102   41.979919628   42.551425497   11.673563497
   -0.095199777    2.094395102   48.783837443   28.253582635   11.656739886
    0.095199777    2.094395102   52.652908266   12.385717623   11.354779825
    0.285599332    2.094395102   53.646173341   -1.339820124   10.375318741
    0.475998887    2.094395102   52.497110348   -9.692458902    8.442679266
    0.666398442    2.094395102   50.446961469  -10.659079657    5.570119727
    0.856797996    2.094395102   48.930786968   -4.297647062    2.144900527
    1.047197551    2.094395102   49.139778750    6.872620745   -1.191852997
    1.237597106    2.094395102   51.601744749   18.578664162   -3.818245467
    1.427996661    2.094395102   55.978591823   26.397649785   -5.396700380
    1.618396215    2.094395102   61.212808563   27.255365603   -6.017712921
    1.808795770    2.094395102   65.868134742   20.400241096   -6.124684346
    1.999195325    2.094395102   68.571299625    7.086513442   -6.300075146
    2.189594880    2.094395102   68.313029703  -10.226461293   -7.030097647
    2.379994435    2.094395102   64.609360955  -28.605128330   -8.538193011
    2.570393989    2.094395102   57.550278172  -44.924019862  -10.719880324
    2.760793544    2.094395102   47.824649663  -56.139400138  -13.194168357
    2.951193099    2.094395102   36.657463791  -59.758796382  -15.425696409

   -3.141592654    2.443460953   19.954707249  -57.139426675  -10.742270316
   -2.951193099    2.443460953   10.377536505  -42.429292612  -10.386966764
   -2.760793544    2.443460953    4.082109510  -23.483350994   -8.984791510
   -2.570393989    2.443460953    1.358198469   -5.834186692   -6.585853564
   -2.379994435    2.443460953    1.455895336    5.503885069   -3.353706800
   -2.189594880    2.443460953    2.906816324    8.342149770    0.495934398
   -1.999195325    2.443460953    4.199895292    4.477600266    4.716341514
   -1.808795770    2.443460953    4.502983384   -1.070634421    8.998540472
   -1.618396215    2.443460953    4.050610831   -2.627296154   12.948817593
   -1.427996661    2.443460953    3.982521951    3.224140463   16.127763426
   -1.237597106    2.443460953    5.727203825   15.977615301   18.169317121
   -1.047197551    2.443460953   10.266858224   31.744886422   18.915721616
   -0.856797996    2.443460953   17.681242618   45.250859801   18.483804846
   -0.666398442    2.443460953   27.100031394   52.225554826   17.202094717
   -0.475998887    2.443460953   37.048325337   50.703857682   15.454903277
   -0.285599332    2.443460953   45.921584788   41.214860062   13.502561837
   -0.095199777    2.443460953   52.403652099   26.114409334   11.360790414
    0.095199777    2.443460953   55.740064897    8.828450424    8.824427550
    0.285599332    2.443460953   55.883858904   -6.739634914    5.610659403
    0.475998887    2.443460953   53.536599810  -16.796474428    1.618885855
    0.666398442    2.443460953   50.037007951  -18.561501324   -2.876549352
    0.856797996    2.443460953   47.053268675  -11.530711859   -7.204280263
    1.047197551    2.443460953   46.067630469    1.773396937  -10.538051458
    1.237597106    2.443460953   47.833803563   16.432782255  -12.269612507
    1.427996661    2.443460953   52.075207430   27.010006586  -12.284381865
    1.618396215    2.443460953   57.607174441   29.547611758  -11.010827395
    1.808795770    2.443460953   62.742311044   22.910358966   -9.198859440
    1.999195325    2.443460953   65.837324584    8.520511771   -7.612880575
    2.189594880    2.443460953   65.684600418  -10.620510434   -6.779566562
    2.379994435    2.443460953   61.718849748  -30.920908751   -6.880584385
    2.570393989    2.443460953   54.070024539  -48.681701097   -7.760693222
    2.760793544    2.443460953   43.558899188  -60.464232221   -9.028357446
    2.951193099    2.443460953   31.595611670  -63.619047912  -10.180815123

   -3.141592654    2.792526803   17.731446057  -57.082608427   -0.037484324
   -2.951193099    2.792526803    8.280986579  -41.135056539    1.328678546
   -2.760793544    2.792526803    2.362931138  -20.821566518    3.171951629
   -2.570393989    2.792526803    0.271976358   -1.872789569    5.443568372
   -2.379994435    2.792526803    1.234546849   10.591268099    8.092394823
   -2.189594880    2.792526803    3.743615775   14.324450742   11.108486455
   -1.999195325    2.792526803    6.236755690   11.032435378   14.479296953
   -1.808795770    2.792526803    7.804755389    5.560373942   18.066890009
   -1.618396215    2.792526803    8.568857641    3.391584042   21.511995897
   -1.427996661    2.792526803    9.527784551    7.872380083   24.263496382
   -1.237597106    2.792526803   11.976934135   18.658648884   25.758762800
   -1.047197551    2.792526803   16.818834316   32.242068925   25.659407448
   -0.856797996    2.792526803   24.134482947   43.780293383   23.995472161
   -0.666398442    2.792526803   33.123886275   49.270758251   21.128092982
   -0.475998887    2.792526803   42.406828903   46.727126100   17.560663343
   -0.285599332    2.792526803   50.443166624   36.395634044   13.700757376
   -0.095199777    2.792526803   55.915641820   20.280353270    9.697391344
    0.095199777    2.792526803   58.017376164    1.645460511    5.454567187
    0.285599332    2.792526803   56.655049143  -15.342436716    0.801603791
    0.475998887    2.792526803   52.574767051  -26.235299076   -4.227407781
    0.666398442    2.792526803   47.298449447  -27.507279543   -9.215179305
    0.856797996    2.792526803   42.790199834  -18.312266953  -13.397987384
    1.047197551    2.792526803   40.828270722   -1.539678567  -15.973515125
    1.237597106    2.792526803   42.327899669   16.916309602  -16.490874078
    1.427996661    2.792526803   46.966493004   30.493898016  -15.077650716
    1.618396215    2.792526803   53.329364268   34.522443208  -12.383425771
    1.808795770    2.792526803   59.425215191   27.795525998   -9.259453969
    1.999195325    2.792526803   63.346753701   12.188195985   -6.431788773
    2.189594880    2.792526803   63.733626677   -8.644855298   -4.297304153
    2.379994435    2.792526803   59.987470313  -30.527726680   -2.915818485
    2.570393989    2.792526803   52.299755183  -49.378890696   -2.100961694
    2.760793544    2.792526803   41.605697043  -61.568080564   -1.552482569
    2.951193099    2.792526803   29.449977671  -64.430797283   -0.951125398
