#! FIELDS phi psi file.free der_phi der_psi
#! SET min_phi -pi
#! SET max_phi pi
#! SET nbins_phi  33
#! SET periodic_phi true
#! SET min_psi -pi
#! SET max_psi pi
#! SET nbins_psi  18
#! SET periodic_psi true
   -3.141592654   -3.141592654   17.483050090  -53.184902848   17.446779188
   -2.951193099   -3.141592654    9.076260586  -34.548530570   19.779299071
   -2.760793544   -3.141592654    4.456502047  -14.276478401   21.299778386
   -2.570393989   -3.141592654    3.430002282    2.469670774   22.147575987
   -2.379994435   -3.141592654    4.956142142   12.200585009   22.675584057
   -2.189594880   -3.141592654    7.597878893   14.395408649   23.398031913
   -1.999195325   -3.141592654   10.126253460   11.665589737   24.818426739
   -1.808795770   -3.141592654   12.021886979    8.561714345   27.176231566
   -1.618396215   -3.141592654   13.641708034    9.318780877   30.243919611
   -1.427996661   -3.141592654   15.954960857   15.903781989   33.333270338
   -1.237597106   -3.141592654   20.014715143   27.211685015   35.527657897
   -1.047197551   -3.141592654   26.419583445   39.875269292   36.033699317
   -0.856797996   -3.141592654   35.035744420   49.695051186   34.441695316
   -0.666398442   -3.141592654   44.967305147   53.203206626   30.795198646
   -0.475998887   -3.141592654   54.790433768   48.358317987   25.469048381
   -0.285599332   -3.141592654   62.860502202   34.907616025   18.997812870
   -0.095199777   -3.141592654   67.657686440   14.439800879   11.923806903
    0.095199777   -3.141592654   68.153917219   -9.503197832    4.746558016
    0.285599332   -3.141592654   64.174239277  -31.548435645   -2.059260281
    0.475998887   -3.141592654   56.673181901  -45.531289814   -7.993206070
    0.666398442   -3.141592654   47.697366309  -46.442785289  -12.537805237
    0.856797996   -3.141592654   39.936096876  -32.934031642  -15.264823501
    1.047197551   -3.141592654   35.862839834   -8.722501323  -16.009604635
    1.237597106   -3.141592654   36.815909201   18.325749135  -14.987962942
    1.427996661   -3.141592654   42.455711537   39.142898392  -12.726330551
    1.618396215   -3.141592654   50.891122630   46.914734864   -9.840381780
    1.808795770   -3.141592654   59.349463362   39.444035672   -6.761721309
    1.999195325   -3.141592654   65.104177274   19.281874449   -3.629913861
    2.189594880   -3.141592654   66.253400600   -7.796089760   -0.361458496
    2.379994435   -3.141592654   62.136624374  -34.892497333    3.158055117
    2.570393989   -3.141592654   53.363218992  -55.806681183    6.924009523
    2.760793544   -3.141592654   41.552337053  -66.344799929   10.757762016
    2.951193099   -3.141592654   28.866582264  -65.016725787   14.365964109

   -3.141592654   -2.792526803   25.195649423  -49.131417987   25.715400930
   -2.951193099   -2.792526803   17.390483432  -32.296508563   27.716251610
   -2.760793544   -2.792526803   13.041050088  -13.626665921   28.634151584
   -2.570393989   -2.792526803   12.027949992    2.089561898   28.732315675
   -2.379994435   -2.792526803   13.456094987   11.730400109   28.473145794
   -2.189594880   -2.792526803   16.088830044   14.950116986   28.440793968
   -1.999195325   -2.792526803   18.894427763   14.123158488   29.152461376
   -1.808795770   -2.792526803   21.458050265   13.063696619   30.799885182
   -1.618396215   -2.792526803   24.068138026   14.996299092   33.058065933
   -1.427996661   -2.792526803   27.441414515   21.037096418   35.125455726
   -1.237597106   -2.792526803   32.265899792   29.810941998   36.000964741
   -1.047197551   -2.792526803   38.792440559   38.372812215   34.882145557
   -0.856797996   -2.792526803   46.672134496   43.458123439   31.451082599
   -0.666398442   -2.792526803   54.988692644   42.629118903   25.950348146
   -0.475998887   -2.792526803   62.476748377   34.668737683   19.024363724
   -0.285599332   -2.792526803   67.771185430   19.740549469   11.487505535
   -0.095199777   -2.792526803   69.672695232   -0.535074244    4.100618763
    0.095199777   -2.792526803   67.451569338  -22.856569235   -2.541059372
    0.285599332   -2.792526803   61.172752081  -42.193343279   -8.016986809
    0.475998887   -2.792526803   51.963521525  -52.733505045  -12.038275381
    0.666398442   -2.792526803   41.975293719  -49.839739041  -14.417878337
    0.856797996   -2.792526803   33.924205648  -32.624851588  -15.106873438
    1.047197551   -2.792526803   30.215693371   -5.326754229  -14.250354417
    1.237597106   -2.792526803   32.026847305   23.774662930  -12.201473145
    1.427996661   -2.792526803   38.808792978   45.534653039   -9.413853263
    1.618396215   -2.792526803   48.484496980   53.477410659   -6.268676932
    1.808795770   -2.792526803   58.185600432   45.947061578   -2.919713010
    1.999195325   -2.792526803   65.185751919   25.914845493    0.697247291
    2.189594880   -2.792526803   67.632737183   -0.772297296    4.726821161
    2.379994435   -2.792526803   64.895067961  -27.466392578    9.200048897
    2.570393989   -2.792526803   57.548978354  -48.336366895   13.934000910
    2.760793544   -2.792526803   47.118294420  -59.442635592   18.548437364
    2.951193099   -2.792526803   35.643218380  -59.313305602   22.597213344

   -3.141592654   -2.443460953   34.021538305  -45.037894072   23.452303591
   -2.951193099   -2.443460953   26.813568867  -30.112000414   25.075406032
   -2.760793544   -2.443460953   22.717512214  -13.076641433   25.784083548
   -2.570393989   -2.443460953   21.696562493    1.580911145   25.811577548
   -2.379994435   -2.443460953   22.992351813   11.003585969   25.513881371
   -2.189594880   -2.443460953   25.539749471   14.921071406   25.309307694
   -1.999195325   -2.443460953   28.459583663   15.407529304   25.531757053
   -1.808795770   -2.443460953   31.390506509   15.542309332   26.236045482
   -1.618396215   -2.443460953   34.510806690   17.641516495   27.071611578
   -1.427996661   -2.443460953   38.271865607   22.171098173   27.357192800
   -1.237597106   -2.443460953   43.030153808   27.759671398   26.336426411
   -1.047197551   -2.443460953   48.776023608   32.160471939   23.507125564
   -0.856797996   -2.443460953   55.077804474   33.229279125   18.826943160
   -0.666398442   -2.443460953   61.150367980   29.559008357   12.737655879
   -0.475998887   -2.443460953   66.017734782   20.541558280    5.982922367
   -0.285599332   -2.443460953   68.666413880    6.370560911   -0.621928601
   -0.095199777   -2.443460953   68.209593070  -11.741108288   -6.404351671
    0.095199777   -2.443460953   64.128708539  -31.098866639  -10.944680573
    0.285599332   -2.443460953   56.585014446  -47.235724881  -14.071679316
    0.475998887   -2.443460953   46.709034701  -54.736565091  -15.802085536
    0.666398442   -2.443460953   36.597430417  -49.204440072  -16.254460331
    0.856797996   -2.443460953   28.874804448  -29.893892801  -15.607563610
    1.047197551   -2.443460953   25.833937137   -1.138120724  -14.074778436
    1.237597106   -2.443460953   28.527900026   28.776728788  -11.889988029
    1.427996661   -2.443460953   36.298783220   50.868340040   -9.265073451
    1.618396215   -2.443460953   47.005977721   58.987332040   -6.335309080
    1.808795770   -2.443460953   57.784973258   51.804917519   -3.113425627
    1.999195325   -2.443460953   65.959573551   32.440550823    0.465701288
    2.189594880   -2.443460953   69.729487285    6.589095733    4.453165350
    2.379994435   -2.443460953   68.461950876  -19.461886807    8.773328608
    2.570393989   -2.443460953   62.658340261  -40.271404197   13.186828199
    2.760793544   -2.443460953   53.708927891  -52.092859380   17.330944770
    2.951193099   -2.443460953   43.509031891  -53.379997676   20.839344502

   -3.141592654   -2.094395102   40.685429493  -41.333970336   13.799226537
   -2.951193099   -2.094395102   34.060140456  -27.703032327   14.866054975
   -2.760793544   -2.094395102   30.304804588  -11.882444099   15.433293844
   -2.570393989   -2.094395102   29.410739773    1.771362520   15.587602469
   -2.379994435   -2.094395102   30.676579528   10.573217673   15.430516786
   -2.189594880   -2.094395102   33.119948641   14.329428747   15.078570875
   -1.999195325   -2.094395102   35.936066742   14.924600336   14.612454866
   -1.808795770   -2.094395102   38.772828267   14.951863322   13.985836420
   -1.618396215   -2.094395102   41.712910536   16.178325650   12.973908848
   -1.427996661   -2.094395102   45.028315232   18.787992706   11.240793148
   -1.237597106   -2.094395102   48.889623108   21.647634451    8.497767237
   -1.047197551   -2.094395102   53.195143689   23.204647444    4.682922611
   -0.856797996   -2.094395102   57.574618401   22.197905246    0.036097033
   -0.666398442   -2.094395102   61.457620609   17.864528744   -4.937216019
   -0.475998887   -2.094395102   64.163083509    9.795320213   -9.634915480
   -0.285599332   -2.094395102   64.961727620   -2.129911439  -13.527080206
   -0.095199777   -2.094395102   63.158525337  -17.323781232  -16.291254748
    0.095199777   -2.094395102   58.297052441  -33.760590888  -17.864635282
    0.285599332   -2.094395102   50.487816256  -47.471864001  -18.389890024
    0.475998887   -2.094395102   40.740974522  -53.254829167  -18.130491602
    0.666398442   -2.094395102   31.019523403  -46.677271307  -17.347451334
    0.856797996   -2.094395102   23.836965258  -26.797942837  -16.225952809
    1.047197551   -2.094395102   21.418166101    2.287684550  -14.829885198
    1.237597106   -2.094395102   24.789544553   32.480032261  -13.129027344
    1.427996661   -2.094395102   33.297797799   54.926432443  -11.062646375
    1.618396215   -2.094395102   44.823773166   63.552741268   -8.598716327
    1.808795770   -2.094395102   56.533233645   57.023594315   -5.754477659
    1.999195325   -2.094395102   65.770729596   38.375291377   -2.607371461
    2.189594880   -2.094395102   70.732882588   13.129416212    0.720092565
    2.379994435   -2.094395102   70.745997629  -12.627703014    4.055610206
    2.570393989   -2.094395102   66.236008879  -33.613651335    7.199117976
    2.760793544   -2.094395102   58.499007054  -46.100950635    9.950635257
    2.951193099   -2.094395102   49.346297311  -48.431144444   12.168900447

   -3.141592654   -1.745329252   42.760263968  -39.688042153    4.791066559
   -2.951193099   -1.745329252   36.406736999  -26.494816968    5.258018793
   -2.760793544   -1.745329252   32.841584363  -11.101892805    5.555685909
   -2.570393989   -1.745329252   32.048804362    2.034595316    5.666375154
   -2.379994435   -1.745329252   33.305848683   10.192248189    5.505866777
   -2.189594880   -1.745329252   35.603553409   13.150599542    4.958586616
   -1.999195325   -1.745329252   38.101501202   12.715119045    3.899189643
   -1.808795770   -1.745329252   40.392931380   11.370408698    2.201154191
   -1.618396215   -1.745329252   42.492581056   10.888329159   -0.229233483
   -1.427996661   -1.745329252   44.626449914   11.686860653   -3.379214129
   -1.237597106   -1.745329252   46.987649375   13.106695842   -7.073404518
   -1.047197551   -1.745329252   49.596970994   14.117160578  -10.967248141
   -0.856797996   -1.745329252   52.291365731   13.807112484  -14.626618342
   -0.666398442   -1.745329252   54.740798996   11.375368656  -17.623228602
   -0.475998887   -1.745329252   56.460433875    6.021919868  -19.655106565
   -0.285599332   -1.745329252   56.818369472   -2.998974070  -20.605391128
   -0.095199777   -1.745329252   55.096013572  -15.722982349  -20.559848267
    0.095199777   -1.745329252   50.708393733  -30.548150292  -19.786617666
    0.285599332   -1.745329252   43.583610417  -43.660429557  -18.641649349
    0.475998887   -1.745329252   34.547520294  -49.709959096  -17.474662669
    0.666398442   -1.745329252   25.432363008  -43.893651126  -16.503031109
    0.856797996   -1.745329252   18.703273764  -24.778099301  -15.750522983
    1.047197551   -1.745329252   16.627376323    3.962816262  -15.039817429
    1.237597106   -1.745329252   20.332431340   34.400715697  -14.085086422
    1.427996661   -1.745329252   29.271560434   57.575790466  -12.643445304
    1.618396215   -1.745329252   41.389066540   67.102577000  -10.630499030
    1.808795770   -1.745329252   53.850171010   61.304426701   -8.146671607
    1.999195325   -1.745329252   63.944506906   43.014018016   -5.431670670
    2.189594880   -1.745329252   69.791159166   17.702359071   -2.759087396
    2.379994435   -1.745329252   70.641352740   -8.464101555   -0.366831409
    2.570393989   -1.745329252   66.867281617  -30.081720560    1.594180345
    2.760793544   -1.745329252   59.736230090  -43.273156725    3.068096199
    2.951193099   -1.745329252   51.058737399  -46.254327041    4.098690220

   -3.141592654   -1.396263402   40.937286772  -40.135150176    2.679147365
   -2.951193099   -1.396263402   34.506905841  -26.838026050    2.537773333
   -2.760793544   -1.396263402   30.894407914  -11.265000690    2.246601220
   -2.570393989   -1.396263402   30.079643461    1.926429166    1.778053903
   -2.379994435   -1.396263402   31.298277726    9.822948442    0.991030185
   -2.189594880   -1.396263402   33.462700539   12.024737067   -0.331987873
   -1.999195325   -1.396263402   35.627023062   10.240977025   -2.416088254
   -1.808795770   -1.396263402   37.279708112    7.082215292   -5.397785061
   -1.618396215   -1.396263402   38.383445767    4.758964964   -9.218381233
   -1.427996661   -1.396263402   39.218106538    4.325523359  -13.550622092
   -1.237597106   -1.396263402   40.150838343    5.694933906  -17.832148285
   -1.047197551   -1.396263402   41.455597323    8.048525464  -21.404999985
   -0.856797996   -1.396263402   43.218529727   10.245488109  -23.723190143
   -0.666398442   -1.396263402   45.278898887   10.882446828  -24.501769318
   -0.475998887   -1.396263402   47.191325722    8.460989639  -23.789809693
   -0.285599332   -1.396263402   48.236987280    1.626025211  -21.920180039
   -0.095199777   -1.396263402   47.516174428  -10.042995639  -19.393165174
    0.095199777   -1.396263402   44.212893508  -25.040009853  -16.753150796
    0.285599332   -1.396263402   38.033296480  -39.391989237  -14.441658602
    0.475998887   -1.396263402   29.636110823  -47.317805349  -12.723505880
    0.666398442   -1.396263402   20.790072458  -43.407611085  -11.633367791
    0.856797996   -1.396263402   14.017105760  -25.583855034  -11.006278337
    1.047197551   -1.396263402   11.747181531    2.910137567  -10.541421515
    1.237597106   -1.396263402   15.315059691   34.148905494   -9.912698003
    1.427996661   -1.396263402   24.339715226   58.763915177   -8.892151225
    1.618396215   -1.396263402   36.827443446   69.739987553   -7.411052779
    1.808795770   -1.396263402   49.889011407   64.839376823   -5.563520387
    1.999195325   -1.396263402   60.680215178   46.659572657   -3.552576654
    2.189594880   -1.396263402   67.174451460   20.754363523   -1.605183224
    2.379994435   -1.396263402   68.515481312   -6.402603494    0.079416696
    2.570393989   -1.396263402   65.032823239  -29.070838317    1.367241963
    2.760793544   -1.396263402   58.009566969  -43.098645714    2.199087867
    2.951193099   -1.396263402   49.312948753  -46.567247941    2.605263910

   -3.141592654   -1.047197551   38.584269957  -42.400781721    3.816490979
   -2.951193099   -1.047197551   31.731854886  -28.958216728    2.703161106
   -2.760793544   -1.047197551   27.750421193  -13.010359678    1.339542155
   -2.570393989   -1.047197551   26.634943462    0.463878840   -0.202229585
   -2.379994435   -1.047197551   27.569443507    8.196240419   -1.989220510
   -2.189594880   -1.047197551   29.354482876    9.542598462   -4.215593565
   -1.999195325   -1.047197551   30.911133876    6.256979999   -7.109452290
   -1.808795770   -1.047197551   31.639932653    1.379359129  -10.768875908
   -1.618396215   -1.047197551   31.529070693   -2.143745068  -14.998078077
   -1.427996661   -1.047197551   31.029430438   -2.533370139  -19.251202320
   -1.237597106   -1.047197551   30.787371651    0.484260524  -22.756777447
   -1.047197551   -1.047197551   31.370365718    5.852975492  -24.783280322
   -0.856797996   -1.047197551   33.060661304   11.705312467  -24.918717539
   -0.666398442   -1.047197551   35.729782223   15.686628567  -23.210415589
   -0.475998887   -1.047197551   38.793053569   15.506880340  -20.129417659
   -0.285599332   -1.047197551   41.274236958    9.393672356  -16.389507443
   -0.095199777   -1.047197551   41.980206122   -3.064461869  -12.707218591
    0.095199777   -1.047197551   39.837916670  -19.966454418   -9.613541134
    0.285599332   -1.047197551   34.396664201  -36.741065922   -7.320976163
    0.475998887   -1.047197551   26.280549625  -46.932369717   -5.757575825
    0.666398442   -1.047197551   17.346560157  -44.565349498   -4.674127512
    0.856797996   -1.047197551   10.290387923  -27.229098597   -3.811176207
    1.047197551   -1.047197551    7.747941496    1.835006282   -3.000059933
    1.237597106   -1.047197551   11.228034607   34.358480734   -2.173633087
    1.427996661   -1.047197551   20.435716672   60.444660773   -1.326319708
    1.618396215   -1.047197551   33.360510496   72.546365889   -0.442078645
    1.808795770   -1.047197551   47.010923522   68.082792886    0.511441052
    1.999195325   -1.047197551   58.402255577   49.602173077    1.553362322
    2.189594880   -1.047197551   65.381005371   22.824232189    2.644256052
    2.379994435   -1.047197551   67.007241364   -5.502170156    3.661074936
    2.570393989   -1.047197551   63.579803582  -29.378197549    4.421837034
    2.760793544   -1.047197551   56.395772582  -44.429681158    4.746218500
    2.951193099   -1.047197551   47.374433017  -48.581253289    4.538383955

   -3.141592654   -0.698131701   38.348357782  -45.727241868    3.823695922
   -2.951193099   -0.698131701   30.832217350  -32.529449266    1.524972299
   -2.760793544   -0.698131701   26.175216591  -16.498574145   -1.050689590
   -2.570393989   -0.698131701   24.407309183   -2.932904577   -3.695153952
   -2.379994435   -0.698131701   24.678786973    4.543909762   -6.360147855
   -2.189594880   -0.698131701   25.701353882    5.096894253   -9.184007347
   -1.999195325   -0.698131701   26.303142539    0.648381424  -12.378107227
   -1.808795770   -0.698131701   25.862833333   -5.195819750  -15.993936060
   -1.618396215   -0.698131701   24.477946519   -8.731615134  -19.718311876
   -1.427996661   -0.698131701   22.839814375   -7.628700800  -22.856962412
   -1.237597106   -0.698131701   21.890785829   -1.627850662  -24.568460641
   -1.047197551   -0.698131701   22.428851412    7.551266318  -24.242518703
   -0.856797996   -0.698131701   24.797529225   17.001966647  -21.802376380
   -0.666398442   -0.698131701   28.729528213   23.390180824  -17.761759439
   -0.475998887   -0.698131701   33.352620147   23.878858857  -13.019624497
   -0.285599332   -0.698131701   37.353287490   16.733398465   -8.523370993
   -0.095199777   -0.698131701   39.261437711    2.084542695   -4.933637072
    0.095199777   -0.698131701   37.860498742  -17.307074556   -2.455433949
    0.285599332   -0.698131701   32.724300893  -36.054699901   -0.832806752
    0.475998887   -0.698131701   24.631233849  -47.185118909    0.428946802
    0.666398442   -0.698131701   15.646861167  -44.695531502    1.777590726
    0.856797996   -0.698131701    8.637098466  -26.568996502    3.373242756
    1.047197551   -0.698131701    6.310598794    3.402500905    5.045459150
    1.237597106   -0.698131701   10.154169437   36.518787094    6.462779554
    1.427996661   -0.698131701   19.796103467   62.770318091    7.356747522
    1.618396215   -0.698131701   33.154383258   74.732350176    7.697447852
    1.808795770   -0.698131701   47.196396474   69.998183771    7.668318854
    1.999195325   -0.698131701   58.922558122   51.192912343    7.532776746
    2.189594880   -0.698131701   66.164452010   23.970927680    7.461981778
    2.379994435   -0.698131701   67.948519669   -5.034500800    7.444437736
    2.570393989   -0.698131701   64.523050363  -29.865790824    7.294094223
    2.760793544   -0.698131701   57.140468343  -46.031349341    6.749642601
    2.951193099   -0.698131701   47.712732235  -51.215536770    5.610000201

   -3.141592654   -0.349065850   39.104027140  -50.510715779    3.293853348
   -2.951193099   -0.349065850   30.607093773  -37.952282313    0.198833578
   -2.760793544   -0.349065850   24.896085155  -22.065908333   -3.038570714
   -2.570393989   -0.349065850   22.078739865   -8.371407175   -6.163571532
   -2.379994435   -0.349065850   21.322934483   -0.849237093   -9.089874736
   -2.189594880   -0.349065850   21.298516955   -0.558414271  -11.925705186
   -1.999195325   -0.349065850   20.784312358   -5.397945172  -14.834189603
   -1.808795770   -0.349065850   19.186817990  -11.158442669  -17.777703236
   -1.618396215   -0.349065850   16.764041791  -13.422216219  -20.338981274
   -1.427996661   -0.349065850   14.474668334   -9.526659913  -21.789103644
   -1.237597106   -0.349065850   13.525905792    0.394799059  -21.412316176
   -1.047197551   -0.349065850   14.839299259   13.586194241  -18.915111857
   -0.856797996   -0.349065850   18.658481179   25.921640886  -14.651785750
   -0.666398442   -0.349065850   24.410801699   33.226965648   -9.528656397
   -0.475998887   -0.349065850   30.825687834   32.538607387   -4.631803250
   -0.285599332   -0.349065850   36.238247390   22.736494560   -0.807649704
   -0.095199777   -0.349065850   38.995464184    5.018805714    1.652748923
    0.095199777   -0.349065850   37.911685082  -16.711116725    3.059833478
    0.285599332   -0.349065850   32.779899522  -36.332301274    4.140084731
    0.475998887   -0.349065850   24.675815973  -46.804645527    5.642334280
    0.666398442   -0.349065850   15.906795423  -42.755183981    7.950478474
    0.856797996   -0.349065850    9.418823122  -23.148901227   10.876391087
    1.047197551   -0.349065850    7.819452924    7.414157754   13.763607603
    1.237597106   -0.349065850   12.392954462   39.984431962   15.862836671
    1.427996661   -0.349065850   22.577779669   64.932788724   16.707981899
    1.618396215   -0.349065850   36.211246925   75.497236099   16.323332003
    1.808795770   -0.349065850   50.297392974   69.798057515   15.114998434
    1.999195325   -0.349065850   61.938819306   50.588725094   13.609853474
    2.189594880   -0.349065850   69.054369567   23.274031620   12.177629479
    2.379994435   -0.349065850   70.692137942   -5.918293310   10.907039411
    2.570393989   -0.349065850   67.050456313  -31.329467939    9.628020555
    2.760793544   -0.349065850   59.298044917  -48.510293453    8.057034255
    2.951193099   -0.349065850   49.282472004  -54.922644741    5.965064449

   -3.141592654    0.000000000   40.278147312  -55.986962697    2.202049889
   -2.951193099    0.000000000   30.689537076  -43.835461483   -0.762559483
   -2.760793544    0.000000000   23.860206592  -27.839010296   -3.663411393
   -2.570393989    0.000000000   19.983121988  -13.696579996   -6.344580259
   -2.379994435    0.000000000   18.258494995   -5.721646790   -8.786215930
   -2.189594880    0.000000000   17.333727633   -5.171519331  -11.093992224
   -1.999195325    0.000000000   15.961568595   -9.752633712  -13.348041104
   -1.808795770    0.000000000   13.598293920  -14.693462818  -15.387082428
   -1.618396215    0.000000000   10.666230021  -15.016866650  -16.720373891
   -1.427996661    0.000000000    8.354814165   -7.992811344  -16.694380201
   -1.237597106    0.000000000    8.044404302    5.564981614  -14.850795477
   -1.047197551    0.000000000   10.645222316   21.724064623  -11.266689658
   -0.856797996    0.000000000   16.163252510   35.268168214   -6.624306104
   -0.666398442    0.000000000   23.636988815   41.611247245   -1.960027694
   -0.475998887    0.000000000   31.413274337   38.239833379    1.791564346
   -0.285599332    0.000000000   37.599253082   25.168710252    4.173292954
   -0.095199777    0.000000000   40.557693906    4.913176686    5.382461821
    0.095199777    0.000000000   39.345060523  -17.626032447    6.140472701
    0.285599332    0.000000000   34.120828729  -36.087257996    7.351470701
    0.475998887    0.000000000   26.289437261  -44.057873417    9.664074735
    0.666398442    0.000000000   18.300488346  -37.423634385   13.137184724
    0.856797996    0.000000000   12.987701685  -16.446988382   17.175577113
    1.047197551    0.000000000   12.646313231   13.588982475   20.784743351
    1.237597106    0.000000000   18.207787781   43.969252339   23.044732897
    1.427996661    0.000000000   28.877611719   66.029642584   23.499918104
    1.618396215    0.000000000   42.468605740   74.099404459   22.300818429
    1.808795770    0.000000000   56.132198465   66.961737892   20.016283697
    1.999195325    0.000000000   67.183370818   47.376924291   17.313016043
    2.189594880    0.000000000   73.702945695   20.280308849   14.663182679
    2.379994435    0.000000000   74.794820144   -8.703092032   12.238820583
    2.570393989    0.000000000   70.611757598  -34.316713839    9.951141369
    2.760793544    0.000000000   62.231175609  -52.191212708    7.602700727
    2.951193099    0.000000000   51.425285300  -59.560162539    5.030758102

   -3.141592654    0.349065850   42.124178708  -60.529337133    1.908823093
   -2.951193099    0.349065850   31.651504251  -48.507840880    0.017206335
   -2.760793544    0.349065850   23.941672847  -32.360329983   -1.648173817
   -2.570393989    0.349065850   19.232587308  -17.896655828   -3.125931151
   -2.379994435    0.349065850   16.737457605   -9.621466208   -4.525040784
   -2.189594880    0.349065850   15.092533568   -8.827982045   -5.970790004
   -1.999195325    0.349065850   13.059949433  -12.954392937   -7.472105440
   -1.808795770    0.349065850   10.179297675  -16.771563727   -8.792133157
   -1.618396215    0.349065850    7.032839388  -15.030008283   -9.465736568
   -1.427996661    0.349065850    4.974933793   -5.251197887   -9.014171571
   -1.237597106    0.349065850    5.446375389   10.928679096   -7.242705759
   -1.047197551    0.349065850    9.235484744   28.582385207   -4.429350716
   -0.856797996    0.349065850   16.064511201   41.868288284   -1.245017008
   -0.666398442    0.349065850   24.638006269   46.349901415    1.553499461
   -0.475998887    0.349065850   33.071005066   40.364393191    3.504633123
   -0.285599332    0.349065850   39.440010160   25.135031126    4.645525781
   -0.095199777    0.349065850   42.298527799    4.199062843    5.501726640
    0.095199777    0.349065850   41.036616536  -17.120720017    6.844505088
    0.285599332    0.349065850   36.151545223  -32.851462241    9.331245213
    0.475998887    0.349065850   29.240810598  -37.673491004   13.175803175
    0.666398442    0.349065850   22.702732703  -28.843675072   17.970499548
    0.856797996    0.349065850   19.080553612   -7.666384242   22.780090410
    1.047197551    0.349065850   20.252824160   20.369156802   26.484744755
    1.237597106    0.349065850   26.787162841   47.255132375   28.241193952
    1.427996661    0.349065850   37.717793339   65.556430302   27.796090291
    1.618396215    0.349065850   50.921367809   70.717448155   25.514904528
    1.808795770    0.349065850   63.773576104   62.066329152   22.124114984
    1.999195325    0.349065850   73.852543468   42.232886228   18.375036503
    2.189594880    0.349065850   79.431468714   15.616191082   14.787205886
    2.379994435    0.349065850   79.694438981  -12.771626564   11.590378449
    2.570393989    0.349065850   74.772935122  -38.070785973    8.786190554
    2.760793544    0.349065850   65.675050490  -56.032206145    6.286209282
    2.951193099    0.349065850   54.106470103  -63.751216621    4.004543703

   -3.141592654    0.698131701   43.752560885  -62.899899138    0.623307876
   -2.951193099    0.698131701   32.850614539  -50.633778557    0.340965342
   -2.760793544    0.698131701   24.748771083  -34.359873496    0.323792891
   -2.570393989    0.698131701   19.659003617  -19.913381611    0.343102010
   -2.379994435    0.698131701   16.766166946  -11.787280218    0.193110741
   -2.189594880    0.698131701   14.693899287  -11.118578866   -0.250029240
   -1.999195325    0.698131701   12.235731845  -15.047052381   -0.959299084
   -1.808795770    0.698131701    9.022158816  -18.055724064   -1.725476972
   -1.618396215    0.698131701    5.758519601  -14.891464499   -2.228648717
   -1.427996661    0.698131701    3.884654149   -3.470534970   -2.210497374
   -1.237597106    0.698131701    4.821473852   13.903424569   -1.631011587
   -1.047197551    0.698131701    9.215176911   31.767238516   -0.704092200
   -0.856797996    0.698131701   16.584774723   44.206894378    0.249655730
   -0.666398442    0.698131701   25.474759672   47.315268116    1.022453597
   -0.475998887    0.698131701   33.978979446   40.269523046    1.703484817
   -0.285599332    0.698131701   40.311988609   25.076454061    2.673466445
   -0.095199777    0.698131701   43.277515886    5.625109093    4.456142347
    0.095199777    0.698131701   42.528793874  -13.005657776    7.479976502
    0.285599332    0.698131701   38.724724405  -25.627801160   11.830709063
    0.475998887    0.698131701   33.440464025  -28.026332458   17.123453206
    0.666398442    0.698131701   28.841148850  -18.483485310   22.522190838
    0.856797996    0.698131701   27.084278427    1.186270258   26.967404676
    1.047197551    0.698131701   29.638583940   25.775565888   29.525671629
    1.237597106    0.698131701   36.789387870   48.279529905   29.724840376
    1.427996661    0.698131701   47.513517031   62.523970984   27.699105228
    1.618396215    0.698131701   59.850808421   64.915545012   24.068009046
    1.808795770    0.698131701   71.464036593   55.113639616   19.640757927
    1.999195325    0.698131701   80.219866589   35.457492594   15.134794787
    2.189594880    0.698131701   84.589190088    9.758029188   11.019813367
    2.379994435    0.698131701   83.841399022  -17.542063651    7.534886477
    2.570393989    0.698131701   78.103985007  -41.908451409    4.762857385
    2.760793544    0.698131701   68.343160233  -59.197530788    2.718699275
    2.951193099    0.698131701   56.217808368  -66.453996389    1.367292045

   -3.141592654    1.047197551   42.390872292  -63.083603830   -3.750787828
   -2.951193099    1.047197551   31.547231819  -49.889719992   -2.683586116
   -2.760793544    1.047197551   23.636603960  -33.166676038   -1.374257517
   -2.570393989    1.047197551   18.781558728  -18.699175224   -0.168581193
   -2.379994435    1.047197551   16.094943036  -10.865724732    0.714511974
   -2.189594880    1.047197551   14.156963548  -10.630908536    1.193915199
   -1.999195325    1.047197551   11.752649076  -14.944045812    1.298288049
   -1.808795770    1.047197551    8.536261070  -18.151650136    1.119166130
   -1.618396215    1.047197551    5.249537872  -15.022722629    0.758857619
   -1.427996661    1.047197551    3.349454763   -3.638217740    0.283236990
   -1.237597106    1.047197551    4.238120741   13.512443336   -0.271238148
   -1.047197551    1.047197551    8.521344904   30.974904452   -0.844186718
   -0.856797996    1.047197551   15.706516526   43.109655203   -1.263573195
   -0.666398442    1.047197551   24.401019251   46.499706148   -1.221002308
   -0.475998887    1.047197551   32.853695652   40.727542324   -0.315198079
   -0.285599332    1.047197551   39.483554319   27.894745757    1.812044988
   -0.095199777    1.047197551   43.272529215   11.527737398    5.323174000
    0.095199777    1.047197551   43.944146695   -4.074769615   10.077310887
    0.285599332    1.047197551   42.056485497  -14.670191316   15.567479563
    0.475998887    1.047197551   38.912186277  -16.859221070   20.988506506
    0.666398442    1.047197551   36.288059216   -9.258860131   25.393590489
    0.856797996    1.047197551   35.952688052    6.656570352   27.957967456
    1.047197551    1.047197551   39.112003314   26.613480644   28.233136178
    1.237597106    1.047197551   45.996742579   44.790478641   26.276540729
    1.427996661    1.047197551   55.735678574   55.916807395   22.601250808
    1.618396215    1.047197551   66.639830076   56.714216647   17.940060918
    1.808795770    1.047197551   76.647104491   46.617168378   12.984056148
    1.999195325    1.047197551   83.826510696   27.480874941    8.234150196
    2.189594880    1.047197551   86.762029272    2.718706812    3.996340866
    2.379994435    1.047197551   84.781556492  -23.420065448    0.480751441
    2.570393989    1.047197551   78.050565588  -46.431264691   -2.134494917
    2.760793544    1.047197551   67.569693747  -62.216565828   -3.702645981
    2.951193099    1.047197551   55.013913213  -67.955143221   -4.193853603

   -3.141592654    1.396263402   37.879361886  -61.176442187  -10.156649969
   -2.951193099    1.396263402   27.552530824  -46.488285577   -8.647892950
   -2.760793544    1.396263402   20.364177097  -29.122555369   -6.803236891
   -2.570393989    1.396263402   16.278773093  -14.765344604   -4.931986973
   -2.379994435    1.396263402   14.286495998   -7.569300345   -3.175431204
   -2.189594880    1.396263402   12.889841980   -8.274497288   -1.562438678
   -1.999195325    1.396263402   10.830844292  -13.697076809   -0.117180141
   -1.808795770    1.396263402    7.737895691  -18.117894866    1.061678755
   -1.618396215    1.396263402    4.337861363  -16.252601846    1.810938778
   -1.427996661    1.396263402    2.090931634   -6.025622442    1.991214510
   -1.237597106    1.396263402    2.445934780   10.375084031    1.623060368
   -1.047197551    1.396263402    6.123215870   27.904041249    0.967554753
   -0.856797996    1.396263402   12.819151395   41.243099099    0.516588732
   -0.666398442    1.396263402   21.370021908   47.042373245    0.844509406
   -0.475998887    1.396263402   30.229356751   44.553771108    2.423984559
   -0.285599332    1.396263402   37.922837941   35.195809594    5.459253613
   -0.095199777    1.396263402   43.386411562   21.637647740    9.794155858
    0.095199777    1.396263402   46.137443403    7.356011678   14.927203577
    0.285599332    1.396263402   46.395029445   -3.917164941   20.064902897
    0.475998887    1.396263402   45.070044253   -8.815793366   24.289004183
    0.666398442    1.396263402   43.595002324   -5.405088320   26.763783305
    0.856797996    1.396263402   43.547236188    5.851286729   26.988144220
    1.047197551    1.396263402   46.153116845   21.795807982   24.951512931
    1.237597106    1.396263402   51.850475532   37.408885747   21.108891218
    1.427996661    1.396263402   60.068333705   47.555340634   16.196223602
    1.618396215    1.396263402   69.381869023   48.487161762   10.938451790
    1.808795770    1.396263402   77.875211998   38.952765499    5.838595604
    1.999195325    1.396263402   83.648022851   20.341054397    1.149076339
    2.189594880    1.396263402   85.267937190   -3.947513763   -3.014579490
    2.379994435    1.396263402   82.080904804  -29.347037094   -6.513801090
    2.570393989    1.396263402   74.337589675  -51.011900438   -9.130770419
    2.760793544    1.396263402   63.165367441  -64.795213718  -10.634581352
    2.951193099    1.396263402   50.338062090  -68.193740926  -10.931854191

   -3.141592654    1.745329252   31.318652109  -58.992175640  -16.406736976
   -2.951193099    1.745329252   21.564026191  -42.779353294  -15.052526506
   -2.760793544    1.745329252   15.166398673  -24.648429865  -13.161915681
   -2.570393989    1.745329252   11.956065492  -10.131891917  -10.960503092
   -2.379994435    1.745329252   10.828117567   -3.176112236   -8.527668959
   -2.189594880    1.745329252   10.221436273   -4.420147695   -5.872045501
   -1.999195325    1.745329252    8.819529956  -10.717662379   -3.061295081
   -1.808795770    1.745329252    6.180377487  -16.398411900   -0.313540780
   -1.618396215    1.745329252    2.965230345  -16.061993362    2.040377959
   -1.427996661    1.745329252    0.616276573   -7.234245149    3.700881732
   -1.237597106    1.745329252    0.661872096    8.480453556    4.589302313
   -1.047197551    1.745329252    4.009549343   26.558947827    4.946328211
   -0.856797996    1.745329252   10.611885322   41.812758548    5.284675921
   -0.666398442    1.745329252   19.538767161   50.532953618    6.177214668
   -0.475998887    1.745329252   29.367121992   51.206133890    8.018604976
   -0.285599332    1.745329252   38.584276987   44.361133148   10.857601735
   -0.095199777    1.745329252   45.926403146   31.929250639   14.339499877
    0.095199777    1.745329252   50.600586273   16.945005850   17.798367778
    0.285599332    1.745329252   52.469234841    3.135079126   20.402293588
    0.475998887    1.745329252   52.129663934   -5.693067560   21.405125639
    0.666398442    1.745329252   50.824032887   -6.749331528   20.383762012
    0.856797996    1.745329252   50.124844515    0.527677775   17.420475665
    1.047197551    1.745329252   51.437751646   13.798556241   13.083584045
    1.237597106    1.745329252   55.487863417   28.356818721    8.195744377
    1.427996661    1.745329252   61.989730905   38.738603039    3.516482274
    1.618396215    1.745329252   69.699744902   40.489702396   -0.537365452
    1.808795770    1.745329252   76.747079768   31.711793758   -3.957306578
    1.999195325    1.745329252   81.187361364   13.536876445   -6.982671745
    2.189594880    1.745329252   81.540934385  -10.422323976   -9.843121120
    2.379994435    1.745329252   77.175190618  -35.150825157  -12.548770009
    2.570393989    1.745329252   68.443920665  -55.446120642  -14.855563345
    2.760793544    1.745329252   56.614173100  -67.161471972  -16.402100916
    2.951193099    1.745329252   43.561037786  -68.172373746  -16.927098669

   -3.141592654    2.094395102   24.301762502  -57.807341556  -18.869391461
   -2.951193099    2.094395102   14.898467002  -40.350049012  -17.632034249
   -2.760793544    2.094395102    9.049611263  -21.380374129  -15.682696636
   -2.570393989    2.094395102    6.523316439   -6.237945532  -13.177715694
   -2.379994435    2.094395102    6.193540875    1.311202726  -10.197124293
   -2.189594880    2.094395102    6.495909729    0.617502851   -6.787374638
   -1.999195325    2.094395102    6.087071550   -5.402036976   -3.051460927
   -1.808795770    2.094395102    4.445781825  -11.343213197    0.775340103
   -1.618396215    2.094395102    2.119943055  -11.871929192    4.346517962
   -1.427996661    2.094395102    0.458433818   -4.228154963    7.320663131
   -1.237597106    2.094395102    0.978862694   10.531898415    9.526562183
   -1.047197551    2.094395102    4.684246882   28.412724238   11.059550365
   -0.856797996    2.094395102   11.695583582   44.398243126   12.242977158
   -0.666398442    2.094395102   21.240496328   54.496312853   13.440899427
   -0.475998887    2.094395102   31.961340971   56.554366505   14.851839511
   -0.285599332    2.094395102   42.277177987   50.365261580   16.383030219
   -0.095199777    2.094395102   50.725826355   37.302650222   17.639513728
    0.095199777    2.094395102   56.243081788   20.179472833   18.057294682
    0.285599332    2.094395102   58.420838010    2.986473360   17.078359880
    0.475998887    2.094395102   57.682362231   -9.747984037   14.399765740
    0.666398442    2.094395102   55.263283950  -14.216251931   10.149411345
    0.856797996    2.094395102   52.922930902   -8.938451893    4.936052208
    1.047197551    2.094395102   52.388342854    4.164142995   -0.337358958
    1.237597106    2.094395102   54.718231160   20.124306403   -4.822611606
    1.427996661    2.094395102   59.852508153   32.644218997   -8.048457819
    1.618396215    2.094395102   66.593419095   36.297787365  -10.072976330
    1.808795770    2.094395102   72.956691276   28.555765964  -11.363817194
    1.999195325    2.094395102   76.817543383   10.482437418  -12.505196566
    2.189594880    2.094395102   76.554873368  -13.861493395  -13.898460328
    2.379994435    2.094395102   71.504667535  -38.812368310  -15.596987963
    2.570393989    2.094395102   62.103776465  -58.675544617  -17.326846146
    2.760793544    2.094395102   49.760322173  -69.209786034  -18.659931500
    2.951193099    2.094395102   36.467751826  -68.591439676  -19.229726120

   -3.141592654    2.443460953   17.831252132  -57.410333158  -12.663753693
   -2.951193099    2.443460953    8.620211543  -38.739489837  -11.119203647
   -2.760793544    2.443460953    3.197139039  -18.529716002   -9.080723363
   -2.570393989    2.443460953    1.335973381   -2.101787637   -6.670544810
   -2.379994435    2.443460953    1.918916456    6.752484689   -3.937195401
   -2.189594880    2.443460953    3.373762643    7.236420973   -0.848653373
   -1.999195325    2.443460953    4.309752902    2.008838001    2.643325244
   -1.808795770    2.443460953    4.105954082   -3.782218584    6.489319867
   -1.618396215    2.443460953    3.176072701   -4.890781901   10.468731561
   -1.427996661    2.443460953    2.743600465    1.630628270   14.214152894
   -1.237597106    2.443460953    4.259406904   15.132466147   17.339861276
   -1.047197551    2.443460953    8.740645700   32.028732486   19.593870524
   -0.856797996    2.443460953   16.381151258   47.453841568   20.926347508
   -0.666398442    2.443460953   26.476621970   57.224459236   21.422989339
   -0.475998887    2.443460953   37.673694814   58.748471575   21.167457754
   -0.285599332    2.443460953   48.307428271   51.357622653   20.130315534
   -0.095199777    2.443460953   56.757880699   36.171669881   18.135044810
    0.095199777    2.443460953   61.787574891   16.072840469   14.951138855
    0.285599332    2.443460953   62.866435764   -4.448984447   10.443915064
    0.475998887    2.443460953   60.425984874  -20.036280952    4.775510266
    0.666398442    2.443460953   55.880377011  -25.958712621   -1.496245633
    0.856797996    2.443460953   51.320039427  -20.154758914   -7.482452065
    1.047197551    2.443460953   48.853278306   -4.643652757  -12.248874122
    1.237597106    2.443460953   49.829560512   14.802084452  -15.182528869
    1.427996661    2.443460953   54.282780367   30.703688117  -16.224230670
    1.618396215    2.443460953   60.893045070   36.635117862  -15.860888989
    1.808795770    2.443460953   67.416510140   29.663773286  -14.857273558
    1.999195325    2.443460953   71.455833914   11.097764005  -13.920900809
    2.189594880    2.443460953   71.208823574  -14.342564633  -13.454402743
    2.379994435    2.443460953   65.965409128  -40.282208830  -13.489200162
    2.570393989    2.443460953   56.233790515  -60.554311852  -13.766110823
    2.760793544    2.443460953   43.550172599  -70.789463892  -13.909670189
    2.951193099    2.443460953   30.030684838  -69.322000930  -13.597822960

   -3.141592654    2.792526803   15.123446137  -55.756473825    0.999035589
   -2.951193099    2.792526803    6.276364868  -36.591702577    2.965458657
   -2.760793544    2.792526803    1.310170314  -15.891724096    4.858112423
   -2.570393989    2.792526803    0.000000000    1.053321504    6.663295360
   -2.379994435    2.792526803    1.242116939   10.544023578    8.489899078
   -2.189594880    2.792526803    3.495327264   11.859784488   10.575396872
   -1.999195325    2.792526803    5.404710632    7.615534193   13.194562473
   -1.808795770    2.792526803    6.359498025    2.738315100   16.480062662
   -1.618396215    2.792526803    6.729249976    2.143605178   20.261950615
   -1.427996661    2.792526803    7.633041372    8.503758214   24.047639905
   -1.237597106    2.792526803   10.382500513   21.099038906   27.174763851
   -1.047197551    2.792526803   15.863116381   36.478303235   29.059467885
   -0.856797996    2.792526803   24.172688238   49.979763664   29.377201328
   -0.666398442    2.792526803   34.543157927   57.539054431   28.087941135
   -0.475998887    2.792526803   45.567466145   56.566863330   25.330331926
   -0.285599332    2.792526803   55.523425073   46.367777611   21.294586360
   -0.095199777    2.792526803   62.737598267   28.166142920   16.146056967
    0.095199777    2.792526803   65.962441985    5.187898240   10.057354933
    0.285599332    2.792526803   64.748770413  -17.460778750    3.298010918
    0.475998887    2.792526803   59.739958310  -33.708313509   -3.645409795
    0.666398442    2.792526803   52.682560544  -38.319258127  -10.051300288
    0.856797996    2.792526803   46.047787182  -29.294565912  -15.092438994
    1.047197551    2.792526803   42.247500871   -9.398951628  -18.118445349
    1.237597106    2.792526803   42.743173551   14.416482624  -18.931186256
    1.427996661    2.792526803   47.455404499   33.562534172  -17.866035940
    1.618396215    2.792526803   54.785652132   41.063253427  -15.635360599
    1.808795770    2.792526803   62.174148512   34.119118254  -12.995804582
    1.999195325    2.792526803   66.982118657   14.632521919  -10.481659121
    2.189594880    2.792526803   67.294317386  -11.989643560   -8.299353736
    2.379994435    2.792526803   62.402401634  -38.868855892   -6.403959234
    2.570393989    2.792526803   52.886171888  -59.620091459   -4.634713177
    2.760793544    2.792526803   40.371914695  -69.881691619   -2.844639846
    2.951193099    2.792526803   27.050316023  -68.119950952   -0.962945742
