#! FIELDS phi psi file.free der_phi der_psi
#! SET min_phi -pi
#! SET max_phi pi
#! SET nbins_phi  33
#! SET periodic_phi true
#! SET min_psi -pi
#! SET max_psi pi
#! SET nbins_psi  18
#! SET periodic_psi true
   -3.141592654   -3.141592654   18.674581748  -54.115261767   14.843462727
   -2.951193099   -3.141592654    9.925643482  -36.963568502   17.309808260
   -2.760793544   -3.141592654    4.814243772  -16.767166263   19.239932939
   -2.570393989   -3.141592654    3.399333017    1.057511459   20.613369881
   -2.379994435   -3.141592654    4.801896620   12.353657851   21.625967238
   -2.189594880   -3.141592654    7.607636759   15.887868262   22.673062303
   -1.999195325   -3.141592654   10.490193840   13.762252977   24.179781380
   -1.808795770   -3.141592654   12.766611472   10.328038241   26.336069559
   -1.618396215   -3.141592654   14.623171097    9.946736233   28.897713520
   -1.427996661   -3.141592654   16.903016283   14.899360168   31.204577124
   -1.237597106   -3.141592654   20.599644199   24.444654893   32.436523384
   -1.047197551   -3.141592654   26.318886263   35.516176282   31.960708036
   -0.856797996   -3.141592654   33.982807841   44.160263075   29.572159551
   -0.666398442   -3.141592654   42.795698593   47.130849871   25.523738193
   -0.475998887   -3.141592654   51.477099411   42.622507992   20.347886342
   -0.285599332   -3.141592654   58.568034460   30.562476157   14.620522093
   -0.095199777   -3.141592654   62.751052887   12.507766082    8.761914664
    0.095199777   -3.141592654   63.162854342   -8.378367240    2.993597695
    0.285599332   -3.141592654   59.688937185  -27.414567694   -2.569260061
    0.475998887   -3.141592654   53.197587769  -39.236542109   -7.732674166
    0.666398442   -3.141592654   45.509387535  -39.473815873  -12.107475486
    0.856797996   -3.141592654   38.998416029  -27.032786593  -15.158910127
    1.047197551   -3.141592654   35.821486454   -5.390409572  -16.434736048
    1.237597106   -3.141592654   37.094321623   18.336227405  -15.818911825
    1.427996661   -3.141592654   42.437111784   36.196772979  -13.620213419
    1.618396215   -3.141592654   50.139972707   42.511871775  -10.446665624
    1.808795770   -3.141592654   57.788036068   35.719873832   -6.919444322
    1.999195325   -3.141592654   63.051877091   18.105483330   -3.458326414
    2.189594880   -3.141592654   64.288576599   -5.694481884   -0.206537644
    2.379994435   -3.141592654   60.834640657  -30.260939279    2.885507267
    2.570393989   -3.141592654   53.042232377  -50.471819542    5.930218566
    2.760793544   -3.141592654   42.150856977  -62.284943957    8.984000491
    2.951193099   -3.141592654   30.008541961  -63.448875491   12.002455219

   -3.141592654   -2.792526803   25.589550535  -49.365674657   22.381261632
   -2.951193099   -2.792526803   17.618934176  -33.601676446   24.865664764
   -2.760793544   -2.792526803   13.003780562  -14.910564529   26.451129996
   -2.570393989   -2.792526803   11.817720019    1.690273113   27.188249128
   -2.379994435   -2.792526803   13.280409535   12.507763729   27.371393932
   -2.189594880   -2.792526803   16.149739299   16.570311182   27.492037628
   -1.999195325   -2.792526803   19.281233383   15.787686724   28.038267416
   -1.808795770   -2.792526803   22.087405319   13.810421095   29.215878201
   -1.618396215   -2.792526803   24.687117090   14.060981962   30.758068248
   -1.427996661   -2.792526803   27.690853859   18.107736772   31.970744043
   -1.237597106   -2.792526803   31.776848353   25.092702434   32.018293699
   -1.047197551   -2.792526803   37.278982127   32.483143731   30.291644691
   -0.856797996   -2.792526803   43.991667126   37.264636104   26.650669497
   -0.666398442   -2.792526803   51.173869144   37.086142753   21.450589987
   -0.475998887   -2.792526803   57.740783536   30.703985221   15.344666122
   -0.285599332   -2.792526803   62.491726021   18.123895372    9.028833123
   -0.095199777   -2.792526803   64.344190860    0.620752034    3.023318912
    0.095199777   -2.792526803   62.600602779  -19.046244413   -2.391332954
    0.285599332   -2.792526803   57.244760174  -36.452197707   -7.097093289
    0.475998887   -2.792526803   49.218210315  -46.245344967  -10.981936907
    0.666398442   -2.792526803   40.427215810  -43.947866269  -13.832043927
    0.856797996   -2.792526803   33.342596081  -28.510851754  -15.361373948
    1.047197551   -2.792526803   30.181138986   -3.757733913  -15.360988465
    1.237597106   -2.792526803   32.028111820   22.633154954  -13.861550294
    1.427996661   -2.792526803   38.371979029   42.250871926  -11.169469428
    1.618396215   -2.792526803   47.313880335   49.329769690   -7.752020541
    1.808795770   -2.792526803   56.272779853   42.592799425   -4.026118249
    1.999195325   -2.792526803   62.826122131   24.767806935   -0.229422205
    2.189594880   -2.792526803   65.315517310    0.822608029    3.593611221
    2.379994435   -2.792526803   63.101303365  -23.741275873    7.486011050
    2.570393989   -2.792526803   56.553664371  -43.937678275   11.460785991
    2.760793544   -2.792526803   46.893942744  -55.942735794   15.417420770
    2.951193099   -2.792526803   35.913060045  -57.678927466   19.147178209

   -3.141592654   -2.443460953   33.627253720  -44.342570877   21.747154771
   -2.951193099   -2.443460953   26.466217962  -30.181537387   23.824530114
   -2.760793544   -2.443460953   22.338026497  -13.208150071   25.030521298
   -2.570393989   -2.443460953   21.329561672    1.932979715   25.418412944
   -2.379994435   -2.443460953   22.750538077   11.967473713   25.232696854
   -2.189594880   -2.443460953   25.513311271   16.138655114   24.866098648
   -1.999195325   -2.443460953   28.630957846   16.146099803   24.687799365
   -1.808795770   -2.443460953   31.588302570   14.973835871   24.822231946
   -1.618396215   -2.443460953   34.427133965   15.213874655   25.018635247
   -1.427996661   -2.443460953   37.541835892   17.884035803   24.724209131
   -1.237597106   -2.443460953   41.345238742   22.186710544   23.335842269
   -1.047197551   -2.443460953   45.979186660   26.249932678   20.488794817
   -0.856797996   -2.443460953   51.205359892   28.027044863   16.215705285
   -0.666398442   -2.443460953   56.425787045   25.959216143   10.935707439
   -0.475998887   -2.443460953   60.809229195   19.155731996    5.267216359
   -0.285599332   -2.443460953   63.425933707    7.449665116   -0.182154928
   -0.095199777   -2.443460953   63.396224049   -8.380091196   -4.987692743
    0.095199777   -2.443460953   60.122274967  -26.109114344   -8.958707260
    0.285599332   -2.443460953   53.602491109  -41.632780015  -12.069253079
    0.475998887   -2.443460953   44.759991442  -49.631810817  -14.334968868
    0.666398442   -2.443460953   35.496498473  -45.495070182  -15.709778045
    0.856797996   -2.443460953   28.301908096  -28.084272530  -16.081044945
    1.047197551   -2.443460953   25.412174157   -1.330416184  -15.347513610
    1.237597106   -2.443460953   27.892948583   26.810288785  -13.523742753
    1.427996661   -2.443460953   35.159959718   47.675967361  -10.787743254
    1.618396215   -2.443460953   45.209076995   55.455163928   -7.433528354
    1.808795770   -2.443460953   55.368719187   49.033625866   -3.746029559
    1.999195325   -2.443460953   63.167120814   31.399481718    0.079636414
    2.189594880   -2.443460953   66.940845009    7.684269958    3.962237280
    2.379994435   -2.443460953   66.058568128  -16.623926866    7.873248709
    2.570393989   -2.443460953   60.880953032  -36.714436094   11.763390504
    2.760793544   -2.443460953   52.581093714  -48.965003337   15.506045489
    2.951193099   -2.443460953   42.868788821  -51.430340329   18.908439393

   -3.141592654   -2.094395102   40.234077485  -40.094241912   14.697704899
   -2.951193099   -2.094395102   33.771370940  -27.153275972   15.917969675
   -2.760793544   -2.094395102   30.086394380  -11.601236491   16.568567340
   -2.570393989   -2.094395102   29.247915797    2.141542858   16.648927529
   -2.379994435   -2.094395102   30.600629415   11.122340826   16.237999323
   -2.189594880   -2.094395102   33.144884380   14.781102578   15.495923481
   -1.999195325   -2.094395102   35.991199773   14.697581970   14.581906769
   -1.808795770   -2.094395102   38.666562963   13.413261930   13.538165927
   -1.618396215   -2.094395102   41.158483476   13.010983857   12.231496300
   -1.427996661   -2.094395102   43.729775515   14.258180193   10.414779068
   -1.237597106   -2.094395102   46.656270404   16.557735764    7.874848518
   -1.047197551   -2.094395102   50.019832569   18.594131366    4.576249628
   -0.856797996   -2.094395102   53.640895958   18.986398868    0.707271645
   -0.666398442   -2.094395102   57.090029451   16.595887911   -3.361249097
   -0.475998887   -2.094395102   59.749054865   10.588267708   -7.214474503
   -0.285599332   -2.094395102   60.875689066    0.475318831  -10.515122529
   -0.095199777   -2.094395102   59.697047596  -13.460299053  -13.088221350
    0.095199777   -2.094395102   55.627731892  -29.430621526  -14.935115764
    0.285599332   -2.094395102   48.614833445  -43.551562379  -16.159012021
    0.475998887   -2.094395102   39.513446465  -50.460592611  -16.875478976
    0.666398442   -2.094395102   30.184153860  -45.347664092  -17.121049110
    0.856797996   -2.094395102   23.115446801  -26.876645537  -16.833706129
    1.047197551   -2.094395102   20.568492225    1.091591583  -15.886618130
    1.237597106   -2.094395102   23.630267340   30.490505908  -14.175863152
    1.427996661   -2.094395102   31.708485120   52.471567052  -11.708677540
    1.618396215   -2.094395102   42.755268452   61.082306551   -8.631343092
    1.808795770   -2.094395102   54.039775843   55.163480410   -5.178270272
    1.999195325   -2.094395102   63.032411324   37.770584609   -1.604524521
    2.189594880   -2.094395102   68.028723655   14.122665860    1.888090801
    2.379994435   -2.094395102   68.369464797  -10.241601450    5.163644048
    2.570393989   -2.094395102   64.391565624  -30.530942560    8.140153243
    2.760793544   -2.094395102   57.236504134  -43.168302834   10.755336977
    2.951193099   -2.094395102   48.573332562  -46.263482924   12.958630436

   -3.141592654   -1.745329252   43.096401093  -38.661341817    7.262663937
   -2.951193099   -1.745329252   36.857861123  -26.246379653    7.534438532
   -2.760793544   -1.745329252   33.292010324  -11.274223562    7.515687276
   -2.570393989   -1.745329252   32.452473011    1.784919034    7.201449670
   -2.379994435   -1.745329252   33.666615028   10.014018012    6.568512286
   -2.189594880   -1.745329252   35.924947789   12.878699872    5.595066401
   -1.999195325   -1.745329252   38.326818471   11.911507045    4.248691651
   -1.808795770   -1.745329252   40.373733037    9.565462641    2.475020134
   -1.618396215   -1.745329252   42.017402306    7.932852658    0.224839910
   -1.427996661   -1.745329252   43.504185072    7.982383711   -2.477327521
   -1.237597106   -1.745329252   45.149157145    9.479089987   -5.484198315
   -1.047197551   -1.745329252   47.144327111   11.444177625   -8.536947010
   -0.856797996   -1.745329252   49.467196395   12.648336975  -11.347136959
   -0.666398442   -1.745329252   51.846464719   11.793393930  -13.670547904
   -0.475998887   -1.745329252   53.768553339    7.678190381  -15.379166179
   -0.285599332   -1.745329252   54.516127606   -0.635472458  -16.469065677
   -0.095199777   -1.745329252   53.263766676  -13.220523126  -17.038721209
    0.095199777   -1.745329252   49.321507994  -28.437742887  -17.258994242
    0.285599332   -1.745329252   42.524320245  -42.354169815  -17.298544676
    0.475998887   -1.745329252   33.641945550  -49.377523048  -17.271490570
    0.666398442   -1.745329252   24.505011861  -44.380558689  -17.174107465
    0.856797996   -1.745329252   17.631903290  -25.719083503  -16.877565850
    1.047197551   -1.745329252   15.361153238    2.915173000  -16.160142696
    1.237597106   -1.745329252   18.867666510   33.380376346  -14.799914953
    1.427996661   -1.745329252   27.612244268   56.560759545  -12.695346118
    1.618396215   -1.745329252   39.538219117   66.157411978   -9.929067461
    1.808795770   -1.745329252   51.846730963   60.743036580   -6.745790693
    1.999195325   -1.745329252   61.906709899   43.307768627   -3.479465796
    2.189594880   -1.745329252   67.917094438   19.167006287   -0.438538544
    2.379994435   -1.745329252   69.149590275   -5.952974531    2.155962976
    2.570393989   -1.745329252   65.908854734  -27.086086009    4.198457888
    2.760793544   -1.745329252   59.333429956  -40.513896765    5.680966386
    2.951193099   -1.745329252   51.110738641  -44.276049951    6.671098022

   -3.141592654   -1.396263402   42.543050215  -39.939121733    4.626308196
   -2.951193099   -1.396263402   36.050307934  -27.612950671    4.191268947
   -2.760793544   -1.396263402   32.230058874  -12.571585316    3.472434888
   -2.570393989   -1.396263402   31.151687145    0.558304698    2.509197609
   -2.379994435   -1.396263402   32.128339744    8.702034416    1.263025011
   -2.189594880   -1.396263402   34.103700588   11.149654386   -0.371475220
   -1.999195325   -1.396263402   36.101174438    9.320032936   -2.532149439
   -1.808795770   -1.396263402   37.542048454    5.754293917   -5.309954355
   -1.618396215   -1.396263402   38.340938928    2.916184170   -8.648213326
   -1.427996661   -1.396263402   38.795999644    2.296963913  -12.269724821
   -1.237597106   -1.396263402   39.368066508    4.075289058  -15.707251623
   -1.047197551   -1.396263402   40.442368341    7.323636363  -18.441240240
   -0.856797996   -1.396263402   42.161051027   10.497207652  -20.091679338
   -0.666398442   -1.396263402   44.333489045   11.747154111  -20.539257456
   -0.475998887   -1.396263402   46.421168106    9.368893278  -19.954652587
   -0.285599332   -1.396263402   47.602105328    2.100357135  -18.707272228
   -0.095199777   -1.396263402   46.908076320  -10.230693558  -17.221555626
    0.095199777   -1.396263402   43.503993315  -25.876531860  -15.860633122
    0.285599332   -1.396263402   37.115073081  -40.678836334  -14.821620037
    0.475998887   -1.396263402   28.454492574  -48.703736726  -14.128433158
    0.666398442   -1.396263402   19.368768730  -44.440559477  -13.648456211
    0.856797996   -1.396263402   12.461651538  -25.901503774  -13.162455274
    1.047197551   -1.396263402   10.206503818    3.377628715  -12.428647557
    1.237597106   -1.396263402   13.914974803   35.099957262  -11.254208142
    1.427996661   -1.396263402   23.128524957   59.744683448   -9.563708794
    1.618396215   -1.396263402   35.781311629   70.515031456   -7.412878632
    1.808795770   -1.396263402   48.979602692   65.592057508   -4.969969075
    1.999195325   -1.396263402   59.947078054   47.859174350   -2.467041309
    2.189594880   -1.396263402   66.742405603   22.766497729   -0.131689334
    2.379994435   -1.396263402   68.539374754   -3.659688832    1.847199334
    2.570393989   -1.396263402   65.606268397  -26.134665413    3.341287713
    2.760793544   -1.396263402   59.101085123  -40.675376980    4.286174264
    2.951193099   -1.396263402   50.770672485  -45.184401545    4.692191742

   -3.141592654   -1.047197551   41.094781645  -42.778060905    3.807819731
   -2.951193099   -1.047197551   34.044814291  -30.561807276    2.573116011
   -2.760793544   -1.047197551   29.684453759  -15.255648114    0.953890151
   -2.570393989   -1.047197551   28.131741375   -1.753564947   -0.916305587
   -2.379994435   -1.047197551   28.687706009    6.524025499   -2.999980600
   -2.189594880   -1.047197551   30.220879042    8.581030658   -5.379794507
   -1.999195325   -1.047197551   31.646348006    5.804866580   -8.204163792
   -1.808795770   -1.047197551   32.305458310    1.066364112  -11.541369648
   -1.618396215   -1.047197551   32.125916578   -2.549645707  -15.221033707
   -1.427996661   -1.047197551   31.542100008   -2.942273771  -18.772522848
   -1.237597106   -1.047197551   31.239486646    0.338341893  -21.540181537
   -1.047197551   -1.047197551   31.830153480    6.099553582  -22.933086551
   -0.856797996   -1.047197551   33.588503537   12.125804653  -22.679697756
   -0.666398442   -1.047197551   36.311248994   15.759137883  -20.939850026
   -0.475998887   -1.047197551   39.308908712   14.701621105  -18.235844134
   -0.285599332   -1.047197551   41.530165015    7.488607203  -15.245474810
   -0.095199777   -1.047197551   41.779559547   -5.869013786  -12.553051401
    0.095199777   -1.047197551   39.056042034  -23.148434150  -10.485948063
    0.285599332   -1.047197551   33.021758162  -39.649685605   -9.036036528
    0.475998887   -1.047197551   24.425364235  -48.953344272   -7.964215820
    0.666398442   -1.047197551   15.226731061  -45.249425082   -6.961626373
    0.856797996   -1.047197551    8.178185129  -26.462318930   -5.828513345
    1.047197551   -1.047197551    5.896880986    3.741449343   -4.541245858
    1.237597106   -1.047197551    9.795562920   36.741661640   -3.202374741
    1.427996661   -1.047197551   19.444664318   62.626171924   -1.940534708
    1.618396215   -1.047197551   32.735362201   74.238068823   -0.803816678
    1.808795770   -1.047197551   46.674635251   69.536202405    0.248145344
    1.999195325   -1.047197551   58.363166677   51.387030771    1.290287681
    2.189594880   -1.047197551   65.748446816   25.362313922    2.355074540
    2.379994435   -1.047197551   67.924425130   -2.310603102    3.378184855
    2.570393989   -1.047197551   65.119291091  -26.144057875    4.202572593
    2.760793544   -1.047197551   58.488768344  -41.950339449    4.632303129
    2.951193099   -1.047197551   49.815885732  -47.451304453    4.517887234

   -3.141592654   -0.698131701   40.903061330  -45.967016418    2.571543003
   -2.951193099   -0.698131701   33.185992989  -34.304239949    0.455525059
   -2.760793544   -0.698131701   28.092850269  -19.147638289   -2.116594713
   -2.570393989   -0.698131701   25.803662975   -5.589725851   -4.874047431
   -2.379994435   -0.698131701   25.628425725    2.633335529   -7.657980310
   -2.189594880   -0.698131701   26.388033027    4.277948510  -10.496759485
   -1.999195325   -0.698131701   26.927973726    0.779744023  -13.534533789
   -1.808795770   -0.698131701   26.565797655   -4.564548940  -16.817017444
   -1.618396215   -0.698131701   25.311455801   -8.028250194  -20.086796604
   -1.427996661   -0.698131701   23.795453988   -7.025994398  -22.749992737
   -1.237597106   -0.698131701   22.948539160   -1.118554325  -24.084552887
   -1.047197551   -0.698131701   23.569162570    7.905847222  -23.582078281
   -0.856797996   -0.698131701   25.966685159   16.901014337  -21.220389499
   -0.666398442   -0.698131701   29.795811277   22.360300520  -17.509493778
   -0.475998887   -0.698131701   34.101305163   21.568008020  -13.289191378
   -0.285599332   -0.698131701   37.539131471   13.206408140   -9.404563992
   -0.095199777   -0.698131701   38.698301609   -2.111838517   -6.387116520
    0.095199777   -0.698131701   36.499364190  -21.328037933   -4.312484362
    0.285599332   -0.698131701   30.679840926  -39.057180884   -2.828195224
    0.475998887   -0.698131701   22.160008019  -48.572857830   -1.414562145
    0.666398442   -0.698131701   13.083363485  -44.256891071    0.312039288
    0.856797996   -0.698131701    6.312331788  -24.562182985    2.371482019
    1.047197551   -0.698131701    4.464003131    6.295681512    4.425289604
    1.237597106   -0.698131701    8.869404919   39.396626976    6.003512356
    1.427996661   -0.698131701   18.994769976   64.908778592    6.776398606
    1.618396215   -0.698131701   32.668683133   75.973834410    6.745697149
    1.808795770   -0.698131701   46.893060602   70.826208467    6.202974382
    1.999195325   -0.698131701   58.800362829   52.421761180    5.558585724
    2.189594880   -0.698131701   66.364743225   26.203576809    5.124536355
    2.379994435   -0.698131701   68.671473626   -1.822572633    4.982448273
    2.570393989   -0.698131701   65.900962894  -26.328665297    4.964855934
    2.760793544   -0.698131701   59.145749309  -43.112752942    4.750012887
    2.951193099   -0.698131701   50.147392611  -49.709581078    4.015215319

   -3.141592654   -0.349065850   41.293674275  -49.888315445    1.384518380
   -2.951193099   -0.349065850   32.723912958  -39.251398334   -1.146766808
   -2.760793544   -0.349065850   26.631632680  -24.591765970   -4.085227410
   -2.570393989   -0.349065850   23.296783438  -11.072572005   -7.118512861
   -2.379994435   -0.349065850   22.088372957   -2.740583746  -10.043583550
   -2.189594880   -0.349065850   21.824970724   -1.127737903  -12.854526676
   -1.999195325   -0.349065850   21.322296345   -4.755235348  -15.650562527
   -1.808795770   -0.349065850   19.917088832   -9.872951438  -18.400100124
   -1.618396215   -0.349065850   17.745573394  -12.148688585  -20.754268247
   -1.427996661   -0.349065850   15.658617197   -8.692885763  -22.083400358
   -1.237597106   -0.349065850   14.809066536    0.620957764  -21.762319033
   -1.047197551   -0.349065850   16.099111797   13.122889015  -19.531294515
   -0.856797996   -0.349065850   19.750863482   24.616449237  -15.698826005
   -0.666398442   -0.349065850   25.155413482   30.881452642  -11.061360330
   -0.475998887   -0.349065850   31.017144924   29.120516962   -6.571386199
   -0.285599332   -0.349065850   35.698727884   18.589709771   -2.961547755
   -0.095199777   -0.349065850   37.650063878    0.860957984   -0.456076663
    0.095199777   -0.349065850   35.841158355  -20.015228833    1.265035897
    0.285599332   -0.349065850   30.216662622  -38.088532633    2.883122695
    0.475998887   -0.349065850   21.950925470  -46.711554061    5.045255738
    0.666398442   -0.349065850   13.364317863  -40.974954718    7.986889147
    0.856797996   -0.349065850    7.328761582  -20.287253915   11.346166573
    1.047197551   -0.349065850    6.304669996   10.449787131   14.314266143
    1.237597106   -0.349065850   11.394344968   42.249506128   16.058459841
    1.427996661   -0.349065850   21.883703792   65.841674781   16.134614665
    1.618396215   -0.349065850   35.561047888   75.165928093   14.696507135
    1.808795770   -0.349065850   49.524417213   69.050632509   12.355487858
    1.999195325   -0.349065850   61.073531236   50.570345988    9.870040505
    2.189594880   -0.349065850   68.326250120   24.837220539    7.810508828
    2.379994435   -0.349065850   70.424525643   -2.688867027    6.383793943
    2.570393989   -0.349065850   67.502893764  -27.154007962    5.423043437
    2.760793544   -0.349065850   60.541231230  -44.563705727    4.530385688
    2.951193099   -0.349065850   51.162240957  -52.323515791    3.276177010

   -3.141592654    0.000000000   41.833489371  -53.742550561    0.442295950
   -2.951193099    0.000000000   32.436434136  -43.997626214   -1.742513585
   -2.760793544    0.000000000   25.392772694  -29.732700217   -4.211038781
   -2.570393989    0.000000000   21.081667580  -16.118746127   -6.735340321
   -2.379994435    0.000000000   18.940626904   -7.479763566   -9.162367308
   -2.189594880    0.000000000   17.801414509   -5.601389897  -11.474339848
   -1.999195325    0.000000000   16.471766448   -8.934121234  -13.686713937
   -1.808795770    0.000000000   14.331384937  -13.291278817  -15.651262654
   -1.618396215    0.000000000   11.653923277  -13.857342764  -16.953723591
   -1.427996661    0.000000000    9.488341713   -7.663395309  -17.035194035
   -1.237597106    0.000000000    9.140251514    4.861684798  -15.498523963
   -1.047197551    0.000000000   11.510771960   20.057768829  -12.394874287
   -0.856797996    0.000000000   16.630027969   32.799672817   -8.286688413
   -0.666398442    0.000000000   23.568066757   38.514634787   -4.041099782
   -0.475998887    0.000000000   30.711797416   34.772990931   -0.445772309
   -0.285599332    0.000000000   36.234187628   21.777400453    2.110793702
   -0.095199777    0.000000000   38.599568660    2.200450630    3.801282487
    0.095199777    0.000000000   36.980924439  -19.079114380    5.251616915
    0.285599332    0.000000000   31.625761871  -35.960595887    7.236707103
    0.475998887    0.000000000   23.963257063  -42.435553642   10.259910511
    0.666398442    0.000000000   16.387072786  -34.799991003   14.229697423
    0.856797996    0.000000000   11.603635457  -13.642624050   18.404722197
    1.047197551    0.000000000   11.734942105   15.609826245   21.683263522
    1.237597106    0.000000000   17.536663215   44.384860165   23.116907923
    1.427996661    0.000000000   28.100607667   64.533440246   22.333218001
    1.618396215    0.000000000   41.254688711   71.188256153   19.674316801
    1.808795770    0.000000000   54.321187545   63.878013407   15.968438462
    1.999195325    0.000000000   64.889544074   45.650058663   12.152144973
    2.189594880    0.000000000   71.304129432   21.041880986    8.912995275
    2.379994435    0.000000000   72.800654339   -5.259447441    6.527699678
    2.570393989    0.000000000   69.468291519  -29.019508777    4.869981151
    2.760793544    0.000000000   62.154568613  -46.531876253    3.567404489
    2.951193099    0.000000000   52.333238383  -55.091871489    2.191872724

   -3.141592654    0.349065850   42.999616250  -56.180388292    0.333072551
   -2.951193099    0.349065850   33.059644458  -47.206884442   -0.835813641
   -2.760793544    0.349065850   25.351450445  -33.428684704   -2.124760422
   -2.570393989    0.349065850   20.317811765  -19.959453377   -3.491655655
   -2.379994435    0.349065850   17.447762511  -11.273564746   -4.922230030
   -2.189594880    0.349065850   15.597151544   -9.259760871   -6.435768576
   -1.999195325    0.349065850   13.599821320  -12.221376528   -7.987046002
   -1.808795770    0.349065850   10.912355276  -15.622584939   -9.346288997
   -1.618396215    0.349065850    7.946505471  -14.416649471  -10.099471623
   -1.427996661    0.349065850    5.896772331   -5.826881319   -9.820574912
   -1.237597106    0.349065850    6.130787471    9.061874341   -8.326889784
   -1.047197551    0.349065850    9.465034781   25.782634364   -5.831300280
   -0.856797996    0.349065850   15.712884710   38.685025217   -2.876710096
   -0.666398442    0.349065850   23.681695178   43.283555823   -0.088892445
   -0.475998887    0.349065850   31.569881221   37.784915223    2.133783936
   -0.285599332    0.349065850   37.515374207   23.333156231    3.791322683
   -0.095199777    0.349065850   40.123103362    3.424997656    5.292954429
    0.095199777    0.349065850   38.824125664  -16.703374167    7.269952169
    0.285599332    0.349065850   34.127800629  -31.291597808   10.265987701
    0.475998887    0.349065850   27.594658404  -35.327484750   14.412688644
    0.666398442    0.349065850   21.525067478  -26.378261980   19.236483511
    0.856797996    0.349065850   18.311809361   -5.969073371   23.735325525
    1.047197551    0.349065850   19.658950957   20.389144969   26.741608521
    1.237597106    0.349065850   25.982483612   44.978214876   27.420408014
    1.427996661    0.349065850   36.254981710   61.016050038   25.618814826
    1.618396215    0.349065850   48.442690264   64.840237751   21.894405263
    1.808795770    0.349065850   60.176829000   56.546572755   17.217164740
    1.999195325    0.349065850   69.391429940   38.991870646   12.576317436
    2.189594880    0.349065850   74.686208965   16.037241738    8.661385686
    2.379994435    0.349065850   75.406056255   -8.452677301    5.755351050
    2.570393989    0.349065850   71.602940292  -30.891596806    3.777124175
    2.760793544    0.349065850   63.993134068  -47.914447141    2.436241982
    2.951193099    0.349065850   53.889955515  -56.775717667    1.380420580

   -3.141592654    0.698131701   43.998492568  -56.868040063   -0.739738184
   -2.951193099    0.698131701   33.899642741  -48.188029944   -0.688268836
   -2.760793544    0.698131701   25.964670168  -34.824722558   -0.597585022
   -2.570393989    0.698131701   20.622625756  -21.797280988   -0.614476492
   -2.379994435    0.698131701   17.360709596  -13.536949819   -0.863974316
   -2.189594880    0.698131701   15.047722884  -11.809487584   -1.418314876
   -1.999195325    0.698131701   12.565430470  -14.677775169   -2.228183414
   -1.808795770    0.698131701    9.467541451  -17.361534922   -3.079483626
   -1.618396215    0.698131701    6.290512266  -14.806252072   -3.651774941
   -1.427996661    0.698131701    4.322691746   -4.575674744   -3.672761243
   -1.237597106    0.698131701    4.934053337   11.673452666   -3.070549484
   -1.047197551    0.698131701    8.837569936   28.999003757   -2.006301467
   -0.856797996    0.698131701   15.684921269   41.633577460   -0.753946605
   -0.666398442    0.698131701   24.144802449   45.457453931    0.480084859
   -0.475998887    0.698131701   32.377176234   39.299127382    1.714473689
   -0.285599332    0.698131701   38.603217357   24.925750672    3.205325258
   -0.095199777    0.698131701   41.606077564    6.172123169    5.349988392
    0.095199777    0.698131701   41.019190375  -11.844854942    8.505161227
    0.285599332    0.698131701   37.483363157  -23.976621092   12.762216016
    0.475998887    0.698131701   32.535088192  -26.194882019   17.787135186
    0.666398442    0.698131701   28.254636347  -17.063870581   22.790833321
    0.856797996    0.698131701   26.661445286    1.360388984   26.719299278
    1.047197551    0.698131701   29.058725340   23.841370937   28.614381764
    1.237597106    0.698131701   35.592965401   43.716679586   27.990466929
    1.427996661    0.698131701   45.207012715   55.561464647   25.027370557
    1.618396215    0.698131701   56.076763180   56.766115249   20.463920805
    1.808795770    0.698131701   66.179699126   47.800363216   15.275224652
    1.999195325    0.698131701   73.798811019   31.194296915   10.339610661
    2.189594880    0.698131701   77.777974377   10.106572189    6.224641808
    2.379994435    0.698131701   77.565588792  -12.340182476    3.164183650
    2.570393989    0.698131701   73.191688626  -33.084395624    1.130570354
    2.760793544    0.698131701   65.277282835  -49.028977933   -0.043767325
    2.951193099    0.698131701   55.013094256  -57.438196825   -0.590988924

   -3.141592654    1.047197551   42.695633423  -56.668761750   -5.050107303
   -2.951193099    1.047197551   32.693470373  -47.404600555   -4.216286251
   -2.760793544    1.047197551   24.934594040  -33.808331520   -3.144261948
   -2.570393989    1.047197551   19.781819426  -20.871622302   -2.100145096
   -2.379994435    1.047197551   16.664932857  -12.968279659   -1.288302937
   -2.189594880    1.047197551   14.414529424  -11.722826811   -0.824188019
   -1.999195325    1.047197551   11.907644657  -14.991577233   -0.714130260
   -1.808795770    1.047197551    8.732141698  -17.811358582   -0.863572545
   -1.618396215    1.047197551    5.480355531  -15.101951030   -1.126281367
   -1.427996661    1.047197551    3.484476109   -4.576584354   -1.372798359
   -1.237597106    1.047197551    4.120542056   11.895336954   -1.525237955
   -1.047197551    1.047197551    8.075515673   29.289789440   -1.528541780
   -0.856797996    1.047197551   14.981067051   41.969122508   -1.278585610
   -0.666398442    1.047197551   23.530732241   46.146777726   -0.590806062
   -0.475998887    1.047197551   31.975752548   40.964077836    0.784013908
   -0.285599332    1.047197551   38.672527504   28.320696306    3.076230001
   -0.095199777    1.047197551   42.534558898   11.868864381    6.396980261
    0.095199777    1.047197551   43.259608682   -3.810612381   10.657869904
    0.285599332    1.047197551   41.425237529  -14.325654116   15.491246210
    0.475998887    1.047197551   38.355474120  -16.418156146   20.256016460
    0.666398442    1.047197551   35.796634435   -9.089881956   24.126962337
    0.856797996    1.047197551   35.405783080    5.774031334   26.313932830
    1.047197551    1.047197551   38.219888626   23.739765958   26.324862953
    1.237597106    1.047197551   44.312374542   39.310225779   24.143345521
    1.427996661    1.047197551   52.767270878   48.054469955   20.239789995
    1.618396215    1.047197551   62.043316716   47.808152473   15.369283415
    1.808795770    1.047197551   70.426033624   38.898361357   10.297549252
    1.999195325    1.047197551   76.439380690   23.340613156    5.604749287
    2.189594880    1.047197551   79.062831511    3.758962141    1.623367172
    2.379994435    1.047197551   77.794097477  -17.093826032   -1.494927861
    2.570393989    1.047197551   72.660986027  -36.320528179   -3.696601512
    2.760793544    1.047197551   64.262854134  -50.899143612   -4.971753455
    2.951193099    1.047197551   53.755789541  -58.141532737   -5.377053961

   -3.141592654    1.396263402   38.512897530  -55.932083997  -11.332795172
   -2.951193099    1.396263402   28.794584325  -45.223090883  -10.392312572
   -2.760793544    1.396263402   21.545332903  -30.741219531   -8.905011671
   -2.570393989    1.396263402   17.010476128  -17.549691516   -7.140189933
   -2.379994435    1.396263402   14.503552797   -9.964515165   -5.307932775
   -2.189594880    1.396263402   12.760745048   -9.445789820   -3.557435229
   -1.999195325    1.396263402   10.600084235  -13.653062045   -2.000903751
   -1.808795770    1.396263402    7.586562322  -17.444379293   -0.740962438
   -1.618396215    1.396263402    4.318865260  -15.615759809    0.130136239
   -1.427996661    1.396263402    2.157338534   -5.768111161    0.566379417
   -1.237597106    1.396263402    2.530296486   10.382951564    0.632139808
   -1.047197551    1.396263402    6.211615086   28.030952322    0.545507146
   -0.856797996    1.396263402   12.960477086   41.710946760    0.669545140
   -0.666398442    1.396263402   21.619306573   47.667270962    1.408787725
   -0.475998887    1.396263402   30.570557172   44.820447031    3.086769869
   -0.285599332    1.396263402   38.237770228   34.623447063    5.840137915
   -0.095199777    1.396263402   43.500791983   20.161472030    9.558554094
    0.095199777    1.396263402   45.915185122    5.428114317   13.892077388
    0.285599332    1.396263402   45.815605758   -5.607165030   18.256913528
    0.475998887    1.396263402   44.229027705   -9.817112947   21.928748254
    0.666398442    1.396263402   42.618853221   -5.892868150   24.185515587
    0.856797996    1.396263402   42.460848047    5.015008073   24.524523003
    1.047197551    1.396263402   44.776301199   19.397754605   22.835406932
    1.237597106    1.396263402   49.788255501   32.533538846   19.432528068
    1.427996661    1.396263402   56.834133964   40.254842179   14.940239053
    1.618396215    1.396263402   64.621960322   40.112841234   10.042530243
    1.808795770    1.396263402   71.599058314   31.867615730    5.264184280
    1.999195325    1.396263402   76.344709551   17.036500988    0.891555381
    2.189594880    1.396263402   77.827644460   -1.929126834   -2.971008435
    2.379994435    1.396263402   75.534444888  -22.137073054   -6.263964699
    2.570393989    1.396263402   69.523346301  -40.423655600   -8.878776509
    2.760793544    1.396263402   60.467300322  -53.627101897  -10.655151385
    2.951193099    1.396263402   49.598792043  -59.155128402  -11.472877678

   -3.141592654    1.745329252   32.169217104  -55.577355618  -16.797783817
   -2.951193099    1.745329252   22.703443134  -42.982013181  -16.197568335
   -2.760793544    1.745329252   16.022119104  -27.118437507  -14.743479646
   -2.570393989    1.745329252   12.260308124  -13.155787538  -12.640265694
   -2.379994435    1.745329252   10.615527061   -5.396196022  -10.068225733
   -2.189594880    1.745329252    9.716960844   -5.229127234   -7.186713924
   -1.999195325    1.745329252    8.289649418  -10.238886139   -4.172188566
   -1.808795770    1.745329252    5.821321391  -15.181259437   -1.261199117
   -1.618396215    1.745329252    2.861128434  -14.657498964    1.268563707
   -1.427996661    1.745329252    0.770261094   -5.929885792    3.180470679
   -1.237597106    1.745329252    1.052241428    9.705349124    4.398504949
   -1.047197551    1.745329252    4.630071749   27.785170674    5.079583179
   -0.856797996    1.745329252   11.453951717   42.889129499    5.592740779
   -0.666398442    1.745329252   20.532233392   50.963724071    6.376114016
   -0.475998887    1.745329252   30.328430534   50.364784533    7.765815934
   -0.285599332    1.745329252   39.231700046   41.923582777    9.865712445
   -0.095199777    1.745329252   45.976065367   28.227207333   12.480128618
    0.095199777    1.745329252   49.896307048   12.948573046   15.158190741
    0.285599332    1.745329252   51.068282389    0.014328892   17.272679999
    0.475998887    1.745329252   50.280995404   -7.192149832   18.209626389
    0.666398442    1.745329252   48.838898342   -6.773072996   17.569599725
    0.856797996    1.745329252   48.193490576    0.896445296   15.346850770
    1.047197551    1.745329252   49.487834766   12.988758953   11.944560949
    1.237597106    1.745329252   53.163450388   25.114837030    8.003827049
    1.427996661    1.745329252   58.791568627   32.923025946    4.148663256
    1.618396215    1.745329252   65.241280129   33.427189732    0.740965114
    1.808795770    1.745329252   71.009905752   25.819884667   -2.197150241
    1.999195325    1.745329252   74.639401314   11.301552031   -4.874123575
    2.189594880    1.745329252   75.036994631   -7.610137142   -7.528288917
    2.379994435    1.745329252   71.670076168  -27.677833899  -10.237136774
    2.570393989    1.745329252   64.652501331  -45.340949300  -12.841310566
    2.760793544    1.745329252   54.772856787  -57.237500593  -15.009677665
    2.951193099    1.745329252   43.387283604  -60.888090589  -16.399209619

   -3.141592654    2.094395102   25.343979355  -56.269328604  -18.230218222
   -2.951193099    2.094395102   15.923077919  -41.845583274  -17.783593801
   -2.760793544    2.094395102    9.615485071  -24.390514791  -16.284918390
   -2.570393989    2.094395102    6.500262524   -9.146961732  -13.886669219
   -2.379994435    2.094395102    5.716844790   -0.409183290  -10.770516645
   -2.189594880    2.094395102    5.836556875    0.419274642   -7.123866437
   -1.999195325    2.094395102    5.515809377   -4.350560947   -3.156878692
   -1.808795770    2.094395102    4.149262070   -9.596402320    0.852410447
   -1.618396215    2.094395102    2.179615721   -9.922418984    4.559654151
   -1.427996661    2.094395102    0.881801403   -2.366512809    7.624997058
   -1.237597106    2.094395102    1.735335273   12.183785102    9.838622919
   -1.047197551    2.094395102    5.720320626   29.685455117   11.214963172
   -0.856797996    2.094395102   12.906597835   44.905389691   11.994108054
   -0.666398442    2.094395102   22.427938673   53.660188819   12.518255656
   -0.475998887    2.094395102   32.819169413   53.898810934   13.065884446
   -0.285599332    2.094395102   42.451049594   45.926817058   13.719303243
   -0.095199777    2.094395102   49.939839853   31.876200068   14.298269292
    0.095199777    2.094395102   54.435407574   15.154926061   14.418906692
    0.285599332    2.094395102   55.809176479   -0.209295853   13.610073935
    0.475998887    2.094395102   54.704008093  -10.335491819   11.543478608
    0.666398442    2.094395102   52.403093659  -12.523686759    8.231357667
    0.856797996    2.094395102   50.494567343   -6.377472593    4.120333165
    1.047197551    2.094395102   50.374271017    5.650595167   -0.045534356
    1.237597106    2.094395102   52.751109599   18.974847133   -3.533814435
    1.427996661    2.094395102   57.375623525   28.545997566   -5.927169030
    1.618396215    2.094395102   63.144081967   30.545977362   -7.283197922
    1.808795770    2.094395102   68.442423907   23.604876475   -8.046899944
    1.999195325    2.094395102   71.637420111    8.820238302   -8.801098193
    2.189594880    2.094395102   71.486383865  -10.938202828   -9.996056695
    2.379994435    2.094395102   67.400268339  -31.841834548  -11.772932592
    2.570393989    2.094395102   59.551015543  -49.774710859  -13.930334514
    2.760793544    2.094395102   48.868121340  -61.086923259  -16.033481400
    2.951193099    2.094395102   36.868205051  -63.373781565  -17.592658944

   -3.141592654    2.443460953   19.167803376  -57.403818287  -11.780713076
   -2.951193099    2.443460953    9.700755716  -41.177018031  -10.882902782
   -2.760793544    2.443460953    3.703080352  -21.820912591   -9.179549895
   -2.570393989    2.443460953    1.252758261   -4.763939446   -6.808291388
   -2.379994435    2.443460953    1.459897426    5.561718603   -3.907468845
   -2.189594880    2.443460953    2.840556253    7.617193627   -0.561709096
   -1.999195325    2.443460953    3.966655053    3.539868157    3.177128430
   -1.808795770    2.443460953    4.113397103   -1.722322660    7.188368600
   -1.618396215    2.443460953    3.580171336   -2.836082942   11.198788568
   -1.427996661    2.443460953    3.505766052    3.313655464   14.790410913
   -1.237597106    2.443460953    5.283327339   16.193506459   17.528513973
   -1.047197551    2.443460953    9.882492276   32.179076247   19.129860612
   -0.856797996    2.443460953   17.432341194   46.305003129   19.568117056
   -0.666398442    2.443460953   27.152083303   54.393779709   19.042979480
   -0.475998887    2.443460953   37.637159323   54.146495288   17.840852321
   -0.285599332    2.443460953   47.258402873   45.490864430   16.171226496
   -0.095199777    2.443460953   54.558577382   30.222727928   14.044671943
    0.095199777    2.443460953   58.568590441   11.596712036   11.288060769
    0.285599332    2.443460953   59.043737030   -6.127361104    7.667424768
    0.475998887    2.443460953   56.594439082  -18.444379758    3.133935767
    0.666398442    2.443460953   52.614203454  -21.812516076   -1.988167503
    0.856797996    2.443460953   48.950833533  -15.210130764   -6.978991947
    1.047197551    2.443460953   47.326428231   -1.069036968  -10.963917321
    1.237597106    2.443460953   48.710443480   15.350038396  -13.290991179
    1.427996661    2.443460953   52.939402582   27.913220619  -13.815986725
    1.618396215    2.443460953   58.792305169   31.840587466  -12.957590056
    1.808795770    2.443460953   64.401684968   25.336174679  -11.473590423
    1.999195325    2.443460953   67.859321410    9.679142699  -10.137465280
    2.189594880    2.443460953   67.726727016  -11.656326269   -9.466616358
    2.379994435    2.443460953   63.348705582  -34.124181656   -9.603326763
    2.570393989    2.443460953   54.958578806  -53.036665699  -10.337326496
    2.760793544    2.443460953   43.630259732  -64.445324627  -11.242643076
    2.951193099    2.443460953   31.052388386  -65.948304644  -11.846138411

   -3.141592654    2.792526803   16.658157722  -56.621559156    0.308985392
   -2.951193099    2.792526803    7.433086179  -39.431474121    1.949511748
   -2.760793544    2.792526803    1.859281570  -19.142434357    3.828647930
   -2.570393989    2.792526803    0.000000000   -1.252671102    5.862854085
   -2.379994435    2.792526803    0.950966970    9.860153550    8.048501241
   -2.189594880    2.792526803    3.228172156   12.743632968   10.504612205
   -1.999195325    2.792526803    5.411584504    9.506121325   13.402161046
   -1.808795770    2.792526803    6.760416511    4.875053133   16.786113475
   -1.618396215    2.792526803    7.503150612    3.848655719   20.416826644
   -1.427996661    2.792526803    8.647571193    9.288094134   23.756612557
   -1.237597106    2.792526803   11.429975273   20.657494639   26.145307749
   -1.047197551    2.792526803   16.690480193   34.608340212   27.063322694
   -0.856797996    2.792526803   24.496290199   46.573582160   26.325262946
   -0.666398442    2.792526803   34.074235971   52.675192022   24.100007040
   -0.475998887    2.792526803   44.063375480   50.689642205   20.764775047
   -0.285599332    2.792526803   52.871667031   40.406317879   16.701933904
   -0.095199777    2.792526803   59.042902337   23.429108892   12.136739005
    0.095199777    2.792526803   61.586067881    2.977516942    7.122804290
    0.285599332    2.792526803   60.258300724  -16.367787117    1.656384919
    0.475998887    2.792526803   55.765872665  -29.467713487   -4.098551834
    0.666398442    2.792526803   49.727020043  -32.114870312   -9.662515892
    0.856797996    2.792526803   44.309455626  -23.042439624  -14.276542198
    1.047197551    2.792526803   41.538095531   -5.129308639  -17.178188734
    1.237597106    2.792526803   42.538573197   15.342071884  -17.954839131
    1.427996661    2.792526803   47.090580594   31.100551187  -16.746711725
    1.618396215    2.792526803   53.731789636   36.657557404  -14.189624757
    1.808795770    2.792526803   60.281349368   30.161714914  -11.112671875
    1.999195325    2.792526803   64.561627823   13.368487575   -8.226708406
    2.189594880    2.792526803   64.981503564   -9.558301154   -5.926828559
    2.379994435    2.792526803   60.859765404  -33.457118822   -4.276911921
    2.570393989    2.792526803   52.501472267  -53.257141937   -3.097612527
    2.760793544    2.792526803   41.100907909  -64.870722532   -2.106051778
    2.951193099    2.792526803   28.472750745  -65.969989467   -1.029836866
