#! FIELDS phi psi file.free der_phi der_psi
#! SET min_phi -pi
#! SET max_phi pi
#! SET nbins_phi  33
#! SET periodic_phi true
#! SET min_psi -pi
#! SET max_psi pi
#! SET nbins_psi  18
#! SET periodic_psi true
   -3.141592654   -3.141592654   18.315900134  -54.471637508   15.988357585
   -2.951193099   -3.141592654    9.608403059  -36.304697218   18.417398653
   -2.760793544   -3.141592654    4.658764213  -15.870103420   20.162041539
   -2.570393989   -3.141592654    3.385523227    1.552529133   21.267155602
   -2.379994435   -3.141592654    4.820949618   12.188273878   22.001141424
   -2.189594880   -3.141592654    7.540298403   15.187815226   22.824620969
   -1.999195325   -3.141592654   10.268273727   12.909646648   24.216288786
   -1.808795770   -3.141592654   12.404513938    9.775520040   26.407150891
   -1.618396215   -3.141592654   14.216156460   10.069557240   29.175624445
   -1.427996661   -3.141592654   16.603605571   15.916485905   31.856778607
   -1.237597106   -3.141592654   20.584921746   26.387405117   33.586955331
   -1.047197551   -3.141592654   26.754204392   38.253181218   33.653751184
   -0.856797996   -3.141592654   34.994713180   47.413450446   31.746668794
   -0.666398442   -3.141592654   44.447312757   50.517226364   28.008033504
   -0.475998887   -3.141592654   53.751269173   45.684797000   22.881790677
   -0.285599332   -3.141592654   61.355712844   32.801386000   16.910158234
   -0.095199777   -3.141592654   65.850362247   13.461092775   10.559011005
    0.095199777   -3.141592654   66.297056575   -9.005101525    4.171062346
    0.285599332   -3.141592654   62.552295901  -29.610220135   -1.975989557
    0.475998887   -3.141592654   55.523252173  -42.601619048   -7.548647058
    0.666398442   -3.141592654   47.141996019  -43.247974740  -12.099712940
    0.856797996   -3.141592654   39.951121421  -30.246347568  -15.141687523
    1.047197551   -3.141592654   36.291434748   -7.127044909  -16.343757445
    1.237597106   -3.141592654   37.422437131   18.612946090  -15.719049323
    1.427996661   -3.141592654   43.006306750   38.356614800  -13.641553170
    1.618396215   -3.141592654   51.235894418   45.676555049  -10.688475457
    1.808795770   -3.141592654   59.476220959   38.527514708   -7.376644687
    1.999195325   -3.141592654   65.135868108   19.274037575   -4.006489539
    2.189594880   -3.141592654   66.383658212   -6.772774488   -0.648197939
    2.379994435   -3.141592654   62.531130664  -33.237521457    2.741379615
    2.570393989   -3.141592654   54.076020562  -54.239727875    6.198620045
    2.760793544   -3.141592654   42.497670249  -65.549396167    9.668951543
    2.951193099   -3.141592654   29.858258877  -65.329358579   13.001890409

   -3.141592654   -2.792526803   25.674280363  -49.993133077   23.816241725
   -2.951193099   -2.792526803   17.667306031  -33.467903519   26.145281169
   -2.760793544   -2.792526803   13.100555245  -14.652369047   27.462850400
   -2.570393989   -2.792526803   11.935282145    1.577536520   27.908727706
   -2.379994435   -2.792526803   13.327709669   11.882253562   27.856454821
   -2.189594880   -2.792526803   16.044032528   15.640516154   27.851028276
   -1.999195325   -2.792526803   19.003942380   14.993304219   28.410586988
   -1.808795770   -2.792526803   21.711228140   13.636337463   29.750333722
   -1.618396215   -2.792526803   24.367903708   14.870580606   31.589818923
   -1.427996661   -2.792526803   27.633338923   20.035893335   33.192886661
   -1.237597106   -2.792526803   32.186617296   28.009861538   33.649841157
   -1.047197551   -2.792526803   38.313240575   36.040237013   32.261009075
   -0.856797996   -2.792526803   45.725947217   40.961771731   28.799166693
   -0.666398442   -2.792526803   53.582913887   40.378159418   23.559887826
   -0.475998887   -2.792526803   60.698784062   33.092423974   17.180101953
   -0.285599332   -2.792526803   65.787718922   19.226168238   10.395175421
   -0.095199777   -2.792526803   67.711302834    0.237521035    3.821296092
    0.095199777   -2.792526803   65.756111732  -20.867257723   -2.127575073
    0.285599332   -2.792526803   59.940788134  -39.394439661   -7.198542360
    0.475998887   -2.792526803   51.290637994  -49.759655231  -11.195783999
    0.666398442   -2.792526803   41.831355028  -47.343793211  -13.911758074
    0.856797996   -2.792526803   34.169563533  -31.076384353  -15.162966254
    1.047197551   -2.792526803   30.648384482   -4.901019674  -14.895814277
    1.237597106   -2.792526803   32.441173845   23.213606636  -13.278964453
    1.427996661   -2.792526803   39.051290639   44.384565868  -10.669683684
    1.618396215   -2.792526803   48.494476788   52.292137497   -7.475189119
    1.808795770   -2.792526803   58.009532217   45.265678044   -3.976267251
    1.999195325   -2.792526803   64.955468417   26.061019731   -0.269334037
    2.189594880   -2.792526803   67.509087009    0.170379818    3.677793922
    2.379994435   -2.792526803   64.998293410  -26.102603572    7.887236395
    2.570393989   -2.792526803   57.907566421  -47.101830437   12.272328866
    2.760793544   -2.792526803   47.658894687  -58.811646774   16.601541547
    2.951193099   -2.792526803   36.226190797  -59.491382664   20.556068341

   -3.141592654   -2.443460953   34.076305168  -45.300767870   22.468476426
   -2.951193099   -2.443460953   26.795405431  -30.566700227   24.422610488
   -2.760793544   -2.443460953   22.612158729  -13.487482186   25.453574897
   -2.570393989   -2.443460953   21.532719899    1.416677059   25.693446517
   -2.379994435   -2.443460953   22.827467886   11.167086303   25.443118595
   -2.189594880   -2.443460953   25.429030384   15.298351608   25.116096356
   -1.999195325   -2.443460953   28.416874193   15.695405833   25.076752308
   -1.808795770   -2.443460953   31.361587696   15.350656588   25.427130324
   -1.618396215   -2.443460953   34.375068225   16.691110874   25.880391058
   -1.427996661   -2.443460953   37.878822818   20.455318936   25.832599888
   -1.237597106   -2.443460953   42.256193624   25.552936752   24.615016347
   -1.047197551   -2.443460953   47.568994667   29.908146175   21.801286485
   -0.856797996   -2.443460953   53.473710624   31.392546866   17.386640794
   -0.666398442   -2.443460953   59.265206441   28.505658799   11.794234050
   -0.475998887   -2.443460953   64.025681188   20.512447236    5.689303074
   -0.285599332   -2.443460953   66.773227378    7.448527139   -0.237399441
   -0.095199777   -2.443460953   66.617785734   -9.685463402   -5.457863657
    0.095199777   -2.443460953   62.992610483  -28.441656694   -9.681684545
    0.285599332   -2.443460953   55.966720993  -44.543365205  -12.814223380
    0.475998887   -2.443460953   46.558019590  -52.593604205  -14.863630977
    0.666398442   -2.443460953   36.767200438  -48.007519073  -15.851146276
    0.856797996   -2.443460953   29.171490904  -29.736913087  -15.794945447
    1.047197551   -2.443460953   26.074026349   -1.832423726  -14.741980123
    1.237597106   -2.443460953   28.581586414   27.588641546  -12.814987951
    1.427996661   -2.443460953   36.110866104   49.594091684  -10.210045981
    1.618396215   -2.443460953   46.596518026   57.998447464   -7.141198209
    1.808795770   -2.443460953   57.235567067   51.364805824   -3.753916906
    1.999195325   -2.443460953   65.386749755   32.640547212   -0.107567946
    2.189594880   -2.443460953   69.247723708    7.317587646    3.789882235
    2.379994435   -2.443460953   68.147167779  -18.480954500    7.894367898
    2.570393989   -2.443460953   62.526587677  -39.371626232   12.070460791
    2.760793544   -2.443460953   53.717614680  -51.532932622   16.077568252
    2.951193099   -2.443460953   43.580971024  -53.263995457   19.630011075

   -3.141592654   -2.094395102   40.673863114  -41.098309295   14.037436854
   -2.951193099   -2.094395102   34.072775328  -27.668768759   15.332802300
   -2.760793544   -2.094395102   30.308412561  -11.986430410   16.064338597
   -2.570393989   -2.094395102   29.388382727    1.632289402   16.261103216
   -2.379994435   -2.094395102   30.630062804   10.473848915   16.010542144
   -2.189594880   -2.094395102   33.054607021   14.217984135   15.454077238
   -1.999195325   -2.094395102   35.831728263   14.594162846   14.720659896
   -1.808795770   -2.094395102   38.561523507   14.132171832   13.819708908
   -1.618396215   -2.094395102   41.285342674   14.730865509   12.589145486
   -1.427996661   -2.094395102   44.273799608   16.862834404   10.756751608
   -1.237597106   -2.094395102   47.752841038   19.652776750    8.088483878
   -1.047197551   -2.094395102   51.710954713   21.639012029    4.545681994
   -0.856797996   -2.094395102   55.864847419   21.453672262    0.341136417
   -0.666398442   -2.094395102   59.698651521   18.114541366   -4.099577518
   -0.475998887   -2.094395102   62.543791259   11.004970884   -8.290140831
   -0.285599332   -2.094395102   63.648507754   -0.157290503  -11.821462966
   -0.095199777   -2.094395102   62.266787032  -14.926913868  -14.463938154
    0.095199777   -2.094395102   57.865899681  -31.394758976  -16.193206117
    0.285599332   -2.094395102   50.463574353  -45.625960072  -17.123314876
    0.475998887   -2.094395102   40.986453684  -52.295371019  -17.423024041
    0.666398442   -2.094395102   31.352118235  -46.698979001  -17.218944124
    0.856797996   -2.094395102   24.084690814  -27.605359500  -16.559554206
    1.047197551   -2.094395102   21.465895643    1.068479069  -15.415329786
    1.237597106   -2.094395102   24.596192749   31.230690467  -13.734841572
    1.427996661   -2.094395102   32.885923874   53.922800556  -11.510428116
    1.618396215   -2.094395102   44.255989237   62.943710403   -8.811453699
    1.808795770   -2.094395102   55.890187016   56.853453042   -5.762789909
    1.999195325   -2.094395102   65.134095911   38.610024423   -2.515383980
    2.189594880   -2.094395102   70.171364537   13.670547564    0.794444107
    2.379994435   -2.094395102   70.304428406  -11.921767511    4.040573366
    2.570393989   -2.094395102   65.931344484  -32.891848674    7.103793506
    2.760793544   -2.094395102   58.322148823  -45.479569451    9.858970640
    2.951193099   -2.094395102   49.270599779  -47.985442215   12.197163341

   -3.141592654   -1.745329252   43.047081662  -39.229187445    5.773812682
   -2.951193099   -1.745329252   36.755184498  -26.305560652    6.306439648
   -2.760793544   -1.745329252   33.198180155  -11.189497338    6.584563952
   -2.570393989   -1.745329252   32.366959327    1.747287949    6.584777507
   -2.379994435   -1.745329252   33.557510475    9.803217361    6.248555852
   -2.189594880   -1.745329252   35.772276287   12.668579888    5.505283438
   -1.999195325   -1.745329252   38.159633764   12.018826116    4.279936701
   -1.808795770   -1.745329252   40.283511233   10.300375853    2.490414190
   -1.618396215   -1.745329252   42.140061446    9.429921175    0.080559364
   -1.427996661   -1.745329252   43.976656006   10.098803449   -2.912794273
   -1.237597106   -1.745329252   46.056958084   11.837946267   -6.313791782
   -1.047197551   -1.745329252   48.489209154   13.591329063   -9.813310105
   -0.856797996   -1.745329252   51.170635679   14.214281295  -13.051757922
   -0.666398442   -1.745329252   53.778306361   12.604313425  -15.701940584
   -0.475998887   -1.745329252   55.784854533    7.759344623  -17.562429122
   -0.285599332   -1.745329252   56.491186160   -1.127089091  -18.585128887
   -0.095199777   -1.745329252   55.108513955  -14.073114647  -18.868516324
    0.095199777   -1.745329252   50.988487789  -29.425897794  -18.627566325
    0.285599332   -1.745329252   44.007477907  -43.281820913  -18.109866060
    0.475998887   -1.745329252   34.965719608  -50.124871420  -17.527448375
    0.666398442   -1.745329252   25.707425522  -44.922220706  -16.973077094
    0.856797996   -1.745329252   18.750235945  -26.070025680  -16.395543453
    1.047197551   -1.745329252   16.433244628    2.783553228  -15.615527293
    1.237597106   -1.745329252   19.945056134   33.582545588  -14.412728549
    1.427996661   -1.745329252   28.768613930   57.185871519  -12.647275077
    1.618396215   -1.745329252   40.847490211   67.083636865  -10.334941410
    1.808795770   -1.745329252   53.331227463   61.559453550   -7.640528191
    1.999195325   -1.745329252   63.492787908   43.464774384   -4.819419476
    2.189594880   -1.745329252   69.438854006   18.297307732   -2.117165383
    2.379994435   -1.745329252   70.411315575   -7.768154888    0.279626825
    2.570393989   -1.745329252   66.774259137  -29.333957423    2.269062142
    2.760793544   -1.745329252   59.784420575  -42.533484796    3.819992653
    2.951193099   -1.745329252   51.239447429  -45.605640620    4.966201168

   -3.141592654   -1.396263402   41.753137307  -39.850374343    3.361596965
   -2.951193099   -1.396263402   35.341827300  -26.922319030    3.227633254
   -2.760793544   -1.396263402   31.676798590  -11.711273042    2.850890769
   -2.570393989   -1.396263402   30.750498080    1.240177489    2.232343863
   -2.379994435   -1.396263402   31.827786052    9.058612872    1.280548785
   -2.189594880   -1.396263402   33.845717528   11.263575899   -0.168857994
   -1.999195325   -1.396263402   35.861480084    9.437664695   -2.297161136
   -1.808795770   -1.396263402   37.348738860    6.153551907   -5.213838711
   -1.618396215   -1.396263402   38.264583071    3.746146566   -8.850316310
   -1.427996661   -1.396263402   38.916154469    3.485061027  -12.890232035
   -1.237597106   -1.396263402   39.732309555    5.380495733  -16.808296529
   -1.047197551   -1.396263402   41.046405578    8.487256501  -20.010499421
   -0.856797996   -1.396263402   42.960602587   11.369603456  -22.034444127
   -0.666398442   -1.396263402   45.272333871   12.339383832  -22.682525786
   -0.475998887   -1.396263402   47.456207971    9.796734155  -22.070736603
   -0.285599332   -1.396263402   48.713933827    2.484313431  -20.554050921
   -0.095199777   -1.396263402   48.094845105   -9.836684738  -18.594065156
    0.095199777   -1.396263402   44.766920323  -25.486979254  -16.635114577
    0.285599332   -1.396263402   38.448044749  -40.360194618  -14.980408306
    0.475998887   -1.396263402   29.834293132  -48.562325343  -13.757280329
    0.666398442   -1.396263402   20.750326386  -44.591525943  -12.909243084
    0.856797996   -1.396263402   13.783022982  -26.386145539  -12.254689573
    1.047197551   -1.396263402   11.411985433    2.668230230  -11.552262379
    1.237597106   -1.396263402   14.985101805   34.429113819  -10.583386120
    1.427996661   -1.396263402   24.096370996   59.362460279   -9.232239281
    1.618396215   -1.396263402   36.708470110   70.430799468   -7.507097770
    1.808795770   -1.396263402   49.897096366   65.487552803   -5.523962869
    1.999195325   -1.396263402   60.804936676   47.253772098   -3.458084158
    2.189594880   -1.396263402   67.410829789   21.353269284   -1.481195335
    2.379994435   -1.396263402   68.869307140   -5.749139740    0.259994592
    2.570393989   -1.396263402   65.515186479  -28.367371233    1.656645684
    2.760793544   -1.396263402   58.624606381  -42.410364316    2.637808486
    2.951193099   -1.396263402   50.047563078  -46.011977869    3.191972592

   -3.141592654   -1.047197551   39.694832977  -42.142684258    3.654139181
   -2.951193099   -1.047197551   32.843648692  -29.198171034    2.562162972
   -2.760793544   -1.047197551   28.771614372  -13.688260821    1.135510735
   -2.570393989   -1.047197551   27.499653156   -0.447571275   -0.515008850
   -2.379994435   -1.047197551   28.257426618    7.298938448   -2.400478406
   -2.189594880   -1.047197551   29.885255865    8.812200970   -4.664104710
   -1.999195325   -1.047197551   31.318790335    5.694729736   -7.501882432
   -1.808795770   -1.047197551   31.949606114    0.916231361  -11.003288842
   -1.618396215   -1.047197551   31.758469875   -2.502009217  -14.986755478
   -1.427996661   -1.047197551   31.210921918   -2.630177162  -18.940983072
   -1.237597106   -1.047197551   30.990213354    0.845107095  -22.148699046
   -1.047197551   -1.047197551   31.689928428    6.714693310  -23.942991843
   -0.856797996   -1.047197551   33.574737037   12.839076107  -23.974798823
   -0.666398442   -1.047197551   36.449998924   16.652895972  -22.339890203
   -0.475998887   -1.047197551   39.644216874   15.870605479  -19.528885812
   -0.285599332   -1.047197551   42.116504828    8.934044700  -16.233850768
   -0.095199777   -1.047197551   42.658260764   -4.288581657  -13.103268239
    0.095199777   -1.047197551   40.230645371  -21.673439951  -10.560068082
    0.285599332   -1.047197551   34.447583373  -38.539921811   -8.694171333
    0.475998887   -1.047197551   26.011094746  -48.423847283   -7.334537772
    0.666398442   -1.047197551   16.848744067  -45.416894689   -6.192539099
    0.856797996   -1.047197551    9.704766249  -27.281803862   -5.046212243
    1.047197551   -1.047197551    7.223397679    2.502273993   -3.830038252
    1.237597106   -1.047197551   10.876098929   35.451184763   -2.609309422
    1.427996661   -1.047197551   20.301443662   61.591465988   -1.492960540
    1.618396215   -1.047197551   33.425690005   73.484462457   -0.522256570
    1.808795770   -1.047197551   47.227095254   68.756211138    0.350964957
    1.999195325   -1.047197551   58.729512819   50.137208272    1.220304742
    2.189594880   -1.047197551   65.810983249   23.404899232    2.144893404
    2.379994435   -1.047197551   67.560661963   -4.765273953    3.081324342
    2.570393989   -1.047197551   64.286638218  -28.507184622    3.877347920
    2.760793544   -1.047197551   57.269757929  -43.563667603    4.326650404
    2.951193099   -1.047197551   48.396043206  -47.923324799    4.269171596

   -3.141592654   -0.698131701   39.509673164  -45.316651590    3.234611835
   -2.951193099   -0.698131701   32.004378290  -32.816035433    1.044449638
   -2.760793544   -0.698131701   27.233656405  -17.354045934   -1.520638034
   -2.570393989   -0.698131701   25.272590322   -4.028890326   -4.201172276
   -2.379994435   -0.698131701   25.341540928    3.578402126   -6.883543461
   -2.189594880   -0.698131701   26.211598355    4.491532003   -9.655619512
   -1.999195325   -0.698131701   26.733819435    0.413673074  -12.709553738
   -1.808795770   -0.698131701   26.273164567   -5.187258582  -16.111730596
   -1.618396215   -0.698131701   24.903078368   -8.583828849  -19.592846595
   -1.427996661   -0.698131701   23.305711884   -7.324218006  -22.519488408
   -1.237597106   -0.698131701   22.434087782   -1.098988659  -24.114911967
   -1.047197551   -0.698131701   23.091416320    8.263589483  -23.814843426
   -0.856797996   -0.698131701   25.593747672   17.649013315  -21.555148566
   -0.666398442   -0.698131701   29.610593148   23.582538957  -17.827415970
   -0.475998887   -0.698131701   34.198304514   23.292051813  -13.481713012
   -0.285599332   -0.698131701   38.004509993   15.303557323   -9.401669423
   -0.095199777   -0.698131701   39.576443557    0.055277406   -6.179362816
    0.095199777   -0.698131701   37.766819196  -19.478078331   -3.952386289
    0.285599332   -0.698131701   32.243055866  -37.858655615   -2.409300528
    0.475998887   -0.698131701   23.874176750  -48.212548093   -1.029749175
    0.666398442   -0.698131701   14.785961587  -44.732830238    0.614232748
    0.856797996   -0.698131701    7.859694266  -25.677843511    2.610271153
    1.047197551   -0.698131701    5.765806911    4.887662217    4.676369714
    1.237597106   -0.698131701    9.908549997   38.097220824    6.362087989
    1.427996661   -0.698131701   19.820680997   63.980376510    7.313280320
    1.618396215   -0.698131701   33.353090442   75.361858445    7.482177042
    1.808795770   -0.698131701   47.464610058   70.158890483    7.113439205
    1.999195325   -0.698131701   59.202290788   51.231299338    6.590292796
    2.189594880   -0.698131701   66.469499922   24.259199644    6.217447897
    2.379994435   -0.698131701   68.348926480   -4.297929206    6.077726887
    2.570393989   -0.698131701   65.102738183  -28.740543941    6.004672541
    2.760793544   -0.698131701   57.949760462  -44.792855031    5.681654757
    2.951193099   -0.698131701   48.738481404  -50.233849155    4.807646949

   -3.141592654   -0.349065850   40.161576516  -49.687905169    2.714147618
   -2.951193099   -0.349065850   31.732288324  -38.051485118   -0.154493367
   -2.760793544   -0.349065850   25.925941551  -22.896366309   -3.307307973
   -2.570393989   -0.349065850   22.914661167   -9.476488719   -6.426310322
   -2.379994435   -0.349065850   21.961488971   -1.733477393   -9.345547828
   -2.189594880   -0.349065850   21.814470315   -0.927020851  -12.114949977
   -1.999195325   -0.349065850   21.279847582   -5.259600169  -14.883127503
   -1.808795770   -0.349065850   19.738864058  -10.739649674  -17.644013141
   -1.618396215   -0.349065850   17.400960399  -12.975103502  -20.046324696
   -1.427996661   -0.349065850   15.186634440   -9.184761264  -21.436535029
   -1.237597106   -0.349065850   14.289680244    0.608917670  -21.157562018
   -1.047197551   -0.349065850   15.628822572   13.643197671  -18.926886545
   -0.856797996   -0.349065850   19.432800686   25.687516474  -15.052042433
   -0.666398442   -0.349065850   25.094994678   32.494855952  -10.351287973
   -0.475998887   -0.349065850   31.309761452   31.175093650   -5.813396516
   -0.285599332   -0.349065850   36.406320895   20.825749263   -2.210756693
   -0.095199777   -0.349065850   38.771032296    2.887077544    0.199781760
    0.095199777   -0.349065850   37.296481549  -18.594278944    1.727287798
    0.285599332   -0.349065850   31.865341258  -37.512277153    3.073314424
    0.475998887   -0.349065850   23.627611277  -46.985647222    4.943490522
    0.666398442   -0.349065850   14.924273384  -41.888047809    7.661127148
    0.856797996   -0.349065850    8.682421448  -21.485134693   10.956039665
    1.047197551   -0.349065850    7.435524697    9.360052309   14.077245650
    1.237597106   -0.349065850   12.355788591   41.589065437   16.191516145
    1.427996661   -0.349065850   22.771835245   65.713813141   16.792014428
    1.618396215   -0.349065850   36.461661332   75.345700838   15.933668487
    1.808795770   -0.349065850   50.451464958   69.038515841   14.129507977
    1.999195325   -0.349065850   61.936794595   49.829070948   12.063378277
    2.189594880   -0.349065850   68.955671161   23.107193068   10.260174659
    2.379994435   -0.349065850   70.644128069   -5.193698432    8.904519874
    2.570393989   -0.349065850   67.218685615  -29.826177658    7.826517516
    2.760793544   -0.349065850   59.791593476  -46.680837882    6.652114985
    2.951193099   -0.349065850   50.107738331  -53.356216479    5.011125126

   -3.141592654    0.000000000   41.179909991  -54.503363972    1.945796972
   -2.951193099    0.000000000   31.756806267  -43.565318378   -0.729271386
   -2.760793544    0.000000000   24.878822598  -28.527337969   -3.527247981
   -2.570393989    0.000000000   20.824079389  -14.746713138   -6.217722198
   -2.379994435    0.000000000   18.915247362   -6.504051301   -8.686877990
   -2.189594880    0.000000000   17.897560840   -5.328439030  -10.970953104
   -1.999195325    0.000000000   16.553976170   -9.327317104  -13.132081875
   -1.808795770    0.000000000   14.300232171  -14.032088145  -15.045590695
   -1.618396215    0.000000000   11.482398818  -14.530863040  -16.296895913
   -1.427996661    0.000000000    9.223065509   -7.948702984  -16.313483621
   -1.237597106    0.000000000    8.872330655    5.113993986  -14.687397267
   -1.047197551    0.000000000   11.344746869   20.858096306  -11.480108987
   -0.856797996    0.000000000   16.664609887   34.080309373   -7.288841291
   -0.666398442    0.000000000   23.885302792   40.163782008   -3.027431833
   -0.475998887    0.000000000   31.365433324   36.607521904    0.480178450
   -0.285599332    0.000000000   37.233754724   23.508628672    2.833692315
   -0.095199777    0.000000000   39.892182499    3.480659214    4.221152909
    0.095199777    0.000000000   38.451427478  -18.531956301    5.308197492
    0.285599332    0.000000000   33.124230281  -36.215671462    6.927561371
    0.475998887    0.000000000   25.351333093  -43.299097537    9.658407144
    0.666398442    0.000000000   17.583975738  -35.879979433   13.495421338
    0.856797996    0.000000000   12.611729439  -14.483365075   17.775255832
    1.047197551    0.000000000   12.637518138   15.381447751   21.433548410
    1.237597106    0.000000000   18.471148505   44.946133167   23.496886297
    1.427996661    0.000000000   29.211898021   65.773337079   23.501533702
    1.618396215    0.000000000   42.635461424   72.669514857   21.659613893
    1.808795770    0.000000000   55.956608648   64.941092932   18.670955679
    1.999195325    0.000000000   66.636062058   45.657600575   15.373071410
    2.189594880    0.000000000   72.923188512   19.673153048   12.394320131
    2.379994435    0.000000000   74.038589271   -7.826915462    9.991115635
    2.570393989    0.000000000   70.150246411  -32.170692332    8.052933198
    2.760793544    0.000000000   62.246089526  -49.462441784    6.263415012
    2.951193099    0.000000000   51.945602306  -57.111118306    4.289823432

   -3.141592654    0.349065850   42.919489951  -58.182034749    1.845823504
   -2.951193099    0.349065850   32.738802187  -47.769391435    0.195234654
   -2.760793544    0.349065850   25.037150245  -32.895406113   -1.417451711
   -2.570393989    0.349065850   20.162402712  -18.944998278   -2.954477065
   -2.379994435    0.349065850   17.481748239  -10.399340516   -4.436103369
   -2.189594880    0.349065850   15.751865658   -8.903493700   -5.923747383
   -1.999195325    0.349065850   13.769190158  -12.402410439   -7.408943646
   -1.808795770    0.349065850   11.017952803  -16.055252927   -8.683512677
   -1.618396215    0.349065850    7.977863184  -14.704465567   -9.342035929
   -1.427996661    0.349065850    5.912965050   -5.676247219   -8.964121843
   -1.237597106    0.349065850    6.226828708    9.732169549   -7.380964383
   -1.047197551    0.349065850    9.732099774   26.870641457   -4.838512291
   -0.856797996    0.349065850   16.212991880   39.998208632   -1.923930580
   -0.666398442    0.349065850   24.439362042   44.628890568    0.703893600
   -0.475998887    0.349065850   32.573672920   38.983938371    2.649322736
   -0.285599332    0.349065850   38.719496927   24.191942216    3.954464697
   -0.095199777    0.349065850   41.443702465    3.750504849    5.093577785
    0.095199777    0.349065850   40.146648981  -17.022668644    6.762048704
    0.285599332    0.349065850   35.334464829  -32.165926341    9.550048178
    0.475998887    0.349065850   28.607797773  -36.424462922   13.623814658
    0.666398442    0.349065850   22.348034244  -27.200748961   18.542083537
    0.856797996    0.349065850   19.045869749   -6.019090217   23.335317072
    1.047197551    0.349065850   20.485454882   21.432882905   26.849394388
    1.237597106    0.349065850   27.117075017   47.135601586   28.223472223
    1.427996661    0.349065850   37.883298040   63.949019274   27.226877230
    1.618396215    0.349065850   50.652926050   67.875341677   24.303407947
    1.808795770    0.349065850   62.908337633   58.829932758   20.305253601
    1.999195325    0.349065850   72.423820402   39.754675887   16.126724892
    2.189594880    0.349065850   77.684526721   14.886876578   12.400263457
    2.379994435    0.349065850   78.011963229  -11.354011786    9.395296818
    2.570393989    0.349065850   73.540680059  -34.871014458    7.059569288
    2.760793544    0.349065850   65.146429525  -52.024308687    5.174050503
    2.951193099    0.349065850   54.322641950  -60.115094578    3.491189239

   -3.141592654    0.698131701   44.540635007  -59.921524218    0.518937531
   -2.951193099    0.698131701   34.018764859  -49.596429182    0.258012459
   -2.760793544    0.698131701   25.955081842  -34.860480264    0.140994785
   -2.570393989    0.698131701   20.690541309  -21.071707378    0.010593293
   -2.379994435    0.698131701   17.586401666  -12.712307366   -0.274746541
   -2.189594880    0.698131701   15.402488118  -11.325511309   -0.801648881
   -1.999195325    0.698131701   12.970683816  -14.617988152   -1.538048406
   -1.808795770    0.698131701    9.860441460  -17.502042798   -2.292258458
   -1.618396215    0.698131701    6.664612390  -14.813551832   -2.773125373
   -1.427996661    0.698131701    4.728038747   -4.228560447   -2.743230403
   -1.237597106    0.698131701    5.441198707   12.364317219   -2.164084372
   -1.047197551    0.698131701    9.495389991   29.840037299   -1.225517824
   -0.856797996    0.698131701   16.499035119   42.384948833   -0.211460764
   -0.666398442    0.698131701   25.081976804   45.967589515    0.693943151
   -0.475998887    0.698131701   33.385829137   39.528471601    1.570284945
   -0.285599332    0.698131701   39.630212486   24.875550657    2.754998948
   -0.095199777    0.698131701   42.597056302    5.829579530    4.715938190
    0.095199777    0.698131701   41.917042528  -12.484989704    7.841013550
    0.285599332    0.698131701   38.239615276  -24.801763518   12.206035160
    0.475998887    0.698131701   33.140536728  -26.898609005   17.437559791
    0.666398442    0.698131701   28.774872215  -17.181795043   22.713736747
    0.856797996    0.698131701   27.254421724    2.298577956   26.975052523
    1.047197551    0.698131701   29.956195164   26.115772321   29.276490393
    1.237597106    0.698131701   37.049503804   47.262368811   29.140102680
    1.427996661    0.698131701   47.426326113   59.908010814   26.720693859
    1.618396215    0.698131701   59.137136581   61.085074648   22.694685003
    1.808795770    0.698131701   69.981799935   51.093697045   17.954481504
    1.999195325    0.698131701   78.059230960   32.583854430   13.301599691
    2.189594880    0.698131701   82.081710500    9.134604742    9.255932906
    2.379994435    0.698131701   81.466509460  -15.527764383    6.047559172
    2.570393989    0.698131701   76.329044337  -37.765843299    3.687184102
    2.760793544    0.698131701   67.465976843  -54.135742042    2.078333601
    2.951193099    0.698131701   56.277062481  -61.893933834    1.074135926

   -3.141592654    1.047197551   43.306296140  -60.106219046   -4.124888559
   -2.951193099    1.047197551   32.824243239  -49.032026749   -3.304926929
   -2.760793544    1.047197551   24.907411453  -33.939037734   -2.229048091
   -2.570393989    1.047197551   19.823468220  -20.144253245   -1.186826975
   -2.379994435    1.047197551   16.873391216  -12.047321649   -0.382003309
   -2.189594880    1.047197551   14.779520549  -11.046125119    0.086674825
   -1.999195325    1.047197551   12.367284751  -14.666095200    0.220726781
   -1.808795770    1.047197551    9.231847915  -17.679368663    0.099608011
   -1.618396215    1.047197551    6.005969317  -14.930552494   -0.167419980
   -1.427996661    1.047197551    4.057908783   -4.248947310   -0.494442943
   -1.237597106    1.047197551    4.766667892   12.291500481   -0.829993449
   -1.047197551    1.047197551    8.788443315   29.549024267   -1.118206309
   -0.856797996    1.047197551   15.717596356   41.928754033   -1.219365166
   -0.666398442    1.047197551   24.232167608   45.822083802   -0.882727409
   -0.475998887    1.047197551   32.602573010   40.529905434    0.225846730
   -0.285599332    1.047197551   39.223176044   27.965192825    2.412350513
   -0.095199777    1.047197551   43.032860753   11.661702022    5.825186276
    0.095199777    1.047197551   43.729169934   -3.931351272   10.354230369
    0.285599332    1.047197551   41.876119032  -14.410505719   15.555625379
    0.475998887    1.047197551   38.802431307  -16.347054150   20.690049816
    0.666398442    1.047197551   36.298558940   -8.521924348   24.854676987
    0.856797996    1.047197551   36.100131336    7.288077837   27.235149440
    1.047197551    1.047197551   39.322049727   26.537251994   27.369277492
    1.237597106    1.047197551   46.073692770   43.392591961   25.297419213
    1.427996661    1.047197551   55.396240102   52.961056073   21.531345523
    1.618396215    1.047197551   65.617131563   52.639291744   16.824722321
    1.808795770    1.047197551   74.824940813   42.532267707   11.901110687
    1.999195325    1.047197551   81.335912256   24.784993066    7.284145796
    2.189594880    1.047197551   83.981875379    2.513400527    3.269503441
    2.379994435    1.047197551   82.230358135  -20.831672490    0.015165662
    2.570393989    1.047197551   76.212453900  -41.699756665   -2.380548460
    2.760793544    1.047197551   66.731087745  -56.696276128   -3.845630133
    2.951193099    1.047197551   55.178618944  -63.159943288   -4.386427500

   -3.141592654    1.396263402   38.983248848  -58.989323028  -10.913290343
   -2.951193099    1.396263402   28.865800281  -46.407028907   -9.775309035
   -2.760793544    1.396263402   21.538114525  -30.498352627   -8.160115464
   -2.570393989    1.396263402   17.131124345  -16.579267644   -6.361079524
   -2.379994435    1.396263402   14.825556793   -8.915440243   -4.562711226
   -2.189594880    1.396263402   13.256088934   -8.713719809   -2.861414213
   -1.999195325    1.396263402   11.195055277  -13.332631355   -1.330616604
   -1.808795770    1.396263402    8.211910815  -17.418919802   -0.072317408
   -1.618396215    1.396263402    4.934642224  -15.723424728    0.784948830
   -1.427996661    1.396263402    2.747293211   -5.938309115    1.147314827
   -1.237597106    1.396263402    3.078437291   10.082837608    1.055711930
   -1.047197551    1.396263402    6.682845359   27.499674681    0.744547836
   -0.856797996    1.396263402   13.308878081   40.954658790    0.633293177
   -0.666398442    1.396263402   21.818654332   46.894486997    1.203648135
   -0.475998887    1.396263402   30.648704024   44.366289808    2.852035909
   -0.285599332    1.396263402   38.282977458   34.742858463    5.755202233
   -0.095199777    1.396263402   43.626888652   20.854676002    9.792164910
    0.095199777    1.396263402   46.209241745    6.429533790   14.545102995
    0.285599332    1.396263402   46.303542269   -4.629367728   19.320675930
    0.475998887    1.396263402   44.888469400   -9.000318118   23.278991034
    0.666398442    1.396263402   43.432994594   -5.029972510   25.619311529
    0.856797996    1.396263402   43.482368981    6.411746072   25.831352852
    1.047197551    1.396263402   46.157502023   21.843242506   23.870933902
    1.237597106    1.396263402   51.756586868   36.243354191   20.160168150
    1.427996661    1.396263402   59.609147955   44.904393035   15.419084231
    1.618396215    1.396263402   68.305124152   44.804008360   10.372509679
    1.808795770    1.396263402   76.084025817   35.373634133    5.523289814
    1.999195325    1.396263402   81.294648461   18.248571950    1.103893437
    2.189594880    1.396263402   82.742297885   -3.545809641   -2.821610128
    2.379994435    1.396263402   79.887961612  -26.305153653   -6.188239625
    2.570393989    1.396263402   72.916511206  -46.138879872   -8.843658891
    2.760793544    1.396263402   62.733667197  -59.527158569  -10.578436187
    2.951193099    1.396263402   50.826723890  -63.999359302  -11.256312295

   -3.141592654    1.745329252   32.436059256  -57.880683819  -16.978760796
   -2.951193099    1.745329252   22.708603708  -43.505719704  -16.038021443
   -2.760793544    1.745329252   16.053801724  -26.449074852  -14.355855479
   -2.570393989    1.745329252   12.475715114  -12.021954609  -12.171842882
   -2.379994435    1.745329252   11.043058374   -4.380797479   -9.639966017
   -2.189594880    1.745329252   10.300237823   -4.633752938   -6.856375264
   -1.999195325    1.745329252    8.941754628  -10.100967320   -3.941168448
   -1.808795770    1.745329252    6.464756314  -15.389659874   -1.107026831
   -1.618396215    1.745329252    3.442788215  -15.088666309    1.359680419
   -1.427996661    1.745329252    1.254571163   -6.526025353    3.204174080
   -1.237597106    1.745329252    1.407715283    8.930520014    4.353014894
   -1.047197551    1.745329252    4.823197429   26.855423399    4.993692486
   -0.856797996    1.745329252   11.467932813   41.965445679    5.543294068
   -0.666398442    1.745329252   20.397710923   50.381586133    6.479891128
   -0.475998887    1.745329252   30.147492714   50.505270582    8.150652654
   -0.285599332    1.745329252   39.165326714   42.978459389   10.631377153
   -0.095199777    1.745329252   46.188406603   30.026620036   13.664064296
    0.095199777    1.745329252   50.484781742   14.986921390   16.710772209
    0.285599332    1.745329252   52.021312849    1.710296520   19.050668211
    0.475998887    1.745329252   51.496531148   -6.157745989   19.993085237
    0.666398442    1.745329252   50.197761389   -6.241242930   19.105619308
    0.856797996    1.745329252   49.652106931    1.524574093   16.414893662
    1.047197551    1.745329252   51.135808990   14.456559738   12.421349394
    1.237597106    1.745329252   55.212675165   27.885443337    7.897311007
    1.427996661    1.745329252   61.486100053   36.830782993    3.580492995
    1.618396215    1.745329252   68.724175914   37.592864785   -0.116760284
    1.808795770    1.745329252   75.208884713   28.932493490   -3.195811614
    1.999195325    1.745329252   79.233535388   12.162874123   -5.930571097
    2.189594880    1.745329252   79.531704342   -9.541280509   -8.613694386
    2.379994435    1.745329252   75.553846553  -32.033282297  -11.326466135
    2.570393989    1.745329252   67.562440359  -50.990446754  -13.867716734
    2.760793544    1.745329252   56.598617322  -62.752288385  -15.857959177
    2.951193099    1.745329252   44.275018554  -65.081690342  -16.947385666

   -3.141592654    2.094395102   25.336424122  -57.657566862  -18.938489507
   -2.951193099    2.094395102   15.814093981  -41.633194430  -18.127007427
   -2.760793544    2.094395102    9.643841408  -23.308942459  -16.384807662
   -2.570393989    2.094395102    6.757483259   -7.946593679  -13.897296574
   -2.379994435    2.094395102    6.172396586    0.414907204  -10.824265047
   -2.189594880    2.094395102    6.397312901    0.695462145   -7.294606210
   -1.999195325    2.094395102    6.081402142   -4.552241306   -3.457668761
   -1.808795770    2.094395102    4.644307658  -10.110426612    0.451862179
   -1.618396215    2.094395102    2.559843507  -10.604226660    4.112739504
   -1.427996661    2.094395102    1.124595107   -3.127100967    7.200311604
   -1.237597106    2.094395102    1.831430084   11.397239084    9.526496863
   -1.047197551    2.094395102    5.673305740   28.982465129   11.130637916
   -0.856797996    2.094395102   12.751226070   44.504073660   12.265486127
   -0.666398442    2.094395102   22.250899658   53.879609978   13.251931374
   -0.475998887    2.094395102   32.767386840   55.018165155   14.305864541
   -0.285599332    2.094395102   42.704206059   47.972799923   15.418078271
   -0.095199777    2.094395102   50.646593927   34.490034966   16.316218760
    0.095199777    2.094395102   55.642690694   17.659531050   16.547475522
    0.285599332    2.094395102   57.426236498    1.480428102   15.609419337
    0.475998887    2.094395102   56.532701227   -9.829561357   13.180729112
    0.666398442    2.094395102   54.227773489  -12.993120517    9.314247634
    0.856797996    2.094395102   52.194977162   -7.066903516    4.527519543
    1.047197551    2.094395102   52.001506733    5.719736186   -0.341017528
    1.237597106    2.094395102   54.525345224   20.508341791   -4.459405101
    1.427996661    2.094395102   59.588963633   31.540609291   -7.333219800
    1.618396215    2.094395102   66.006207730   34.152158705   -8.991861173
    1.808795770    2.094395102   71.941616524   26.428045841   -9.905684301
    1.999195325    2.094395102   75.493136812    9.550065469  -10.711931503
    2.189594880    2.094395102   75.227866018  -12.892141531  -11.904355194
    2.379994435    2.094395102   70.539727905  -36.066024304  -13.627985808
    2.570393989    2.094395102   61.763547724  -55.047264697  -15.650569885
    2.760793544    2.094395102   50.095799849  -65.935986716  -17.504722180
    2.951193099    2.094395102   37.307259223  -66.686212169  -18.706902266

   -3.141592654    2.443460953   18.865032106  -58.137916151  -12.559369825
   -2.951193099    2.443460953    9.404664637  -40.503123189  -11.356706440
   -2.760793544    2.443460953    3.606980604  -20.549941561   -9.471909544
   -2.570393989    2.443460953    1.395944162   -3.637046098   -7.065084923
   -2.379994435    2.443460953    1.768989439    6.136136778   -4.253577210
   -2.189594880    2.443460953    3.200036131    7.585605114   -1.068721868
   -1.999195325    2.443460953    4.275816556    3.081508485    2.501089504
   -1.808795770    2.443460953    4.314587492   -2.362722281    6.395454125
   -1.618396215    2.443460953    3.659528427   -3.458134537   10.391685195
   -1.427996661    2.443460953    3.480773036    2.847385274   14.111870196
   -1.237597106    2.443460953    5.193813664   15.979387398   17.147624399
   -1.047197551    2.443460953    9.786896391   32.340275662   19.217540819
   -0.856797996    2.443460953   17.416842617   47.003400003   20.258112032
   -0.666398442    2.443460953   27.335621319   55.801203202   20.383281434
   -0.475998887    2.443460953   38.163772826   56.327156782   19.756095226
   -0.285599332    2.443460953   48.261944101   48.249335864   18.458921909
   -0.095199777    2.443460953   56.104768371   33.040920694   16.416019203
    0.095199777    2.443460953   60.600922009   13.746486435   13.437598761
    0.285599332    2.443460953   61.368752739   -5.296106932    9.345212017
    0.475998887    2.443460953   58.929611047  -19.170983417    4.188863377
    0.666398442    2.443460953   54.688061801  -23.723372915   -1.604065700
    0.856797996    2.443460953   50.619922995  -17.375803415   -7.234767686
    1.047197551    2.443460953   48.651423994   -2.344410676  -11.781028357
    1.237597106    2.443460953   49.950460678   15.809892563  -14.567808684
    1.427996661    2.443460953   54.447007786   30.187171267  -15.441471182
    1.618396215    2.443460953   60.845952611   35.082647485  -14.821873776
    1.808795770    2.443460953   67.051899087   28.084504800  -13.478043093
    1.999195325    2.443460953   70.871573226   10.529085728  -12.199765077
    2.189594880    2.443460953   70.660296796  -13.361666821  -11.514548189
    2.379994435    2.443460953   65.738422824  -37.982520917  -11.560506611
    2.570393989    2.443460953   56.503787548  -57.804936862  -12.112886958
    2.760793544    2.443460953   44.300165010  -68.653311441  -12.739260647
    2.951193099    2.443460953   31.064067645  -68.549779332  -12.990842015

   -3.141592654    2.792526803   16.189528155  -57.034433557    0.453217828
   -2.951193099    2.792526803    7.015170503  -38.622658422    2.258463976
   -2.760793544    2.792526803    1.648084931  -17.933715017    4.162065266
   -2.570393989    2.792526803    0.000000000   -0.351225354    6.093020089
   -2.379994435    2.792526803    1.063816307   10.114995506    8.086810426
   -2.189594880    2.792526803    3.328468485   12.383888915   10.319495438
   -1.999195325    2.792526803    5.405854882    8.805609330   13.026048600
   -1.808795770    2.792526803    6.616727506    4.177545339   16.315207549
   -1.618396215    2.792526803    7.252074360    3.450604015   20.001672237
   -1.427996661    2.792526803    8.367744111    9.399950015   23.582756715
   -1.237597106    2.792526803   11.231763965   21.395555132   26.400623829
   -1.047197551    2.792526803   16.698354185   36.025103844   27.896636597
   -0.856797996    2.792526803   24.838567971   48.649252006   27.801205808
   -0.666398442    2.792526803   34.868095003   55.308178566   26.161349801
   -0.475998887    2.792526803   45.395542650   53.649459626   23.219755798
   -0.285599332    2.792526803   54.768251140   43.280887216   19.253436144
   -0.095199777    2.792526803   61.435480640   25.648584513   14.454643143
    0.095199777    2.792526803   64.292562903    3.954910335    8.933953158
    0.285599332    2.792526803   63.001151431  -17.004559864    2.817978746
    0.475998887    2.792526803   58.235896474  -31.652435286   -3.579710279
    0.666398442    2.792526803   51.678002519  -35.248797627   -9.669967177
    0.856797996    2.792526803   45.653538596  -26.104841854  -14.659995379
    1.047197551    2.792526803   42.397199837   -6.999598567  -17.821884323
    1.237597106    2.792526803   43.222107961   15.431330263  -18.807278794
    1.427996661    2.792526803   47.986720975   33.159281111  -17.801673157
    1.618396215    2.792526803   55.144872519   39.808520619  -15.441428146
    1.808795770    2.792526803   62.285080519   32.942723851  -12.516808725
    1.999195325    2.792526803   66.945819153   14.383696125   -9.687273403
    2.189594880    2.792526803   67.330951284  -10.966855801   -7.312659887
    2.379994435    2.792526803   62.733147470  -36.904255861   -5.454388596
    2.570393989    2.792526803   53.616785880  -57.536134853   -3.961892509
    2.760793544    2.792526803   41.437198235  -68.570211417   -2.603281960
    2.951193099    2.792526803   28.243750875  -68.118357484   -1.170047485
