#! FIELDS phi psi file.free der_phi der_psi
#! SET min_phi -pi
#! SET max_phi pi
#! SET nbins_phi  33
#! SET periodic_phi true
#! SET min_psi -pi
#! SET max_psi pi
#! SET nbins_psi  18
#! SET periodic_psi true
   -3.141592654   -3.141592654   17.695663335  -53.495174684   16.705632405
   -2.951193099   -3.141592654    9.202869146  -35.091529629   19.091212208
   -2.760793544   -3.141592654    4.478628969  -14.785726937   20.699316002
   -2.570393989   -3.141592654    3.375589777    2.207562481   21.645606294
   -2.379994435   -3.141592654    4.884487626   12.297944128   22.264371518
   -2.189594880   -3.141592654    7.579634616   14.854127223   23.057180285
   -1.999195325   -3.141592654   10.223315568   12.398962081   24.514580039
   -1.808795770   -3.141592654   12.272252103    9.409041824   26.858727062
   -1.618396215   -3.141592654   14.047959629   10.078645630   29.845712029
   -1.427996661   -3.141592654   16.480180716   16.366817814   32.782931921
   -1.237597106   -3.141592654   20.584863054   27.203263134   34.773626092
   -1.047197551   -3.141592654   26.934299931   39.298686232   35.067582727
   -0.856797996   -3.141592654   35.387174706   48.576902245   33.312727064
   -0.666398442   -3.141592654   45.066317199   51.714009432   29.608558089
   -0.475998887   -3.141592654   54.592960325   46.793320504   24.364214479
   -0.285599332   -3.141592654   62.384562358   33.608615853   18.112296892
   -0.095199777   -3.141592654   66.982536832   13.686070047   11.351753559
    0.095199777   -3.141592654   67.398030831   -9.589603389    4.506595145
    0.285599332   -3.141592654   63.460447186  -31.042335280   -2.033387642
    0.475998887   -3.141592654   56.093878704  -44.669175102   -7.833479816
    0.666398442   -3.141592654   47.291303729  -45.535077437  -12.401509958
    0.856797996   -3.141592654   39.683082158  -32.270888167  -15.285443008
    1.047197551   -3.141592654   35.696315374   -8.492326343  -16.257649786
    1.237597106   -3.141592654   36.647411615   18.090958540  -15.454899866
    1.427996661   -3.141592654   42.207197528   38.580337230  -13.338255752
    1.618396215   -3.141592654   50.525100983   46.301640393  -10.496613193
    1.808795770   -3.141592654   58.887627956   39.106537127   -7.381093218
    1.999195325   -3.141592654   64.624338212   19.459430690   -4.183863953
    2.189594880   -3.141592654   65.860660041   -7.073219899   -0.877587954
    2.379994435   -3.141592654   61.918206948  -33.833775121    2.622505221
    2.570393989   -3.141592654   53.349720380  -54.772338223    6.319589205
    2.760793544   -3.141592654   41.705180227  -65.673467733   10.071024148
    2.951193099   -3.141592654   29.097670024  -64.868829786   13.625294164

   -3.141592654   -2.792526803   25.192370641  -49.165632685   24.848185474
   -2.951193099   -2.792526803   17.356936119  -32.540396289   26.972616545
   -2.760793544   -2.792526803   12.957717779  -13.868155858   28.035065796
   -2.570393989   -2.792526803   11.913368665    2.031478802   28.265303462
   -2.379994435   -2.792526803   13.356131749   11.956942377   28.101984375
   -2.189594880   -2.792526803   16.059227367   15.455726014   28.115046926
   -1.999195325   -2.792526803   18.979774565   14.801548475   28.811499051
   -1.808795770   -2.792526803   21.674312891   13.726342769   30.374494030
   -1.618396215   -2.792526803   24.391624909   15.428810444   32.478783052
   -1.427996661   -2.792526803   27.809986672   21.060737224   34.340381000
   -1.237597106   -2.792526803   32.591265434   29.333692937   35.000286181
   -1.047197551   -2.792526803   38.979878755   37.419575813   33.714236819
   -0.856797996   -2.792526803   46.643497597   42.181023064   30.222281195
   -0.666398442   -2.792526803   54.705243750   41.282712791   24.805104120
   -0.475998887   -2.792526803   61.954014841   33.555929684   18.108762202
   -0.285599332   -2.792526803   67.079594047   19.119545657   10.907445424
   -0.095199777   -2.792526803   68.920275575   -0.544449780    3.887272606
    0.095199777   -2.792526803   66.751433207  -22.321048110   -2.445911272
    0.285599332   -2.792526803   60.608431330  -41.344373986   -7.747938375
    0.475998887   -2.792526803   51.565827997  -51.879700452  -11.767310722
    0.666398442   -2.792526803   41.717659059  -49.257879871  -14.303498269
    0.856797996   -2.792526803   33.736380228  -32.485240917  -15.247907372
    1.047197551   -2.792526803   30.008447912   -5.659480511  -14.662877762
    1.237597106   -2.792526803   31.718138078   23.075319409  -12.825908111
    1.427996661   -2.792526803   38.347487725   44.678217818  -10.149196388
    1.618396215   -2.792526803   47.865960113   52.732603682   -7.019031333
    1.808795770   -2.792526803   57.456543902   45.572235249   -3.633068055
    1.999195325   -2.792526803   64.434291367   26.071275671    0.014613049
    2.189594880   -2.792526803   66.962227696   -0.094432937    4.026545426
    2.379994435   -2.792526803   64.388723252  -26.461699884    8.429159111
    2.570393989   -2.792526803   57.240456035  -47.311889669   13.070443336
    2.760793544   -2.792526803   46.982655197  -58.685637040   17.617376843
    2.951193099   -2.792526803   35.612741166  -58.969508986   21.661528501

   -3.141592654   -2.443460953   33.826241816  -44.863507562   23.005913014
   -2.951193099   -2.443460953   26.632527657  -30.108740038   24.733417664
   -2.760793544   -2.443460953   22.532133547  -13.098055572   25.548437187
   -2.570393989   -2.443460953   21.515344194    1.668311709   25.655244398
   -2.379994435   -2.443460953   22.844385251   11.277364772   25.393028493
   -2.189594880   -2.443460953   25.460946369   15.365908528   25.173310873
   -1.999195325   -2.443460953   28.473390926   15.911679512   25.327795835
   -1.808795770   -2.443460953   31.491435568   15.921295541   25.912031016
   -1.618396215   -2.443460953   34.656724738   17.710993091   26.585280084
   -1.427996661   -2.443460953   38.391471953   21.822787472   26.691956525
   -1.237597106   -2.443460953   43.042908756   27.004317127   25.518695451
   -1.047197551   -2.443460953   48.615599067   31.130488644   22.612109340
   -0.856797996   -2.443460953   54.712069657   32.148930554   17.967959418
   -0.666398442   -2.443460953   60.594011379   28.683860326   12.039922068
   -0.475998887   -2.443460953   65.332036308   20.092635694    5.548820289
   -0.285599332   -2.443460953   67.945220408    6.458148915   -0.744526635
   -0.095199777   -2.443460953   67.552927692  -11.171008102   -6.240873134
    0.095199777   -2.443460953   63.610364501  -30.258383312  -10.592118415
    0.285599332   -2.443460953   56.228072961  -46.425885766  -13.673858889
    0.475998887   -2.443460953   46.480099818  -54.235902447  -15.507144635
    0.666398442   -2.443460953   36.420325634  -49.170665879  -16.169979609
    0.856797996   -2.443460953   28.657558260  -30.333133490  -15.768965176
    1.047197551   -2.443460953   25.496629070   -1.928391294  -14.441013165
    1.237597106   -2.443460953   28.021355750   27.829468617  -12.367356937
    1.427996661   -2.443460953   35.613272304   49.974403873   -9.749326882
    1.618396215   -2.443460953   46.170542575   58.338930839   -6.753575216
    1.808795770   -2.443460953   56.861208351   51.547766883   -3.448863735
    1.999195325   -2.443460953   65.030064149   32.642807680    0.175839273
    2.189594880   -2.443460953   68.879718906    7.210271687    4.144434127
    2.379994435   -2.443460953   67.758298987  -18.577856747    8.392378370
    2.570393989   -2.443460953   62.129651953  -39.351020055   12.719775595
    2.760793544   -2.443460953   53.341025162  -51.348613700   16.809786376
    2.951193099   -2.443460953   43.255481488  -52.926502213   20.325069933

   -3.141592654   -2.094395102   40.452553362  -41.043962699   13.918060231
   -2.951193099   -2.094395102   33.865641453  -27.571542041   15.037533272
   -2.760793544   -2.094395102   30.127601026  -11.812123871   15.644609675
   -2.570393989   -2.094395102   29.249085120    1.883016375   15.809152926
   -2.379994435   -2.094395102   30.545397528   10.792471687   15.626326867
   -2.189594880   -2.094395102   33.039973197   14.640902150   15.213678475
   -1.999195325   -2.094395102   35.916176360   15.222387971   14.656485325
   -1.808795770   -2.094395102   38.795114924   15.069841577   13.915924282
   -1.618396215   -2.094395102   41.728484559   15.974866249   12.781949170
   -1.427996661   -2.094395102   44.969856724   18.224795345   10.943529691
   -1.237597106   -2.094395102   48.695354295   20.815523074    8.143661805
   -1.047197551   -2.094395102   52.831383825   22.296549884    4.347276819
   -0.856797996   -2.094395102   57.048991350   21.448781720   -0.196074122
   -0.666398442   -2.094395102   60.820625018   17.477143235   -4.995915483
   -0.475998887   -2.094395102   63.496354563    9.884508311   -9.488303535
   -0.285599332   -2.094395102   64.356478020   -1.583578526  -13.194647123
   -0.095199777   -2.094395102   62.688120451  -16.490245254  -15.842636130
    0.095199777   -2.094395102   57.990761191  -32.918313132  -17.403880143
    0.285599332   -2.094395102   50.318180970  -46.915669496  -18.028351357
    0.475998887   -2.094395102   40.632551602  -53.183454547  -17.954465282
    0.666398442   -2.094395102   30.874602380  -47.118266347  -17.391732898
    0.856797996   -2.094395102   23.568181170  -27.621461068  -16.462305000
    1.047197551   -2.094395102   20.972877696    1.298653509  -15.176964264
    1.237597106   -2.094395102   24.157372279   31.542276636  -13.480702730
    1.427996661   -2.094395102   32.504799544   54.199120231  -11.324392711
    1.618396215   -2.094395102   43.919843453   63.129158766   -8.717515504
    1.808795770   -2.094395102   55.580870642   56.945577057   -5.731113924
    1.999195325   -2.094395102   64.836692960   38.645214508   -2.487629105
    2.189594880   -2.094395102   69.879939451   13.702318685    0.871538014
    2.379994435   -2.094395102   70.022533727  -11.857771056    4.186588192
    2.570393989   -2.094395102   65.665403140  -32.798268186    7.290331134
    2.760793544   -2.094395102   58.075087195  -45.392385484   10.017624430
    2.951193099   -2.094395102   49.038444106  -47.925037703   12.246237879

   -3.141592654   -1.745329252   42.666864148  -39.371835561    5.300091366
   -2.951193099   -1.745329252   36.356342568  -26.345552291    5.757350360
   -2.760793544   -1.745329252   32.809264039  -11.044362785    6.020038382
   -2.570393989   -1.745329252   32.025632700    2.090388309    6.071463049
   -2.379994435   -1.745329252   33.298168802   10.309774537    5.836129089
   -2.189594880   -1.745329252   35.623644563   13.319209765    5.209573318
   -1.999195325   -1.745329252   38.151488205   12.842489873    4.076487814
   -1.808795770   -1.745329252   40.452116622   11.318751352    2.318593362
   -1.618396215   -1.745329252   42.516359052   10.561869912   -0.148844762
   -1.427996661   -1.745329252   44.561482310   11.101036239   -3.302467712
   -1.237597106   -1.745329252   46.795450321   12.391403857   -6.958113100
   -1.047197551   -1.745329252   49.271274664   13.466628811  -10.771250990
   -0.856797996   -1.745329252   51.862717211   13.407375676  -14.321375259
   -0.666398442   -1.745329252   54.269118840   11.339951639  -17.207738974
   -0.475998887   -1.745329252   56.018090986    6.363730377  -19.162468094
   -0.285599332   -1.745329252   56.469490267   -2.379343562  -20.098740259
   -0.095199777   -1.745329252   54.875767693  -15.029113057  -20.117548399
    0.095199777   -1.745329252   50.606720284  -30.036449182  -19.481302603
    0.285599332   -1.745329252   43.542778303  -43.554344042  -18.519689673
    0.475998887   -1.745329252   34.478786723  -50.106104328  -17.541431510
    0.666398442   -1.745329252   25.245071949  -44.712505433  -16.719568555
    0.856797996   -1.745329252   18.335601982  -25.807197587  -16.042652312
    1.047197551   -1.745329252   16.063710716    2.975596162  -15.317571087
    1.237597106   -1.745329252   19.600803353   33.651363956  -14.266334259
    1.427996661   -1.745329252   28.427716401   57.156421847  -12.674015864
    1.618396215   -1.745329252   40.497157931   67.016822866  -10.493996401
    1.808795770   -1.745329252   52.970105804   61.510606095   -7.862052056
    1.999195325   -1.745329252   63.127374042   43.463719463   -5.040899705
    2.189594880   -1.745329252   69.078620276   18.345674110   -2.309067270
    2.379994435   -1.745329252   70.063688590   -7.699773669    0.107281055
    2.570393989   -1.745329252   66.438102986  -29.297885330    2.076428076
    2.760793544   -1.745329252   59.448605608  -42.582278305    3.558257788
    2.951193099   -1.745329252   50.886514656  -45.738018135    4.600425202

   -3.141592654   -1.396263402   41.082142079  -39.923801395    3.114440353
   -2.951193099   -1.396263402   34.672759946  -26.815112135    2.945909701
   -2.760793544   -1.396263402   31.052551271  -11.350540903    2.603971013
   -2.570393989   -1.396263402   30.218959424    1.833890621    2.067536985
   -2.379994435   -1.396263402   31.425559934    9.802443258    1.208761390
   -2.189594880   -1.396263402   33.593775678   12.082667480   -0.175859339
   -1.999195325   -1.396263402   35.770966787   10.304064777   -2.300304441
   -1.808795770   -1.396263402   37.426741861    7.034834503   -5.294854924
   -1.618396215   -1.396263402   38.504082674    4.526354722   -9.098615778
   -1.427996661   -1.396263402   39.277041139    3.929510036  -13.385281382
   -1.237597106   -1.396263402   40.126257709    5.242387063  -17.598274797
   -1.047197551   -1.396263402   41.350086632    7.675286994  -21.092194218
   -0.856797996   -1.396263402   43.057670543   10.054022163  -23.341112840
   -0.666398442   -1.396263402   45.101339427   10.903931475  -24.085919006
   -0.475998887   -1.396263402   47.035132932    8.657783792  -23.399648235
   -0.285599332   -1.396263402   48.127221175    1.901837251  -21.627604936
   -0.095199777   -1.396263402   47.454931799   -9.832897436  -19.262460800
    0.095199777   -1.396263402   44.172448095  -25.053149383  -16.819392803
    0.285599332   -1.396263402   37.958754999  -39.739986699  -14.697173848
    0.475998887   -1.396263402   29.461761341  -48.001928435  -13.117921950
    0.666398442   -1.396263402   20.462916026  -44.293424277  -12.087127388
    0.856797996   -1.396263402   13.518490469  -26.456355856  -11.432001552
    1.047197551   -1.396263402   11.100224488    2.255609004  -10.864518295
    1.237597106   -1.396263402   14.574046464   33.828359351  -10.085429657
    1.427996661   -1.396263402   23.570260462   58.782324176   -8.898724897
    1.618396215   -1.396263402   36.088224729   70.030580738   -7.263901216
    1.808795770   -1.396263402   49.223896462   65.320010814   -5.294216864
    1.999195325   -1.396263402   60.119681148   47.273378648   -3.200649246
    2.189594880   -1.396263402   66.740363994   21.467170537   -1.206929509
    2.379994435   -1.396263402   68.222594896   -5.636747635    0.499125279
    2.570393989   -1.396263402   64.884365249  -28.327574263    1.797024284
    2.760793544   -1.396263402   57.992412828  -42.473413111    2.636405574
    2.951193099   -1.396263402   49.396931200  -46.135547698    3.047166689

   -3.141592654   -1.047197551   38.926694224  -42.300786459    3.902449629
   -2.951193099   -1.047197551   32.071655567  -29.070121783    2.780694325
   -2.760793544   -1.047197551   28.055768472  -13.238400142    1.390782006
   -2.570393989   -1.047197551   26.895244325    0.242595176   -0.189104240
   -2.379994435   -1.047197551   27.796299403    8.082727977   -2.013534144
   -2.189594880   -1.047197551   29.572390164    9.562713129   -4.264378189
   -1.999195325   -1.047197551   31.141008931    6.350414259   -7.161895796
   -1.808795770   -1.047197551   31.885538289    1.434380684  -10.802342818
   -1.618396215   -1.047197551   31.773873740   -2.212551034  -14.993063796
   -1.427996661   -1.047197551   31.247279482   -2.734748466  -19.194285668
   -1.237597106   -1.047197551   30.957947317    0.208572463  -22.644450162
   -1.047197551   -1.047197551   31.487383852    5.581174732  -24.625181317
   -0.856797996   -1.047197551   33.130133334   11.487067607  -24.740834827
   -0.666398442   -1.047197551   35.762554015   15.522650717  -23.057008342
   -0.475998887   -1.047197551   38.796794952   15.364058914  -20.057981797
   -0.285599332   -1.047197551   41.248531666    9.223272664  -16.457761976
   -0.095199777   -1.047197551   41.914415932   -3.322411666  -12.953978854
    0.095199777   -1.047197551   39.709802057  -20.367840244  -10.040919339
    0.285599332   -1.047197551   34.175387662  -37.309594582   -7.887671652
    0.475998887   -1.047197551   25.937453654  -47.624162388   -6.387051266
    0.666398442   -1.047197551   16.868989375  -45.257467018   -5.274085701
    0.856797996   -1.047197551    9.692965126  -27.765631585   -4.297259225
    1.047197551   -1.047197551    7.073125584    1.576080536   -3.315395485
    1.237597106   -1.047197551   10.533912909   34.416643414   -2.299982060
    1.427996661   -1.047197551   19.779367649   60.774581779   -1.284957201
    1.618396215   -1.047197551   32.785566225   73.062841334   -0.283947794
    1.808795770   -1.047197551   46.545234488   68.709603411    0.722959603
    1.999195325   -1.047197551   58.062711935   50.299726908    1.761639985
    2.189594880   -1.047197551   65.179356611   23.575844102    2.814274922
    2.379994435   -1.047197551   66.950967986   -4.730461022    3.784566437
    2.570393989   -1.047197551   63.666430766  -28.656975946    4.511846533
    2.760793544   -1.047197551   56.606913689  -43.854673464    4.824190528
    2.951193099   -1.047197551   47.674305284  -48.230326340    4.619910202

   -3.141592654   -0.698131701   38.757043355  -45.602376064    3.756607119
   -2.951193099   -0.698131701   31.239028713  -32.659538447    1.484874643
   -2.760793544   -0.698131701   26.540314806  -16.780886260   -1.085398298
   -2.570393989   -0.698131701   24.715716016   -3.216141103   -3.737562390
   -2.379994435   -0.698131701   24.943990723    4.395170106   -6.408928821
   -2.189594880   -0.698131701   25.955468586    5.132453411   -9.225644887
   -1.999195325   -0.698131701   26.577362263    0.810749601  -12.394099986
   -1.808795770   -0.698131701   26.169666009   -5.037132105  -15.969604279
   -1.618396215   -0.698131701   24.804368508   -8.695707497  -19.649875118
   -1.427996661   -0.698131701   23.156172659   -7.764151313  -22.754921543
   -1.237597106   -0.698131701   22.166064127   -1.909243721  -24.458234847
   -1.047197551   -0.698131701   22.640955883    7.182904661  -24.159398825
   -0.856797996   -0.698131701   24.934594501   16.592345214  -21.784369466
   -0.666398442   -0.698131701   28.785353772   22.953452796  -17.843705886
   -0.475998887   -0.698131701   33.322064140   23.413120899  -13.226422065
   -0.285599332   -0.698131701   37.230915997   16.240294770   -8.863499355
   -0.095199777   -0.698131701   39.042626267    1.568640399   -5.392957314
    0.095199777   -0.698131701   37.541475055  -17.839338537   -2.993817602
    0.285599332   -0.698131701   32.302694479  -36.588032783   -1.388037255
    0.475998887   -0.698131701   24.110589352  -47.676221557   -0.070624724
    0.666398442   -0.698131701   15.042674517  -45.062760500    1.400995428
    0.856797996   -0.698131701    7.981478686  -26.723714295    3.166113369
    1.047197551   -0.698131701    5.649669920    3.507207543    5.021896829
    1.237597106   -0.698131701    9.536197130   36.858117556    6.598863559
    1.427996661   -0.698131701   19.258120307   63.258263646    7.593414400
    1.618396215   -0.698131701   32.715169366   75.274810683    7.954695758
    1.808795770   -0.698131701   46.860520893   70.543787499    7.868077597
    1.999195325   -0.698131701   58.691025734   51.752557463    7.623367712
    2.189594880   -0.698131701   66.043910945   24.586657095    7.432898662
    2.379994435   -0.698131701   67.951645820   -4.350053406    7.324303157
    2.570393989   -0.698131701   64.658831385  -29.165299787    7.133868863
    2.760793544   -0.698131701   57.402268485  -45.424720244    6.599288666
    2.951193099   -0.698131701   48.071464607  -50.817184336    5.499613675

   -3.141592654   -0.349065850   39.522275131  -50.249281406    3.167089142
   -2.951193099   -0.349065850   31.044246499  -38.002382615    0.162604161
   -2.760793544   -0.349065850   25.301595197  -22.318051130   -3.022816122
   -2.570393989   -0.349065850   22.430934101   -8.642797780   -6.124722810
   -2.379994435   -0.349065850   21.635306446   -0.968981880   -9.039408678
   -2.189594880   -0.349065850   21.608708924   -0.456551760  -11.860123339
   -1.999195325   -0.349065850   21.130513576   -5.138243971  -14.744123576
   -1.808795770   -0.349065850   19.584838380  -10.902591475  -17.658681260
   -1.618396215   -0.349065850   17.196505142  -13.335108950  -20.199640581
   -1.427996661   -0.349065850   14.898910073   -9.700640352  -21.654219527
   -1.237597106   -0.349065850   13.891360016   -0.035389611  -21.320270216
   -1.047197551   -0.349065850   15.103327697   12.970233530  -18.906489931
   -0.856797996   -0.349065850   18.793799806   25.204172839  -14.755495861
   -0.666398442   -0.349065850   24.404837106   32.476821062   -9.752685118
   -0.475998887   -0.349065850   30.677593882   31.809173540   -4.959290798
   -0.285599332   -0.349065850   35.956627238   22.075208142   -1.200642462
   -0.095199777   -0.349065850   38.597009290    4.460470606    1.245449964
    0.095199777   -0.349065850   37.417787481  -17.151119536    2.693850133
    0.285599332   -0.349065850   32.212802237  -36.654142342    3.866652736
    0.475998887   -0.349065850   24.058421131  -47.002528535    5.500235925
    0.666398442   -0.349065850   15.265425708  -42.798358970    7.960801814
    0.856797996   -0.349065850    8.786415917  -23.001442777   11.038016587
    1.047197551   -0.349065850    7.233202441    7.750027243   14.049433923
    1.237597106   -0.349065850   11.883604804   40.443237535   16.217158486
    1.427996661   -0.349065850   22.158384897   65.403692996   17.050003239
    1.618396215   -0.349065850   35.874343803   75.888927040   16.562617758
    1.808795770   -0.349065850   50.025299636   70.099574825   15.177291244
    1.999195325   -0.349065850   61.721242543   50.882673782   13.464733588
    2.189594880   -0.349065850   68.901641798   23.682493291   11.852170606
    2.379994435   -0.349065850   70.634165570   -5.324773886   10.476713286
    2.570393989   -0.349065850   67.120319720  -30.591117221    9.188842047
    2.760793544   -0.349065850   59.510919692  -47.771766206    7.691711236
    2.951193099   -0.349065850   49.621461719  -54.360844359    5.718413051

   -3.141592654    0.000000000   40.670463892  -55.447106929    2.177138122
   -2.951193099    0.000000000   31.145322452  -43.698971833   -0.673405473
   -2.760793544    0.000000000   24.310991053  -27.993261422   -3.517296581
   -2.570393989    0.000000000   20.393378003  -13.924109992   -6.182827455
   -2.379994435    0.000000000   18.635350615   -5.811342533   -8.626437255
   -2.189594880    0.000000000   17.714886782   -5.029510386  -10.934157718
   -1.999195325    0.000000000   16.387474067   -9.444686814  -13.177345636
   -1.808795770    0.000000000   14.084183240  -14.406512745  -15.198932829
   -1.618396215    0.000000000   11.187846241  -14.953905257  -16.522556781
   -1.427996661    0.000000000    8.855700399   -8.278885408  -16.513347534
   -1.237597106    0.000000000    8.456186394    4.930192378  -14.727685980
   -1.047197551    0.000000000   10.910079123   20.844504456  -11.242008391
   -0.856797996    0.000000000   16.248535393   34.292522283   -6.720023191
   -0.666398442    0.000000000   23.538453215   40.684299881   -2.168992520
   -0.475998887    0.000000000   31.151564322   37.472734977    1.506047896
   -0.285599332    0.000000000   37.211938575   24.627602184    3.866793058
   -0.095199777    0.000000000   40.089807957    4.608779517    5.114712185
    0.095199777    0.000000000   38.838535313  -17.733674385    5.963283555
    0.285599332    0.000000000   33.606651477  -36.063674233    7.301609702
    0.475998887    0.000000000   25.787386471  -43.952687498    9.759618346
    0.666398442    0.000000000   17.825092151  -37.242132173   13.376593449
    0.856797996    0.000000000   12.554922067  -16.173152280   17.535412364
    1.047197551    0.000000000   12.272950500   13.934708504   21.216925490
    1.237597106    0.000000000   17.900391660   44.299556618   23.475849590
    1.427996661    0.000000000   28.621202788   66.219131291   23.838644941
    1.618396215    0.000000000   42.227555300   74.073379351   22.458046631
    1.808795770    0.000000000   55.868423743   66.776733600   19.933490625
    1.999195325    0.000000000   66.883320207   47.223527233   16.988828235
    2.189594880    0.000000000   73.395366226   20.391645161   14.161122453
    2.379994435    0.000000000   74.545707337   -8.188142113   11.669215906
    2.570393989    0.000000000   70.496613149  -33.441907167    9.434582079
    2.760793544    0.000000000   62.300273524  -51.171137736    7.230673190
    2.951193099    0.000000000   51.679830008  -58.673832123    4.840775556

   -3.141592654    0.349065850   42.483404753  -59.683501010    1.960419425
   -2.951193099    0.349065850   32.122184535  -48.174952403    0.176796760
   -2.760793544    0.349065850   24.434721618  -32.418226581   -1.445788524
   -2.570393989    0.349065850   19.696755498  -18.090923199   -2.928571291
   -2.379994435    0.349065850   17.171683714   -9.702581450   -4.356668977
   -2.189594880    0.349065850   15.532280013   -8.680005507   -5.835133570
   -1.999195325    0.349065850   13.545525479  -12.644014886   -7.361012443
   -1.808795770    0.349065850   10.723590209  -16.505594120   -8.695339276
   -1.618396215    0.349065850    7.604318846  -15.040623862   -9.379180265
   -1.427996661    0.349065850    5.505013450   -5.683545792   -8.944561885
   -1.237597106    0.349065850    5.853150052   10.085300825   -7.205610610
   -1.047197551    0.349065850    9.453031212   27.478541076   -4.438116667
   -0.856797996    0.349065850   16.063690472   40.721682364   -1.298455602
   -0.666398442    0.349065850   24.431277681   45.370162729    1.475846545
   -0.475998887    0.349065850   32.705090732   39.692965157    3.437642239
   -0.285599332    0.349065850   38.979867062   24.821549924    4.625972758
   -0.095199777    0.349065850   41.809660960    4.201423136    5.556447175
    0.095199777    0.349065850   40.569768326  -16.908306352    6.985468017
    0.285599332    0.349065850   35.734631695  -32.551161077    9.557440827
    0.475998887    0.349065850   28.881485284  -37.371461070   13.476747873
    0.666398442    0.349065850   22.398348745  -28.563744699   18.328543043
    0.856797996    0.349065850   18.827377887   -7.402063904   23.167524101
    1.047197551    0.349065850   20.046121751   20.586667999   26.858903883
    1.237597106    0.349065850   26.609876299   47.328515894   28.542230341
    1.427996661    0.349065850   37.530473383   65.364794226   27.953778385
    1.618396215    0.349065850   50.667715893   70.223120633   25.467532791
    1.808795770    0.349065850   63.405751176   61.404893636   21.843490054
    1.999195325    0.349065850   73.365093500   41.698545196   17.887576129
    2.189594880    0.349065850   78.880671624   15.534112398   14.175872416
    2.379994435    0.349065850   79.187134753  -12.219124724   10.972495379
    2.570393989    0.349065850   74.427182929  -36.953285289    8.276793786
    2.760793544    0.349065850   65.572848064  -54.648833834    5.962115684
    2.951193099    0.349065850   54.261859844  -62.487439256    3.885013997

   -3.141592654    0.698131701   44.114458255  -61.777107258    0.578215994
   -2.951193099    0.698131701   33.366983939  -50.126595354    0.328578468
   -2.760793544    0.698131701   25.311482231  -34.336587891    0.296842452
   -2.570393989    0.698131701   20.201389501  -20.094625504    0.271562133
   -2.379994435    0.698131701   17.276405061  -11.901424560    0.064938938
   -2.189594880    0.698131701   15.200071955  -11.036838323   -0.432411047
   -1.999195325    0.698131701   12.772687785  -14.828255902   -1.182464625
   -1.808795770    0.698131701    9.598693021  -17.898317258   -1.967562828
   -1.618396215    0.698131701    6.340838388  -15.016005965   -2.462943919
   -1.427996661    0.698131701    4.404759412   -4.004862400   -2.410047458
   -1.237597106    0.698131701    5.202042926   12.996258911   -1.773253693
   -1.047197551    0.698131701    9.400291675   30.667234516   -0.771915000
   -0.856797996    0.698131701   16.560372326   43.151298035    0.267038431
   -0.666398442    0.698131701   25.270050697   46.509893040    1.126690226
   -0.475998887    0.698131701   33.653745062   39.821590264    1.883431564
   -0.285599332    0.698131701   39.935436040   24.980652019    2.903915790
   -0.095199777    0.698131701   42.908761781    5.786550581    4.702473218
    0.095199777    0.698131701   42.204125384  -12.722050058    7.708506728
    0.285599332    0.698131701   38.455145139  -25.341922460   12.019210752
    0.475998887    0.698131701   33.219492291  -27.798760575   17.265122777
    0.666398442    0.698131701   28.657624014  -18.308832749   22.621479364
    0.856797996    0.698131701   26.930287442    1.328324886   27.028506265
    1.047197551    0.698131701   29.505449845   25.842378735   29.540748204
    1.237597106    0.698131701   36.652084633   48.145743247   29.668969361
    1.427996661    0.698131701   47.319528328   62.048277673   27.536730937
    1.618396215    0.698131701   59.529883715   64.074244700   23.769996825
    1.808795770    0.698131701   70.961402980   54.103435390   19.204031372
    1.999195325    0.698131701   79.538035995   34.662685118   14.594850992
    2.189594880    0.698131701   83.809442200    9.583574339   10.446329179
    2.379994435    0.698131701   83.106644710  -16.881448183    7.009799811
    2.570393989    0.698131701   77.568314627  -40.514837316    4.352877292
    2.760793544    0.698131701   68.113289147  -57.452224280    2.453691346
    2.951193099    0.698131701   56.315048895  -64.836413657    1.234352634

   -3.141592654    1.047197551   42.800108381  -61.933466479   -3.924649075
   -2.951193099    1.047197551   32.109214309  -49.424446723   -2.928586438
   -2.760793544    1.047197551   24.232149256  -33.232238661   -1.689782761
   -2.570393989    1.047197551   19.336972648  -18.996920807   -0.539930436
   -2.379994435    1.047197551   16.594455637  -11.110444615    0.303372024
   -2.189594880    1.047197551   14.627437874  -10.677840788    0.754131724
   -1.999195325    1.047197551   12.231686570  -14.825372454    0.840371175
   -1.808795770    1.047197551    9.041245810  -18.031823402    0.663930241
   -1.618396215    1.047197551    5.761530880  -15.092619493    0.344301727
   -1.427996661    1.047197551    3.819641113   -4.012761235   -0.038502515
   -1.237597106    1.047197551    4.608640720   12.860782068   -0.447975049
   -1.047197551    1.047197551    8.751650108   30.192797965   -0.841440139
   -0.856797996    1.047197551   15.789671386   42.381448811   -1.079888450
   -0.666398442    1.047197551   24.362201533   45.968576987   -0.894064272
   -0.475998887    1.047197551   32.736821206   40.442913452    0.083918964
   -0.285599332    1.047197551   39.332779031   27.815770784    2.196105795
   -0.095199777    1.047197551   43.118595467   11.561458651    5.612432350
    0.095199777    1.047197551   43.799173521   -4.022642682   10.221219241
    0.285599332    1.047197551   41.917826399  -14.653820142   15.555935090
    0.475998887    1.047197551   38.772544612  -16.873909877   20.847543580
    0.666398442    1.047197551   36.145816852   -9.259308665   25.168710980
    0.856797996    1.047197551   35.813477405    6.691983749   27.691898637
    1.047197551    1.047197551   38.977534382   26.610400032   27.949078122
    1.237597106    1.047197551   45.844815684   44.580774392   25.974402325
    1.427996661    1.047197551   55.509704939   55.333676003   22.268129683
    1.618396215    1.047197551   66.263979569   55.744226268   17.568434419
    1.808795770    1.047197551   76.066335732   45.501257844   12.586620582
    1.999195325    1.047197551   83.052718457   26.655292730    7.845838715
    2.189594880    1.047197551   85.894075131    2.615978541    3.660819220
    2.379994435    1.047197551   83.981276564  -22.598623242    0.227449797
    2.570393989    1.047197551   77.484664653  -44.837762589   -2.306706579
    2.760793544    1.047197551   67.346416308  -60.294167931   -3.826831160
    2.951193099    1.047197551   55.145498532  -66.228326881   -4.320298504

   -3.141592654    1.396263402   38.339574770  -60.246278964  -10.521082003
   -2.951193099    1.396263402   28.121348913  -46.256241172   -9.154089361
   -2.760793544    1.396263402   20.925070346  -29.385828031   -7.396907974
   -2.570393989    1.396263402   16.766751501  -15.209838575   -5.557056340
   -2.379994435    1.396263402   14.694784394   -7.919170209   -3.795248736
   -2.189594880    1.396263402   13.252263376   -8.393545112   -2.163618721
   -1.999195325    1.396263402   11.192365922  -13.600717038   -0.696194384
   -1.808795770    1.396263402    8.129055676  -17.928700452    0.519594938
   -1.618396215    1.396263402    4.761641771  -16.116067752    1.344033369
   -1.427996661    1.396263402    2.526823905   -6.041189747    1.656497822
   -1.237597106    1.396263402    2.862450783   10.197153736    1.474850813
   -1.047197551    1.396263402    6.493681842   27.618688493    1.030800237
   -0.856797996    1.396263402   13.129839895   40.915818995    0.767414178
   -0.666398442    1.396263402   21.617319901   46.710949950    1.209080045
   -0.475998887    1.396263402   30.412719751   44.214227319    2.795723064
   -0.285599332    1.396263402   38.038435494   34.825239294    5.729246183
   -0.095199777    1.396263402   43.427005696   21.226568502    9.883116924
    0.095199777    1.396263402   46.097010984    6.928281535   14.807189172
    0.285599332    1.396263402   46.275365959   -4.304109093   19.763169980
    0.475998887    1.396263402   44.885836075   -9.088697115   23.872362991
    0.666398442    1.396263402   43.374035619   -5.510378649   26.310618088
    0.856797996    1.396263402   43.320835206    5.891906516   26.559844858
    1.047197551    1.396263402   45.937780146   21.843115681   24.576461304
    1.237597106    1.396263402   51.627205132   37.243940494   20.785587202
    1.427996661    1.396263402   59.777600836   46.999303449   15.911891917
    1.618396215    1.396263402   68.946662322   47.554548258   10.689764895
    1.808795770    1.396263402   77.246644783   37.927956313    5.640819729
    1.999195325    1.396263402   82.850944272   19.683395706    1.026495566
    2.189594880    1.396263402   84.414514409   -3.828843116   -3.051341434
    2.379994435    1.396263402   81.337526644  -28.315010294   -6.489140909
    2.570393989    1.396263402   73.861538993  -49.294381870   -9.106332714
    2.760793544    1.396263402   63.043185399  -62.883157358  -10.689468836
    2.951193099    1.396263402   50.555923947  -66.607187583  -11.130241992

   -3.141592654    1.745329252   31.757475360  -58.538522618  -16.752450466
   -2.951193099    1.745329252   22.030629426  -42.906711041  -15.546285944
   -2.760793544    1.745329252   15.571859548  -25.110374137  -13.733589558
   -2.570393989    1.745329252   12.264939676  -10.633402313  -11.542423923
   -2.379994435    1.745329252   11.055831469   -3.493301547   -9.077241410
   -2.189594880    1.745329252   10.414401416   -4.460218203   -6.374143651
   -1.999195325    1.745329252    9.030158326  -10.502951858   -3.512521417
   -1.808795770    1.745329252    6.448762886  -16.025698707   -0.700065427
   -1.618396215    1.745329252    3.309914485  -15.645220747    1.753698161
   -1.427996661    1.745329252    1.036038256   -6.871593907    3.561876291
   -1.237597106    1.745329252    1.139954632    8.727918009    4.633329422
   -1.047197551    1.745329252    4.519621046   26.648717610    5.168177665
   -0.856797996    1.745329252   11.119969154   41.699744044    5.623563513
   -0.666398442    1.745329252   20.002155226   50.174178551    6.526821790
   -0.475998887    1.745329252   29.736620641   50.582897760    8.257216617
   -0.285599332    1.745329252   38.811944317   43.512568788   10.887580851
   -0.095199777    1.745329252   45.978893924   30.967233535   14.119473586
    0.095199777    1.745329252   50.471456530   16.033835475   17.355295662
    0.285599332    1.745329252   52.184584589    2.443562087   19.819899071
    0.475998887    1.745329252   51.743823596   -6.045839744   20.792757171
    0.666398442    1.745329252   50.405841834   -6.739373452   19.838189765
    0.856797996    1.745329252   49.735530325    0.797649407   16.996221378
    1.047197551    1.745329252   51.107065390   14.104037544   12.784615683
    1.237597106    1.745329252   55.196876140   28.431814920    7.991173926
    1.427996661    1.745329252   61.675199007   38.409617604    3.370412045
    1.618396215    1.745329252   69.285516453   39.807335894   -0.640481537
    1.808795770    1.745329252   76.191358085   30.981819086   -4.005945804
    1.999195325    1.745329252   80.521570268   13.188728156   -6.954539143
    2.189594880    1.745329252   80.872707530  -10.064059763   -9.733379236
    2.379994435    1.745329252   76.647915022  -34.049083981  -12.392029103
    2.570393989    1.745329252   68.175791376  -53.889145536  -14.724957431
    2.760793544    1.745329252   56.648315731  -65.621502774  -16.384097112
    2.951193099    1.745329252   43.851372135  -67.074257716  -17.084770181

   -3.141592654    2.094395102   24.668725965  -57.674306872  -19.005676184
   -2.951193099    2.094395102   15.243083157  -40.674720689  -17.927328266
   -2.760793544    2.094395102    9.309322701  -21.896829792  -16.068460624
   -2.570393989    2.094395102    6.687248043   -6.684964437  -13.588276911
   -2.379994435    2.094395102    6.292614421    1.102272440  -10.587237261
   -2.189594880    2.094395102    6.582642706    0.700538926   -7.132516360
   -1.999195325    2.094395102    6.215894409   -5.050876721   -3.336089266
   -1.808795770    2.094395102    4.661536096  -10.794633968    0.570837962
   -1.618396215    2.094395102    2.451306771  -11.215663292    4.248199569
   -1.427996661    2.094395102    0.916001670   -3.573078582    7.349518299
   -1.237597106    2.094395102    1.550945719   11.063777105    9.679709846
   -1.047197551    2.094395102    5.334362847   28.684140087   11.294751090
   -0.856797996    2.094395102   12.361425391   44.277821078   12.478866345
   -0.666398442    2.094395102   21.838839702   53.904851077   13.578684143
   -0.475998887    2.094395102   32.402530983   55.511705608   14.808122708
   -0.285599332    2.094395102   42.486768544   49.014600488   16.120981828
   -0.095199777    2.094395102   50.667412232   35.889905609   17.183843688
    0.095199777    2.094395102   55.931735816   18.985522180   17.486657558
    0.285599332    2.094395102   57.921395767    2.238939180   16.499274054
    0.475998887    2.094395102   57.091946211   -9.947000336   13.911703052
    0.666398442    2.094395102   54.683717150  -13.923869916    9.814009894
    0.856797996    2.094395102   52.429737520   -8.364515526    4.762932240
    1.047197551    2.094395102   52.006696437    4.711949606   -0.382044964
    1.237597106    2.094395102   54.413868042   20.354080156   -4.788840961
    1.427996661    2.094395102   59.547836495   32.414198112   -7.970474501
    1.618396215    2.094395102   66.207150131   35.716370873   -9.951717095
    1.808795770    2.094395102   72.451630469   27.965573246  -11.172680833
    1.999195325    2.094395102   76.232010158   10.297818277  -12.216650072
    2.189594880    2.094395102   75.995403155  -13.381117393  -13.514981171
    2.379994435    2.094395102   71.099066179  -37.709105333  -15.167309667
    2.570393989    2.094395102   61.942191897  -57.282377439  -16.936873125
    2.760793544    2.094395102   49.855349752  -67.976700336  -18.401816591
    2.951193099    2.094395102   36.753210957  -67.859663176  -19.164845136

   -3.141592654    2.443460953   18.174993825  -57.548413406  -12.757934887
   -2.951193099    2.443460953    8.898864298  -39.236417212  -11.326740085
   -2.760793544    2.443460953    3.368583554  -19.110286241   -9.354068286
   -2.570393989    2.443460953    1.407913389   -2.529111136   -6.963709503
   -2.379994435    2.443460953    1.935122647    6.615616781   -4.214609067
   -2.189594880    2.443460953    3.394839228    7.426785069   -1.084753271
   -1.999195325    2.443460953    4.396630960    2.503043131    2.467451294
   -1.808795770    2.443460953    4.310626283   -3.052356982    6.386683167
   -1.618396215    2.443460953    3.533545769   -4.029882714   10.441583991
   -1.427996661    2.443460953    3.265195258    2.470507885   14.245660054
   -1.237597106    2.443460953    4.923546974   15.762571025   17.389466853
   -1.047197551    2.443460953    9.488076018   32.247442555   19.599360491
   -0.856797996    2.443460953   17.117401082   47.103171046   20.817922472
   -0.666398442    2.443460953   27.086679610   56.257254249   21.148350804
   -0.475998887    2.443460953   38.048032241   57.275050301   20.715758490
   -0.285599332    2.443460953   48.372334829   49.640516885   19.544293398
   -0.095199777    2.443460953   56.499822582   34.561954447   17.502421809
    0.095199777    2.443460953   61.260015879   14.904748861   14.377091223
    0.285599332    2.443460953   62.176154377   -4.964600430   10.015868908
    0.475998887    2.443460953   59.702679993  -19.875916070    4.534580716
    0.666398442    2.443460953   55.239835152  -25.289225575   -1.566684462
    0.856797996    2.443460953   50.831255833  -19.284130996   -7.445214518
    1.047197551    2.443460953   48.520622531   -3.926290668  -12.182861722
    1.237597106    2.443460953   49.595286266   15.092996357  -15.146197937
    1.427996661    2.443460953   54.054496224   30.491913894  -16.229556093
    1.618396215    2.443460953   60.588305443   36.099176615  -15.872473541
    1.808795770    2.443460953   67.007141501   29.176822126  -14.816028663
    1.999195325    2.443460953   70.989499487   11.046813862  -13.780816415
    2.189594880    2.443460953   70.791561993  -13.767592946  -13.211662404
    2.379994435    2.443460953   65.710372499  -39.195711485  -13.188386264
    2.570393989    2.443460953   56.206034611  -59.321447266  -13.482946651
    2.760793544    2.443460953   43.736685076  -69.831747542  -13.719865776
    2.951193099    2.443460953   30.349974794  -68.905479148  -13.547832937

   -3.141592654    2.792526803   15.425022262  -56.056334182    0.698995863
   -2.951193099    2.792526803    6.488939991  -37.175951197    2.619657531
   -2.760793544    2.792526803    1.406124299  -16.485509217    4.502538708
   -2.570393989    2.792526803    0.000000000    0.673882677    6.329037217
   -2.379994435    2.792526803    1.200220828   10.502558111    8.200028957
   -2.189594880    2.792526803    3.479939816   12.179619387   10.344654398
   -1.999195325    2.792526803    5.481392246    8.252086869   13.026420196
   -1.808795770    2.792526803    6.579614899    3.588687003   16.360811358
   -1.618396215    2.792526803    7.119551642    3.058332934   20.156294650
   -1.427996661    2.792526803    8.187885269    9.288763707   23.900589518
   -1.237597106    2.792526803   11.056860175   21.540562645   26.924417537
   -1.047197551    2.792526803   16.572622541   36.383929337   28.654418710
   -0.856797996    2.792526803   24.803497605   49.245375884   28.796267627
   -0.666398442    2.792526803   34.975005673   56.208945394   27.355992107
   -0.475998887    2.792526803   45.704989010   54.858175869   24.521156612
   -0.285599332    2.792526803   55.325928853   44.627161048   20.516767167
   -0.095199777    2.792526803   62.235464037   26.770105302   15.512656347
    0.095199777    2.792526803   65.250815928    4.422033059    9.649128895
    0.285599332    2.792526803   63.960607215  -17.494614263    3.134953758
    0.475998887    2.792526803   59.007675084  -33.117009864   -3.611709482
    0.666398442    2.792526803   52.101568961  -37.373560548   -9.921885152
    0.856797996    2.792526803   45.652606019  -28.342436245  -14.985541679
    1.047197551    2.792526803   42.007796944   -8.757974757  -18.127830498
    1.237597106    2.792526803   42.579317127   14.565228916  -19.093561411
    1.427996661    2.792526803   47.272447280   33.244024229  -18.151453198
    1.618396215    2.792526803   54.514719580   40.518019493  -15.966723621
    1.808795770    2.792526803   61.806327438   33.715673646  -13.287748690
    1.999195325    2.792526803   66.577685318   14.697513348  -10.680742092
    2.189594880    2.792526803   66.957833676  -11.344759394   -8.404823085
    2.379994435    2.792526803   62.232312806  -37.813913184   -6.460200293
    2.570393989    2.792526803   52.926835359  -58.526374740   -4.704945613
    2.760793544    2.792526803   40.593069933  -69.129777175   -2.980786400
    2.951193099    2.792526803   27.363574821  -67.913842155   -1.186362601
