#! FIELDS phi psi file.free der_phi der_psi
#! SET min_phi -pi
#! SET max_phi pi
#! SET nbins_phi  33
#! SET periodic_phi true
#! SET min_psi -pi
#! SET max_psi pi
#! SET nbins_psi  18
#! SET periodic_psi true
   -3.141592654   -3.141592654   18.248409369  -54.275030714   16.056688356
   -2.951193099   -3.141592654    9.573726291  -36.167006384   18.456241833
   -2.760793544   -3.141592654    4.641380409  -15.835416388   20.166473627
   -2.570393989   -3.141592654    3.363905157    1.472204301   21.242687513
   -2.379994435   -3.141592654    4.774336282   12.011527809   21.962739090
   -2.189594880   -3.141592654    7.455301651   14.974263420   22.792515810
   -1.999195325   -3.141592654   10.146160992   12.748758929   24.211798594
   -1.808795770   -3.141592654   12.264137230    9.753211348   26.450078212
   -1.618396215   -3.141592654   14.088377651   10.223538730   29.283513128
   -1.427996661   -3.141592654   16.519537116   16.205911009   32.044061304
   -1.237597106   -3.141592654   20.561926177   26.722784151   33.862632236
   -1.047197551   -3.141592654   26.792323765   38.548089465   34.017076550
   -0.856797996   -3.141592654   35.082122746   47.635390183   32.182007157
   -0.666398442   -3.141592654   44.571428584   50.684842762   28.481348943
   -0.475998887   -3.141592654   53.904327170   45.820073709   23.342179525
   -0.285599332   -3.141592654   61.530605946   32.886136777   17.298824178
   -0.095199777   -3.141592654   66.031598978   13.428319962   10.825465920
    0.095199777   -3.141592654   66.454870569   -9.228731572    4.290200967
    0.285599332   -3.141592654   62.646946498  -30.048596250   -1.993365046
    0.475998887   -3.141592654   55.518207791  -43.195450274   -7.659404607
    0.666398442   -3.141592654   47.019855210  -43.860316105  -12.245755473
    0.856797996   -3.141592654   39.723758314  -30.714661088  -15.271769029
    1.047197551   -3.141592654   35.998779894   -7.331960578  -16.429621815
    1.237597106   -3.141592654   37.118543812   18.693119040  -15.757844001
    1.427996661   -3.141592654   42.738569741   38.632494364  -13.646144471
    1.618396215   -3.141592654   51.027387574   45.992696645  -10.673673532
    1.808795770   -3.141592654   59.320177608   38.743472739   -7.350258755
    1.999195325   -3.141592654   65.006114125   19.332373597   -3.968839912
    2.189594880   -3.141592654   66.252962705   -6.827188218   -0.596168186
    2.379994435   -3.141592654   62.387380383  -33.302812232    2.809628054
    2.570393989   -3.141592654   53.926352642  -54.226359843    6.280956345
    2.760793544   -3.141592654   42.360951501  -65.428990232    9.758656538
    2.951193099   -3.141592654   29.752401048  -65.137297746   13.087775755

   -3.141592654   -2.792526803   25.603729787  -49.905502969   23.849441475
   -2.951193099   -2.792526803   17.608504576  -33.438748038   26.106701612
   -2.760793544   -2.792526803   13.040156730  -14.703566789   27.356487299
   -2.570393989   -2.792526803   11.857961142    1.452212014   27.757850824
   -2.379994435   -2.792526803   13.221552111   11.710300063   27.697830890
   -2.189594880   -2.792526803   15.905176146   15.480936477   27.724334693
   -1.999195325   -2.792526803   18.842473592   14.929973139   28.348798741
   -1.808795770   -2.792526803   21.553715706   13.749511751   29.775254159
   -1.618396215   -2.792526803   24.251994965   15.192901905   31.712634421
   -1.427996661   -2.792526803   27.595676133   20.517531849   33.416411535
   -1.237597106   -2.792526803   32.247452565   28.541850180   33.969483893
   -1.047197551   -2.792526803   38.470573044   36.503728914   32.662670860
   -0.856797996   -2.792526803   45.958778180   41.283528744   29.255870975
   -0.666398442   -2.792526803   53.861843028   40.539575154   24.030304255
   -0.475998887   -2.792526803   60.993792014   33.098263747   17.612444165
   -0.285599332   -2.792526803   66.069235998   19.075193342   10.738053598
   -0.095199777   -2.792526803   67.948176614   -0.084186228    4.039425092
    0.095199777   -2.792526803   65.915377004  -21.358185624   -2.040277771
    0.285599332   -2.792526803   59.993652646  -40.010300200   -7.214856531
    0.475998887   -2.792526803   51.221632627  -50.407547798  -11.265163932
    0.666398442   -2.792526803   41.646042025  -47.899718449  -13.980711374
    0.856797996   -2.792526803   33.896523306  -31.427100911  -15.195109773
    1.047197551   -2.792526803   30.333613041   -4.984421963  -14.881729636
    1.237597106   -2.792526803   32.135485123   23.382316965  -13.230874802
    1.427996661   -2.792526803   38.794831563   44.711120021  -10.606330548
    1.618396215   -2.792526803   48.304541649   52.638539808   -7.407430259
    1.808795770   -2.792526803   57.877433522   45.510411658   -3.902305184
    1.999195325   -2.792526803   64.855577932   26.152572978   -0.180292537
    2.189594880   -2.792526803   67.414349493    0.144384376    3.788828790
    2.379994435   -2.792526803   64.894254482  -26.159728508    8.018571229
    2.570393989   -2.792526803   57.796294625  -47.112158139   12.412013333
    2.760793544   -2.792526803   47.552701765  -58.750508418   16.729555108
    2.951193099   -2.792526803   36.136506610  -59.389646369   20.648051419

   -3.141592654   -2.443460953   33.969795533  -45.353547217   22.247603574
   -2.951193099   -2.443460953   26.673587383  -30.675263107   24.138237542
   -2.760793544   -2.443460953   22.465773615  -13.635490717   25.123600002
   -2.570393989   -2.443460953   21.357489534    1.266770361   25.354675378
   -2.379994435   -2.443460953   22.626691911   11.053755091   25.142371405
   -2.189594880   -2.443460953   25.213864423   15.268607670   24.896437416
   -1.999195325   -2.443460953   28.208593898   15.807644899   24.965556986
   -1.808795770   -2.443460953   31.192855095   15.658662185   25.432117292
   -1.618396215   -2.443460953   34.285237228   17.207719459   25.992905002
   -1.427996661   -2.443460953   37.903042555   21.116481378   26.034135282
   -1.237597106   -2.443460953   42.410521167   26.234437489   24.882438306
   -1.047197551   -2.443460953   47.843876092   30.471033429   22.108002010
   -0.856797996   -2.443460953   53.836412780   31.740869889   17.701602787
   -0.666398442   -2.443460953   59.670716293   28.604268502   12.082478338
   -0.475998887   -2.443460953   64.426797211   20.368025913    5.916449628
   -0.285599332   -2.443460953   67.125970570    7.088200110   -0.096051864
   -0.095199777   -2.443460953   66.884426037  -10.223856716   -5.407312142
    0.095199777   -2.443460953   63.144472898  -29.096982777   -9.702657269
    0.285599332   -2.443460953   55.989506977  -45.228224919  -12.867475587
    0.475998887   -2.443460953   46.455786135  -53.207940001  -14.904137755
    0.666398442   -2.443460953   36.562506383  -48.459558836  -15.846085386
    0.856797996   -2.443460953   28.901203363  -29.968647284  -15.736482773
    1.047197551   -2.443460953   25.781950877   -1.831631910  -14.647925334
    1.237597106   -2.443460953   28.309329487   27.785443562  -12.716771026
    1.427996661   -2.443460953   35.888532779   49.904379576  -10.135717936
    1.618396215   -2.443460953   46.435649660   58.313629880   -7.103488164
    1.808795770   -2.443460953   57.127237667   51.588112714   -3.749729002
    1.999195325   -2.443460953   65.308187354   32.727593912   -0.126436335
    2.189594880   -2.443460953   69.174349580    7.293767898    3.756083107
    2.379994435   -2.443460953   68.064174858  -18.546955674    7.845964183
    2.570393989   -2.443460953   62.432317863  -39.418218144   11.999660480
    2.760793544   -2.443460953   53.618024892  -51.546194634   15.971026664
    2.951193099   -2.443460953   43.479894103  -53.276173813   19.472266358

   -3.141592654   -2.094395102   40.440497573  -41.254640628   13.536810070
   -2.951193099   -2.094395102   33.806398909  -27.854485441   14.802888752
   -2.760793544   -2.094395102   30.007914706  -12.151929566   15.530805073
   -2.570393989   -2.094395102   29.063502809    1.549149754   15.764138929
   -2.379994435   -2.094395102   30.300672977   10.512353070   15.595324283
   -2.189594880   -2.094395102   32.745958979   14.399029399   15.156344729
   -1.999195325   -2.094395102   35.572465908   14.935069786   14.554548546
   -1.808795770   -2.094395102   38.383817909   14.647512140   13.775245508
   -1.618396215   -2.094395102   41.221881783   15.408543900   12.638423378
   -1.427996661   -2.094395102   44.349847682   17.629651764   10.864472418
   -1.237597106   -2.094395102   47.973784831   20.383925942    8.221057104
   -1.047197551   -2.094395102   52.056668980   22.196407472    4.675210441
   -0.856797996   -2.094395102   56.292144834   21.742431258    0.445620066
   -0.666398442   -2.094395102   60.152658376   18.105163647   -4.036114684
   -0.475998887   -2.094395102   62.969607329   10.722294589   -8.275856444
   -0.285599332   -2.094395102   63.999227443   -0.654046303  -11.852815944
   -0.095199777   -2.094395102   62.508722604  -15.561230717  -14.523209431
    0.095199777   -2.094395102   57.981243320  -32.074645448  -16.251526729
    0.285599332   -2.094395102   50.452776170  -46.256500460  -17.149325980
    0.475998887   -2.094395102   40.866940103  -52.798443043  -17.395233177
    0.666398442   -2.094395102   31.153306288  -47.027111878  -17.135492428
    0.856797996   -2.094395102   23.841231503  -27.747917691  -16.440804326
    1.047197551   -2.094395102   21.211787337    1.094590502  -15.296774157
    1.237597106   -2.094395102   24.360394119   31.388760100  -13.653650516
    1.427996661   -2.094395102   32.688261626   54.153327252  -11.493102004
    1.618396215   -2.094395102   44.102980298   63.166523283   -8.868692041
    1.808795770   -2.094395102   55.772471300   56.989647950   -5.893212110
    1.999195325   -2.094395102   65.030406268   38.618255935   -2.712844311
    2.189594880   -2.094395102   70.058230211   13.570586717    0.535849537
    2.379994435   -2.094395102   70.166966168  -12.067269283    3.725538400
    2.570393989   -2.094395102   65.766880920  -33.024851882    6.736816475
    2.760793544   -2.094395102   58.135051886  -45.588750018    9.444149529
    2.951193099   -2.094395102   49.062818151  -48.102580447   11.737430691

   -3.141592654   -1.745329252   42.596365528  -39.368259960    5.167681453
   -2.951193099   -1.745329252   36.277320385  -26.445641231    5.719530982
   -2.760793544   -1.745329252   32.698547418  -11.268260842    6.044081380
   -2.570393989   -1.745329252   31.864449775    1.804416006    6.123395369
   -2.379994435   -1.745329252   33.082204602   10.032422999    5.896376938
   -2.189594880   -1.745329252   35.357037138   13.065984017    5.278893271
   -1.999195325   -1.745329252   37.834425163   12.563655659    4.173800197
   -1.808795770   -1.745329252   40.074444731   10.969809817    2.477581942
   -1.618396215   -1.745329252   42.067880326   10.188731790    0.121327044
   -1.427996661   -1.745329252   44.052039636   10.869440035   -2.858064629
   -1.237597106   -1.745329252   46.271430220   12.506695431   -6.274050782
   -1.047197551   -1.745329252   48.811893610   14.040946427   -9.803249567
   -0.856797996   -1.745329252   51.552192533   14.377332836  -13.074197785
   -0.666398442   -1.745329252   54.163443822   12.482984153  -15.751581520
   -0.475998887   -1.745329252   56.124515175    7.411814282  -17.628026464
   -0.285599332   -1.745329252   56.750087055   -1.615482895  -18.648938128
   -0.095199777   -1.745329252   55.268104046  -14.616932873  -18.906646430
    0.095199777   -1.745329252   51.045560970  -29.947870389  -18.615098300
    0.285599332   -1.745329252   43.972097925  -43.723880780  -18.029977187
    0.475998887   -1.745329252   34.856555416  -50.457158642  -17.380555703
    0.666398442   -1.745329252   25.546091808  -45.142215160  -16.780098758
    0.856797996   -1.745329252   18.556569602  -26.193802799  -16.193596505
    1.047197551   -1.745329252   16.223755419    2.738480474  -15.447157800
    1.237597106   -1.745329252   19.733356827   33.601150727  -14.314165197
    1.427996661   -1.745329252   28.564417736   57.239416806  -12.641520017
    1.618396215   -1.745329252   40.652738576   67.116562294  -10.431698677
    1.808795770   -1.745329252   53.135510576   61.505678559   -7.840992399
    1.999195325   -1.745329252   63.275427196   43.289121576   -5.120502273
    2.189594880   -1.745329252   69.178290887   18.028575310   -2.512107611
    2.379994435   -1.745329252   70.096926678   -8.052164688   -0.197080619
    2.570393989   -1.745329252   66.410549255  -29.561444733    1.728738104
    2.760793544   -1.745329252   59.384591850  -42.690482660    3.237421332
    2.951193099   -1.745329252   50.813575927  -45.733013757    4.362173162

   -3.141592654   -1.396263402   41.061714333  -39.881786434    2.863585837
   -2.951193099   -1.396263402   34.648374317  -26.907190009    2.777328197
   -2.760793544   -1.396263402   30.995243707  -11.592323323    2.471524609
   -2.570393989   -1.396263402   30.107064391    1.527511707    1.943858625
   -2.379994435   -1.396263402   31.256918158    9.529825269    1.095469567
   -2.189594880   -1.396263402   33.379616915   11.882232653   -0.251025844
   -1.999195325   -1.396263402   35.522770536   10.148225854   -2.294351508
   -1.808795770   -1.396263402   37.150305957    6.907682618   -5.159266979
   -1.618396215   -1.396263402   38.210906814    4.503601974   -8.784484492
   -1.427996661   -1.396263402   39.002839358    4.185545321  -12.849531774
   -1.237597106   -1.396263402   39.940676932    5.942131196  -16.815022774
   -1.047197551   -1.396263402   41.341870422    8.827091262  -20.069668932
   -0.856797996   -1.396263402   43.296115828   11.448560709  -22.136482192
   -0.666398442   -1.396263402   45.599467973   12.178836962  -22.807650817
   -0.475998887   -1.396263402   47.735792806    9.467954192  -22.192390110
   -0.285599332   -1.396263402   48.922383340    2.078431827  -20.640474249
   -0.095199777   -1.396263402   48.225417166  -10.240129487  -18.611930747
    0.095199777   -1.396263402   44.825550448  -25.833447800  -16.557569448
    0.285599332   -1.396263402   38.448009841  -40.630023247  -14.797323854
    0.475998887   -1.396263402   29.789396157  -48.769303283  -13.481800511
    0.666398442   -1.396263402   20.669715219  -44.767869288  -12.576033349
    0.856797996   -1.396263402   13.669347942  -26.561567161  -11.910681271
    1.047197551   -1.396263402   11.264198882    2.485718947  -11.243789996
    1.237597106   -1.396263402   14.802637092   34.248711043  -10.346251919
    1.427996661   -1.396263402   23.879797831   59.182162781   -9.088608268
    1.618396215   -1.396263402   36.455190734   70.215451484   -7.468616675
    1.808795770   -1.396263402   49.595369794   65.185263676   -5.596884171
    1.999195325   -1.396263402   60.435287414   46.843001050   -3.645209940
    2.189594880   -1.396263402   66.955904797   20.880825357   -1.779308595
    2.379994435   -1.396263402   68.326437977   -6.184555125   -0.135982308
    2.570393989   -1.396263402   64.900450073  -28.678559932    1.187233825
    2.760793544   -1.396263402   57.964650196  -42.579433030    2.126759423
    2.951193099   -1.396263402   49.365571176  -46.086468599    2.672423168

   -3.141592654   -1.047197551   38.860188144  -42.069757638    3.459989177
   -2.951193099   -1.047197551   32.029163491  -29.055813406    2.404889156
   -2.760793544   -1.047197551   27.994881219  -13.426081567    1.033371632
   -2.570393989   -1.047197551   26.789309469   -0.008157185   -0.550995239
   -2.379994435   -1.047197551   27.648409609    7.917606330   -2.368441540
   -2.189594880   -1.047197551   29.406970761    9.551823998   -4.572369324
   -1.999195325   -1.047197551   30.986479622    6.475778830   -7.369714570
   -1.808795770   -1.047197551   31.764723909    1.673272999  -10.858326182
   -1.618396215   -1.047197551   31.712384778   -1.808643681  -14.859213313
   -1.427996661   -1.047197551   31.288231277   -2.038653259  -18.855621694
   -1.237597106   -1.047197551   31.167025638    1.289060476  -22.117259579
   -1.047197551   -1.047197551   31.933666862    6.965613666  -23.962116637
   -0.856797996   -1.047197551   33.846613705   12.885260264  -24.028623347
   -0.666398442   -1.047197551   36.713730740   16.528343735  -22.404399701
   -0.475998887   -1.047197551   39.873969227   15.647393258  -19.575469860
   -0.285599332   -1.047197551   42.301093586    8.692744653  -16.231658095
   -0.095199777   -1.047197551   42.800202375   -4.491455361  -13.023774929
    0.095199777   -1.047197551   40.339462353  -21.819729663  -10.384837358
    0.285599332   -1.047197551   34.532389641  -38.652787861   -8.423192031
    0.475998887   -1.047197551   26.073830910  -48.552233923   -6.988820396
    0.666398442   -1.047197551   16.881874217  -45.607611513   -5.808427383
    0.856797996   -1.047197551    9.693956159  -27.553452920   -4.663988978
    1.047197551   -1.047197551    7.154557331    2.169723148   -3.482509570
    1.237597106   -1.047197551   10.741280605   35.095974148   -2.316008420
    1.427996661   -1.047197551   20.098370931   61.228918229   -1.261533409
    1.618396215   -1.047197551   33.150895946   73.083475506   -0.354395440
    1.808795770   -1.047197551   46.868193343   68.265324606    0.453727778
    1.999195325   -1.047197551   58.267062625   49.543186272    1.254949408
    2.189594880   -1.047197551   65.230395218   22.774327365    2.109370213
    2.379994435   -1.047197551   66.866330225   -5.309723076    2.978665096
    2.570393989   -1.047197551   63.505641388  -28.863293955    3.718864580
    2.760793544   -1.047197551   56.441157752  -43.713916933    4.131474868
    2.951193099   -1.047197551   47.554054139  -47.928149671    4.061645940

   -3.141592654   -0.698131701   38.644452033  -45.222860052    3.384706759
   -2.951193099   -0.698131701   31.166923973  -32.616619462    1.196425273
   -2.760793544   -0.698131701   26.447120126  -17.013837360   -1.356216357
   -2.570393989   -0.698131701   24.567756092   -3.509900787   -4.021709935
   -2.379994435   -0.698131701   24.751841056    4.260286619   -6.694703606
   -2.189594880   -0.698131701   25.761990023    5.264401811   -9.468671976
   -1.999195325   -0.698131701   26.433042057    1.190771677  -12.538857151
   -1.808795770   -0.698131701   26.115421540   -4.471665235  -15.972377362
   -1.618396215   -0.698131701   24.873293576   -7.960799584  -19.497948893
   -1.427996661   -0.698131701   23.384545752   -6.813795604  -22.476645635
   -1.237597106   -0.698131701   22.597706401   -0.725006296  -24.122117998
   -1.047197551   -0.698131701   23.311269976    8.474435295  -23.860086405
   -0.856797996   -0.698131701   25.837892893   17.695959614  -21.618847011
   -0.666398442   -0.698131701   29.850954978   23.503057031  -17.886081641
   -0.475998887   -0.698131701   34.417468076   23.157619992  -13.510601382
   -0.285599332   -0.698131701   38.199099331   15.188104465   -9.376151233
   -0.095199777   -0.698131701   39.754640072   -0.001294946   -6.078423718
    0.095199777   -0.698131701   37.939535799  -19.485925552   -3.764624426
    0.285599332   -0.698131701   32.414806418  -37.872815955   -2.139515795
    0.475998887   -0.698131701   24.036999978  -48.303241841   -0.699881490
    0.666398442   -0.698131701   14.920335852  -44.946777218    0.971653768
    0.856797996   -0.698131701    7.941470020  -26.012530187    2.963739559
    1.047197551   -0.698131701    5.776174636    4.482170641    5.005908791
    1.237597106   -0.698131701    9.840035307   37.681854980    6.663034632
    1.427996661   -0.698131701   19.674285338   63.576469750    7.592720116
    1.618396215   -0.698131701   33.128221235   74.928816867    7.751056789
    1.808795770   -0.698131701   47.149188227   69.629816728    7.379396270
    1.999195325   -0.698131701   58.774482257   50.581373439    6.854340422
    2.189594880   -0.698131701   65.911033117   23.553485650    6.474178328
    2.379994435   -0.698131701   67.661199681   -4.927764780    6.317972740
    2.570393989   -0.698131701   64.312283399  -29.176865550    6.219968960
    2.760793544   -0.698131701   57.098290280  -45.000676313    5.868401100
    2.951193099   -0.698131701   47.865948346  -50.259733062    4.970203632

   -3.141592654   -0.349065850   39.380159344  -49.655076186    3.134060860
   -2.951193099   -0.349065850   30.968961773  -37.893030686    0.213789121
   -2.760793544   -0.349065850   25.207166549  -22.584381653   -2.981732010
   -2.570393989   -0.349065850   22.272294081   -8.987142149   -6.141530422
   -2.379994435   -0.349065850   21.427522196   -1.093664013   -9.107859696
   -2.189594880   -0.349065850   21.411078995   -0.211840442  -11.933884268
   -1.999195325   -0.349065850   21.013064893   -4.552382960  -14.765266292
   -1.808795770   -0.349065850   19.601136971  -10.099516587  -17.589193375
   -1.618396215   -0.349065850   17.376938476  -12.424685651  -20.046763476
   -1.427996661   -0.349065850   15.258515782   -8.732899027  -21.478361597
   -1.237597106   -0.349065850   14.437421467    0.949424213  -21.222529021
   -1.047197551   -0.349065850   15.829444154   13.852859183  -18.995928916
   -0.856797996   -0.349065850   19.660662767   25.766156889  -15.108542701
   -0.666398442   -0.349065850   25.327895051   32.475333819  -10.383043446
   -0.475998887   -0.349065850   31.535113012   31.123379870   -5.811983824
   -0.285599332   -0.349065850   36.624517635   20.809538047   -2.169074025
   -0.095199777   -0.349065850   38.992551022    2.936415898    0.287854902
    0.095199777   -0.349065850   37.532080357  -18.506099420    1.864485930
    0.285599332   -0.349065850   32.115777414  -37.459677627    3.254616033
    0.475998887   -0.349065850   23.877909980  -47.051881435    5.155340142
    0.666398442   -0.349065850   15.146743947  -42.117920418    7.886256608
    0.856797996   -0.349065850    8.846754877  -21.858054402   11.182341929
    1.047197551   -0.349065850    7.521146600    8.920125546   14.305114872
    1.237597106   -0.349065850   12.358159667   41.164945319   16.434755991
    1.427996661   -0.349065850   22.697954545   65.336128583   17.072399397
    1.618396215   -0.349065850   36.317373854   74.969423811   16.272276569
    1.808795770   -0.349065850   50.229261927   68.582521803   14.539406902
    1.999195325   -0.349065850   61.616118631   49.248701683   12.545345079
    2.189594880   -0.349065850   68.515617469   22.446952572   10.800729452
    2.379994435   -0.349065850   70.079889349   -5.817124941    9.476834311
    2.570393989   -0.349065850   66.548821397  -30.298429835    8.396192829
    2.760793544   -0.349065850   59.050684932  -46.954640721    7.186679631
    2.951193099   -0.349065850   49.332068523  -53.455699883    5.490311893

   -3.141592654    0.000000000   40.584795804  -54.634284758    2.497395461
   -2.951193099    0.000000000   31.149848729  -43.556114431   -0.269999975
   -2.760793544    0.000000000   24.289454323  -28.351339838   -3.150663313
   -2.570393989    0.000000000   20.285340109  -14.394718557   -5.918027509
   -2.379994435    0.000000000   18.457632503   -6.013857798   -8.465399644
   -2.189594880    0.000000000   17.540979893   -4.771790648  -10.831650185
   -1.999195325    0.000000000   16.304268982   -8.770348211  -13.074176564
   -1.808795770    0.000000000   14.153553467  -13.511082288  -15.059136572
   -1.618396215    0.000000000   11.431238378  -14.049619535  -16.362438059
   -1.427996661    0.000000000    9.260177397   -7.506500895  -16.405921599
   -1.237597106    0.000000000    8.988898262    5.500448001  -14.780973115
   -1.047197551    0.000000000   11.526991275   21.152495498  -11.554357551
   -0.856797996    0.000000000   16.891904508   34.256599892   -7.332723569
   -0.666398442    0.000000000   24.135322656   40.228603907   -3.040387865
   -0.475998887    0.000000000   31.621277810   36.610817137    0.491431657
   -0.285599332    0.000000000   37.489874193   23.516549708    2.861325876
   -0.095199777    0.000000000   40.153969033    3.532791791    4.260915405
    0.095199777    0.000000000   38.726737906  -18.451020587    5.360412152
    0.285599332    0.000000000   33.412686968  -36.173058798    6.993717436
    0.475998887    0.000000000   25.637879318  -43.373527609    9.738203288
    0.666398442    0.000000000   17.841860886  -36.108610295   13.587593995
    0.856797996    0.000000000   12.813679543  -14.831693620   17.882509229
    1.047197551    0.000000000   12.768991832   15.005591469   21.567522620
    1.237597106    0.000000000   18.536201424   44.635489082   23.678601459
    1.427996661    0.000000000   29.226967998   65.556736845   23.757056102
    1.618396215    0.000000000   42.614361345   72.488895124   22.013073588
    1.808795770    0.000000000   55.896470027   64.693870466   19.138300247
    1.999195325    0.000000000   66.516217476   45.270375065   15.956782148
    2.189594880    0.000000000   72.716632148   19.156868808   13.078608406
    2.379994435    0.000000000   73.728063976   -8.385925468   10.740047052
    2.570393989    0.000000000   69.737457786  -32.672218732    8.815805876
    2.760793544    0.000000000   61.748534335  -49.846535345    6.987513407
    2.951193099    0.000000000   51.387232952  -57.366895081    4.936054001

   -3.141592654    0.349065850   42.535630081  -58.532019760    2.402190857
   -2.951193099    0.349065850   32.302422475  -47.965769864    0.652415852
   -2.760793544    0.349065850   24.581116135  -32.906060181   -1.052473716
   -2.570393989    0.349065850   19.722588716  -18.769367054   -2.678566794
   -2.379994435    0.349065850   17.089783828  -10.082494040   -4.252009679
   -2.189594880    0.349065850   15.428435285   -8.512663273   -5.834653399
   -1.999195325    0.349065850   13.522948467  -11.988202312   -7.410193576
   -1.808795770    0.349065850   10.851238333  -15.635008353   -8.758525951
   -1.618396215    0.349065850    7.892503222  -14.269791858   -9.463911730
   -1.427996661    0.349065850    5.912189863   -5.226813925   -9.102631733
   -1.237597106    0.349065850    6.310872597   10.164438308   -7.510537798
   -1.047197551    0.349065850    9.892190917   27.223334260   -4.944306572
   -0.856797996    0.349065850   16.428083023   40.216207321   -2.003269473
   -0.666398442    0.349065850   24.681749628   44.697828480    0.644705318
   -0.475998887    0.349065850   32.818628405   38.950424219    2.601300693
   -0.285599332    0.349065850   38.954985853   24.138494512    3.912171400
   -0.095199777    0.349065850   41.673066794    3.745400035    5.057660448
    0.095199777    0.349065850   40.381234512  -16.968339573    6.737501650
    0.285599332    0.349065850   35.581275712  -32.105871390    9.541658399
    0.475998887    0.349065850   28.860221054  -36.438811409   13.633576671
    0.666398442    0.349065850   22.586634284  -27.335132508   18.571212223
    0.856797996    0.349065850   19.249255508   -6.244320113   23.389763640
    1.047197551    0.349065850   20.644648438   21.210537973   26.944210100
    1.237597106    0.349065850   27.242334364   47.013346870   28.382033195
    1.427996661    0.349065850   37.997861140   63.956087017   27.475515276
    1.618396215    0.349065850   50.776668243   67.945144819   24.664219856
    1.808795770    0.349065850   63.041772408   58.839991514   20.790364755
    1.999195325    0.349065850   72.544753139   39.599760458   16.733908326
    2.189594880    0.349065850   77.757533251   14.538651634   13.109174578
    2.379994435    0.349065850   78.004007734  -11.844308257   10.166595573
    2.570393989    0.349065850   73.432670992  -35.418240646    7.840826543
    2.760793544    0.349065850   64.935021763  -52.553195186    5.912204744
    2.951193099    0.349065850   54.016445389  -60.575014142    4.147179478

   -3.141592654    0.698131701   44.337153587  -60.448469467    0.956182195
   -2.951193099    0.698131701   33.729050898  -49.968501493    0.643389895
   -2.760793544    0.698131701   25.612596485  -35.044327830    0.476649158
   -2.570393989    0.698131701   20.331013346  -21.072960336    0.292268771
   -2.379994435    0.698131701   17.240624845  -12.575461089   -0.057497559
   -2.189594880    0.698131701   15.091690727  -11.103268090   -0.659325613
   -1.999195325    0.698131701   12.707886366  -14.337774183   -1.473133658
   -1.808795770    0.698131701    9.656667752  -17.160478048   -2.295650521
   -1.618396215    0.698131701    6.533065381  -14.396257498   -2.826435037
   -1.427996661    0.698131701    4.682669743   -3.748153109   -2.826238241
   -1.237597106    0.698131701    5.489050039   12.849063461   -2.262877265
   -1.047197551    0.698131701    9.628934944   30.237308604   -1.336371262
   -0.856797996    0.698131701   16.693629915   42.619869041   -0.338807751
   -0.666398442    0.698131701   25.304090999   46.023130509    0.543853487
   -0.475998887    0.698131701   33.606003853   39.464437482    1.396509766
   -0.285599332    0.698131701   39.835134747   24.795459577    2.565498886
   -0.095199777    0.698131701   42.792604301    5.819211220    4.526169004
    0.095199777    0.698131701   42.119470806  -12.408069853    7.669265548
    0.285599332    0.698131701   38.460957557  -24.695822408   12.067907563
    0.475998887    0.698131701   33.377789117  -26.852287645   17.343391511
    0.666398442    0.698131701   29.010897079  -17.244699649   22.669906626
    0.856797996    0.698131701   27.470148820    2.159773428   26.987380185
    1.047197551    0.698131701   30.146314980   26.003703863   29.352567293
    1.237597106    0.698131701   37.229539670   47.281197514   29.288614310
    1.427996661    0.698131701   47.625558660   60.087450696   26.948787859
    1.618396215    0.698131701   59.380862105   61.351519476   23.005538492
    1.808795770    0.698131701   70.273832185   51.309481276   18.346375410
    1.999195325    0.698131701   78.376916466   32.618883299   13.767162704
    2.189594880    0.698131701   82.383630576    8.928344881    9.780093393
    2.379994435    0.698131701   81.707461781  -15.954025444    6.606236452
    2.570393989    0.698131701   76.473402282  -38.341019990    4.249870133
    2.760793544    0.698131701   67.493518693  -54.773555060    2.615268745
    2.951193099    0.698131701   56.183703604  -62.513263534    1.564915104

   -3.141592654    1.047197551   43.209519390  -60.725509613   -3.765728126
   -2.951193099    1.047197551   32.623299787  -49.498713966   -2.908451176
   -2.760793544    1.047197551   24.635816592  -34.216439771   -1.815023517
   -2.570393989    1.047197551   19.516836450  -20.241653886   -0.787343925
   -2.379994435    1.047197551   16.561637808  -12.012557568   -0.033034756
   -2.189594880    1.047197551   14.482931453  -10.928288479    0.356392728
   -1.999195325    1.047197551   12.099378535  -14.482368071    0.398288651
   -1.808795770    1.047197551    9.006318710  -17.414737748    0.188565849
   -1.618396215    1.047197551    5.840245867  -14.566868454   -0.153339686
   -1.427996661    1.047197551    3.969747913   -3.807645133   -0.540713586
   -1.237597106    1.047197551    4.764353519   12.735165032   -0.928571841
   -1.047197551    1.047197551    8.862622512   29.889522134   -1.267389192
   -0.856797996    1.047197551   15.840330865   42.090364799   -1.417607908
   -0.666398442    1.047197551   24.367945440   45.802430510   -1.121192352
   -0.475998887    1.047197551   32.723696713   40.411298956   -0.033034816
   -0.285599332    1.047197551   39.322257940   27.870735340    2.160247418
   -0.095199777    1.047197551   43.124318881   11.684332394    5.605968727
    0.095199777    1.047197551   43.837833465   -3.781104345   10.185443195
    0.285599332    1.047197551   42.020309233  -14.206585239   15.443172717
    0.475998887    1.047197551   38.982245628  -16.194154361   20.630883233
    0.666398442    1.047197551   36.497453694   -8.479195795   24.842610534
    0.856797996    1.047197551   36.298578402    7.252367982   27.265546582
    1.047197551    1.047197551   39.514480998   26.528462624   27.440057814
    1.237597106    1.047197551   46.275914149   43.517187314   25.406583023
    1.427996661    1.047197551   55.638044661   53.248593781   21.673977151
    1.618396215    1.047197551   65.924160544   53.014850857   16.992517952
    1.808795770    1.047197551   75.201000470   42.855929887   12.085337472
    1.999195325    1.047197551   81.757647100   24.920706110    7.479556330
    2.189594880    1.047197551   84.405469938    2.388910871    3.476028671
    2.379994435    1.047197551   82.605534959  -21.210434570    0.237313223
    2.570393989    1.047197551   76.495823983  -42.273211877   -2.135559702
    2.760793544    1.047197551   66.893503047  -57.378018148   -3.569265965
    2.951193099    1.047197551   55.208351542  -63.856305568   -4.070597073

   -3.141592654    1.396263402   38.858300327  -59.367271260  -10.470614153
   -2.951193099    1.396263402   28.681458613  -46.652742010   -9.284776614
   -2.760793544    1.396263402   21.319694560  -30.618697343   -7.655149327
   -2.570393989    1.396263402   16.899272508  -16.608989758   -5.882032783
   -2.379994435    1.396263402   14.592693956   -8.903207080   -4.147248435
   -2.189594880    1.396263402   13.027041329   -8.687540929   -2.535096588
   -1.999195325    1.396263402   10.973109743  -13.278878400   -1.101684803
   -1.808795770    1.396263402    8.006212528  -17.295957243    0.065695706
   -1.618396215    1.396263402    4.761789411  -15.500547685    0.845274675
   -1.427996661    1.396263402    2.625222833   -5.638939191    1.141233702
   -1.237597106    1.396263402    3.014704836   10.379224653    0.987811467
   -1.047197551    1.396263402    6.667402077   27.693607170    0.615945916
   -0.856797996    1.396263402   13.315847138   40.992995904    0.449844130
   -0.666398442    1.396263402   21.819916962   46.806432477    0.982245398
   -0.475998887    1.396263402   30.629421309   44.256751727    2.620535368
   -0.285599332    1.396263402   38.250905379   34.734158023    5.543874517
   -0.095199777    1.396263402   43.608892041   21.013883121    9.622338807
    0.095199777    1.396263402   46.236189000    6.728067231   14.422621520
    0.285599332    1.396263402   46.392527937   -4.299801864   19.237260996
    0.475998887    1.396263402   45.033274900   -8.762008624   23.220201735
    0.666398442    1.396263402   43.609286130   -4.941235415   25.573672767
    0.856797996    1.396263402   43.664031298    6.392971117   25.795269472
    1.047197551    1.396263402   46.334276277   21.830150978   23.847672942
    1.237597106    1.396263402   51.940253062   36.340730452   20.154803289
    1.427996661    1.396263402   59.824363888   45.132722021   15.433868000
    1.618396215    1.396263402   68.570703639   45.081912273   10.406250318
    1.808795770    1.396263402   76.396842224   35.568278191    5.575126176
    1.999195325    1.396263402   81.627447338   18.248570321    1.178066028
    2.189594880    1.396263402   83.053378056   -3.775571056   -2.714122877
    2.379994435    1.396263402   80.136461554  -26.722002450   -6.031784922
    2.570393989    1.396263402   73.074344227  -46.659986821   -8.622874386
    2.760793544    1.396263402   62.789396264  -60.065026542  -10.282610733
    2.951193099    1.396263402   50.784272451  -64.482726898  -10.882867545

   -3.141592654    1.745329252   32.389389884  -58.059501844  -16.774743552
   -2.951193099    1.745329252   22.635536043  -43.609291807  -15.746037927
   -2.760793544    1.745329252   15.966201858  -26.508797098  -14.010897218
   -2.570393989    1.745329252   12.377994632  -12.076241489  -11.815749657
   -2.379994435    1.745329252   10.932741262   -4.461547770   -9.311062903
   -2.189594880    1.745329252   10.171774704   -4.739875556   -6.581073337
   -1.999195325    1.745329252    8.793721464  -10.191442628   -3.730526392
   -1.808795770    1.745329252    6.305791539  -15.407116031   -0.960348403
   -1.618396215    1.745329252    3.290478249  -15.001381249    1.447254349
   -1.427996661    1.745329252    1.127126696   -6.364710428    3.235425269
   -1.237597106    1.745329252    1.311839206    9.084474333    4.326915165
   -1.047197551    1.745329252    4.748948396   26.915718596    4.911402702
   -0.856797996    1.745329252   11.393567051   41.905871825    5.416322244
   -0.666398442    1.745329252   20.304722152   50.259917512    6.333253417
   -0.475998887    1.745329252   30.034699262   50.437137809    8.017223395
   -0.285599332    1.745329252   39.053668042   43.069696796   10.538051767
   -0.095199777    1.745329252   46.112454223   30.306031726   13.618462918
    0.095199777    1.745329252   50.475189497   15.384277424   16.697272849
    0.285599332    1.745329252   52.088310528    2.091678152   19.038172681
    0.475998887    1.745329252   51.624480968   -5.915473922   19.949696186
    0.666398442    1.745329252   50.354772188   -6.178166026   19.011916478
    0.856797996    1.745329252   49.808635640    1.473283374   16.268829083
    1.047197551    1.745329252   51.281731489   14.416952281   12.234161235
    1.237597106    1.745329252   55.360972633   27.960446252    7.684297596
    1.427996661    1.745329252   61.661292398   37.030372658    3.352917361
    1.618396215    1.745329252   68.943086963   37.829121249   -0.353967908
    1.808795770    1.745329252   75.466355786   29.080011662   -3.439935807
    1.999195325    1.745329252   79.503153246   12.132044131   -6.174366930
    2.189594880    1.745329252   79.777472604   -9.757865142   -8.840710094
    2.379994435    1.745329252   75.745453155  -32.372615065  -11.511035227
    2.570393989    1.745329252   67.684718552  -51.365833682  -13.980554508
    2.760793544    1.745329252   56.651916149  -63.092067261  -15.873637998
    2.951193099    1.745329252   44.270415012  -65.346471876  -16.851917099

   -3.141592654    2.094395102   25.321974943  -57.646288613  -18.933447615
   -2.951193099    2.094395102   15.804734533  -41.600476459  -18.033901454
   -2.760793544    2.094395102    9.639127297  -23.305450189  -16.233219496
   -2.570393989    2.094395102    6.747545137   -8.011238980  -13.720482351
   -2.379994435    2.094395102    6.142141119    0.267246988  -10.651164597
   -2.189594880    2.094395102    6.332918464    0.493059955   -7.144484145
   -1.999195325    2.094395102    5.978372730   -4.743481264   -3.338445295
   -1.808795770    2.094395102    4.511988049  -10.219489788    0.540625172
   -1.618396215    2.094395102    2.417725174  -10.598908169    4.174308521
   -1.427996661    2.094395102    0.992178211   -3.044337750    7.236788341
   -1.237597106    2.094395102    1.715889844   11.476609193    9.538160944
   -1.047197551    2.094395102    5.566555138   28.986365756   11.121056294
   -0.856797996    2.094395102   12.637203429   44.429705230   12.247068125
   -0.666398442    2.094395102   22.120933931   53.802549333   13.245920049
   -0.475998887    2.094395102   32.631472531   55.047649479   14.334242401
   -0.285599332    2.094395102   42.590463253   48.179709189   15.489623908
   -0.095199777    2.094395102   50.588252076   34.852200975   16.416248712
    0.095199777    2.094395102   55.659770410   18.064449526   16.638796877
    0.285599332    2.094395102   57.512895577    1.781582141   15.645756307
    0.475998887    2.094395102   56.658180695   -9.733542489   13.125208919
    0.666398442    2.094395102   54.351593270  -13.098808052    9.153020092
    0.856797996    2.094395102   52.287542070   -7.266650424    4.271752842
    1.047197551    2.094395102   52.059178741    5.575558589   -0.664342654
    1.237597106    2.094395102   54.569800296   20.522247357   -4.821538417
    1.427996661    2.094395102   59.651636118   31.706581249   -7.714641635
    1.618396215    2.094395102   66.107499829   34.366249841   -9.384919791
    1.808795770    2.094395102   72.077920535   26.561037295  -10.308972705
    1.999195325    2.094395102   75.640356617    9.523843128  -11.121200486
    2.189594880    2.094395102   75.355460006  -13.065049232  -12.305363622
    2.379994435    2.094395102   70.626519733  -36.306703624  -13.995159319
    2.570393989    2.094395102   61.805346957  -55.266502699  -15.952783951
    2.760793544    2.094395102   50.102775248  -66.077105200  -17.714229329
    2.951193099    2.094395102   37.296002218  -66.738905379  -18.808272904

   -3.141592654    2.443460953   18.823582035  -57.960247808  -12.736655461
   -2.951193099    2.443460953    9.396659614  -40.341445149  -11.463546061
   -2.760793544    2.443460953    3.623747196  -20.464781532   -9.524246421
   -2.570393989    2.443460953    1.418598867   -3.665711648   -7.080221192
   -2.379994435    2.443460953    1.774578414    5.988509327   -4.246155639
   -2.189594880    2.443460953    3.169185567    7.361268377   -1.048935263
   -1.999195325    2.443460953    4.201138126    2.859402404    2.528187732
   -1.808795770    2.443460953    4.204648842   -2.503211475    6.429279694
   -1.618396215    2.443460953    3.534025186   -3.481846027   10.434509072
   -1.427996661    2.443460953    3.359702349    2.903567267   14.167553843
   -1.237597106    2.443460953    5.085075086   16.038925503   17.220595860
   -1.047197551    2.443460953    9.684607391   32.341948312   19.314072322
   -0.856797996    2.443460953   17.309543943   46.956633641   20.386420822
   -0.666398442    2.443460953   27.220794008   55.783868761   20.549947376
   -0.475998887    2.443460953   38.056077468   56.429265920   19.958446794
   -0.285599332    2.443460953   48.188532987   48.503634812   18.676825386
   -0.095199777    2.443460953   56.090027723   33.384275012   16.610554059
    0.095199777    2.443460953   60.649746097   14.044845619   13.560015711
    0.285599332    2.443460953   61.459141484   -5.177743292    9.354003652
    0.475998887    2.443460953   59.019791245  -19.294096529    4.065575396
    0.666398442    2.443460953   54.735403770  -24.034918648   -1.848849430
    0.856797996    2.443460953   50.601159548  -17.731582897   -7.567986433
    1.047197551    2.443460953   48.573829162   -2.584207986  -12.162408072
    1.237597106    2.443460953   49.846317803   15.775820087  -14.965203496
    1.427996661    2.443460953   54.354694370   30.329942155  -15.839466595
    1.618396215    2.443460953   60.788719322   35.280819628  -15.220873439
    1.808795770    2.443460953   67.026970624   28.205811920  -13.886160493
    1.999195325    2.443460953   70.856568558   10.507185256  -12.622719490
    2.189594880    2.443460953   70.629444016  -13.495557619  -11.947581350
    2.379994435    2.443460953   65.678675537  -38.135537875  -11.985999052
    2.570393989    2.443460953   56.420582762  -57.886655847  -12.504919516
    2.760793544    2.443460953   44.212049761  -68.621512307  -13.072023441
    2.951193099    2.443460953   30.992104823  -68.419283931  -13.247519456

   -3.141592654    2.792526803   16.078112461  -56.757250600    0.365166800
   -2.951193099    2.792526803    6.955492918  -38.369865619    2.207695320
   -2.760793544    2.792526803    1.629161317  -17.772191489    4.132802532
   -2.570393989    2.792526803    0.000000000   -0.319342828    6.072271090
   -2.379994435    2.792526803    1.056982640   10.014420975    8.068028355
   -2.189594880    2.792526803    3.293221904   12.197609210   10.302935618
   -1.999195325    2.792526803    5.333611703    8.618229680   13.017830154
   -1.808795770    2.792526803    6.516039419    4.074732188   16.325727129
   -1.618396215    2.792526803    7.143746763    3.473303487   20.043895315
   -1.427996661    2.792526803    8.273882687    9.515290153   23.670436448
   -1.237597106    2.792526803   11.162944959   21.529805685   26.545762874
   -1.047197551    2.792526803   16.651713532   36.116908026   28.107183682
   -0.856797996    2.792526803   24.805069867   48.700939007   28.077575010
   -0.666398442    2.792526803   34.845194745   55.378399087   26.491829245
   -0.475998887    2.792526803   45.392920631   53.796090842   23.576519639
   -0.285599332    2.792526803   54.801475249   43.501884266   19.592416390
   -0.095199777    2.792526803   61.511860185   25.860972310   14.723488247
    0.095199777    2.792526803   64.398823906    4.035269986    9.086756562
    0.285599332    2.792526803   63.102293382  -17.149266721    2.831643582
    0.475998887    2.792526803   58.287023017  -32.026245660   -3.696979079
    0.666398442    2.792526803   51.643844948  -35.749431047   -9.883302659
    0.856797996    2.792526803   45.525098431  -26.566591071  -14.922838821
    1.047197551    2.792526803   42.197065424   -7.272048638  -18.094099830
    1.237597106    2.792526803   42.993901474   15.408183422  -19.066734649
    1.427996661    2.792526803   47.773945637   33.323958528  -18.045573863
    1.618396215    2.792526803   54.970494126   40.017354692  -15.679119784
    1.808795770    2.792526803   62.143287255   33.056642075  -12.759801902
    1.999195325    2.792526803   66.811332912   14.344324962   -9.941603893
    2.189594880    2.792526803   67.177563617  -11.111731690   -7.574633706
    2.379994435    2.792526803   62.550753756  -37.044961610   -5.710613016
    2.570393989    2.792526803   53.416360311  -57.572467053   -4.193497524
    2.760793544    2.792526803   41.243616257  -68.462011693   -2.792533782
    2.951193099    2.792526803   28.082978884  -67.892226266   -1.307505302
