#! FIELDS phi psi file.free der_phi der_psi
#! SET min_phi -pi
#! SET max_phi pi
#! SET nbins_phi  33
#! SET periodic_phi true
#! SET min_psi -pi
#! SET max_psi pi
#! SET nbins_psi  18
#! SET periodic_psi true
   -3.141592654   -3.141592654   17.447364867  -53.195742332   17.354324638
   -2.951193099   -3.141592654    9.043712326  -34.499978013   19.718071081
   -2.760793544   -3.141592654    4.439743982  -14.157269189   21.269424705
   -2.570393989   -3.141592654    3.441992888    2.650518571   22.146302331
   -2.379994435   -3.141592654    5.006531034   12.419453549   22.701376992
   -2.189594880   -3.141592654    7.690960870   14.619444530   23.447706367
   -1.999195325   -3.141592654   10.259697175   11.861258078   24.884521779
   -1.808795770   -3.141592654   12.187138886    8.694968992   27.243590381
   -1.618396215   -3.141592654   13.824031702    9.362866313   30.289055035
   -1.427996661   -3.141592654   16.135648604   15.842414591   33.328241854
   -1.237597106   -3.141592654   20.173688723   27.047825113   35.448782223
   -1.047197551   -3.141592654   26.539238418   39.632418041   35.870254507
   -0.856797996   -3.141592654   35.104839410   49.416014188   34.202710386
   -0.666398442   -3.141592654   44.984019413   52.943022067   30.510469033
   -0.475998887   -3.141592654   54.763780635   48.172262890   25.183061067
   -0.285599332   -3.141592654   62.808901509   34.838405016   18.757225135
   -0.095199777   -3.141592654   67.605425874   14.502916625   11.762204021
    0.095199777   -3.141592654   68.125011679   -9.325253573    4.672729591
    0.285599332   -3.141592654   64.186482070  -31.302760040   -2.063848907
    0.475998887   -3.141592654   56.733588016  -45.281435510   -7.966155980
    0.666398442   -3.141592654   47.800509805  -46.251801675  -12.521861996
    0.856797996   -3.141592654   40.065758541  -32.851312272  -15.293905926
    1.047197551   -3.141592654   35.996052448   -8.766804671  -16.101158603
    1.237597106   -3.141592654   36.929790962   18.175065883  -15.141897205
    1.427996661   -3.141592654   42.534756872   38.939965099  -12.928803205
    1.618396215   -3.141592654   50.931804582   46.725498994  -10.070376811
    1.808795770   -3.141592654   59.359425145   39.316815639   -6.997897600
    1.999195325   -3.141592654   65.096849278   19.226747751   -3.856398043
    2.189594880   -3.141592654   66.240612962   -7.804524105   -0.570156372
    2.379994435   -3.141592654   62.123505428  -34.892599079    2.969280215
    2.570393989   -3.141592654   53.348303113  -55.825914930    6.755450597
    2.760793544   -3.141592654   41.531338334  -66.387457229   10.610884098
    2.951193099   -3.141592654   28.836800828  -65.060094103   14.244348294

   -3.141592654   -2.792526803   25.137822118  -49.038309838   25.592739418
   -2.951193099   -2.792526803   17.354661918  -32.154874076   27.637972882
   -2.760793544   -2.792526803   13.037359469  -13.428970977   28.598724002
   -2.570393989   -2.792526803   12.066702041    2.336346238   28.736540944
   -2.379994435   -2.792526803   13.544864108   12.005379836   28.512545911
   -2.189594880   -2.792526803   16.229876096   15.217311443   28.507755193
   -1.999195325   -2.792526803   19.081930888   14.336931425   29.233525216
   -1.808795770   -2.792526803   21.677074006   13.172876334   30.874232429
   -1.618396215   -2.792526803   24.294594547   14.961565755   33.099703343
   -1.427996661   -2.792526803   27.646055373   20.844658429   35.109111781
   -1.237597106   -2.792526803   32.420410661   29.484606533   35.910856799
   -1.047197551   -2.792526803   38.876549261   37.972791599   34.718589411
   -0.856797996   -2.792526803   46.679633574   43.069460341   31.233557665
   -0.666398442   -2.792526803   54.930278527   42.340824981   25.714726055
   -0.475998887   -2.792526803   62.378577798   34.548561233   18.814179909
   -0.285599332   -2.792526803   67.668453251   19.814242672   11.341043949
   -0.095199777   -2.792526803   69.600502148   -0.296183154    4.037548527
    0.095199777   -2.792526803   67.434841105  -22.526285692   -2.527740201
    0.285599332   -2.792526803   61.220054043  -41.865110266   -7.959242487
    0.475998887   -2.792526803   52.066304748  -52.489808786  -11.981226910
    0.666398442   -2.792526803   42.111935937  -49.731464947  -14.404057800
    0.856797996   -2.792526803   34.066723316  -32.670205244  -15.162975179
    1.047197551   -2.792526803   30.335801415   -5.510665377  -14.382828523
    1.237597106   -2.792526803   32.102004708   23.497352386  -12.400229367
    1.427996661   -2.792526803   38.827328927   45.230451849   -9.660029835
    1.618396215   -2.792526803   48.448159024   53.216085797   -6.542256106
    1.808795770   -2.792526803   58.107608192   45.776684128   -3.204065205
    1.999195325   -2.792526803   65.085000105   25.844923240    0.413860040
    2.189594880   -2.792526803   67.526452713   -0.766611397    4.452422238
    2.379994435   -2.792526803   64.793894234  -27.423004280    8.941396712
    2.570393989   -2.792526803   57.456973198  -48.284317976   13.698524624
    2.760793544   -2.792526803   47.036000494  -59.391985836   18.344124784
    2.951193099   -2.792526803   35.571211839  -59.251785133   22.431371221

   -3.141592654   -2.443460953   33.939455085  -44.859553910   23.427003890
   -2.951193099   -2.443460953   26.769415830  -29.889236943   25.086316508
   -2.760793544   -2.443460953   22.720233853  -12.805658125   25.825996930
   -2.570393989   -2.443460953   21.754814211    1.891603437   25.879809933
   -2.379994435   -2.443460953   23.111681436   11.329754480   25.604815113
   -2.189594880   -2.443460953   25.719298694   15.218611371   25.417850803
   -1.999195325   -2.443460953   28.688426779   15.618555365   25.647935669
   -1.808795770   -2.443460953   31.646304722   15.604963621   26.343293649
   -1.618396215   -2.443460953   34.760841702   17.515120997   27.149012594
   -1.427996661   -2.443460953   38.479296925   21.855691524   27.385017217
   -1.237597106   -2.443460953   43.163125840   27.306190476   26.303689181
   -1.047197551   -2.443460953   48.816726837   31.663658761   23.416560822
   -0.856797996   -2.443460953   55.028879532   32.804915083   18.696521975
   -0.666398442   -2.443460953   61.035925756   29.311513475   12.597229794
   -0.475998887   -2.443460953   65.878167611   20.530974448    5.866274801
   -0.285599332   -2.443460953   68.547363128    6.591045676   -0.687574317
   -0.095199777   -2.443460953   68.148883539  -11.365365588   -6.408299629
    0.095199777   -2.443460953   64.144789680  -30.687854775  -10.897630160
    0.285599332   -2.443460953   56.672747356  -46.909940452  -14.002367966
    0.475998887   -2.443460953   46.843839012  -54.575947017  -15.746021955
    0.666398442   -2.443460953   36.744751293  -49.230786845  -16.240617090
    0.856797996   -2.443460953   29.000606888  -30.085647898  -15.648757826
    1.047197551   -2.443460953   25.911107030   -1.446911561  -14.166883847
    1.237597106   -2.443460953   28.539865224   28.412564961  -12.018609756
    1.427996661   -2.443460953   36.241317515   50.515098341   -9.414377047
    1.618396215   -2.443460953   46.887180900   58.705228877   -6.494151397
    1.808795770   -2.443460953   57.622407490   51.631462722   -3.276371239
    1.999195325   -2.443460953   65.774863485   32.379456759    0.301183679
    2.189594880   -2.443460953   69.542029760    6.615681716    4.290707409
    2.379994435   -2.443460953   68.284950342  -19.382128356    8.620270686
    2.570393989   -2.443460953   62.499129240  -40.164858917   13.053716843
    2.760793544   -2.443460953   53.571472606  -51.970773617   17.228417826
    2.951193099   -2.443460953   43.396648685  -53.235998545   20.774598207

   -3.141592654   -2.094395102   40.618731996  -41.113905925   13.863748938
   -2.951193099   -2.094395102   34.038369926  -27.448410949   14.950318503
   -2.760793544   -2.094395102   30.335226431  -11.586900486   15.530415968
   -2.570393989   -2.094395102   29.501020342    2.103567561   15.693211592
   -2.379994435   -2.094395102   30.831876918   10.918820481   15.543252540
   -2.189594880   -2.094395102   33.338622293   14.639333489   15.197405530
   -1.999195325   -2.094395102   36.204962789   15.131294446   14.733439677
   -1.808795770   -2.094395102   39.065549026   14.984942334   14.100625203
   -1.618396215   -2.094395102   41.991681322   15.995917635   13.071355421
   -1.427996661   -2.094395102   45.251970249   18.399861708   11.310381173
   -1.237597106   -2.094395102   49.024757541   21.122765301    8.534152069
   -1.047197551   -2.094395102   53.226248128   22.659089751    4.688154777
   -0.856797996   -2.094395102   57.510344000   21.764044346    0.019956333
   -0.666398442   -2.094395102   61.330258716   17.651813447   -4.959483494
   -0.475998887   -2.094395102   64.020790229    9.854249784   -9.647154676
   -0.285599332   -2.094395102   64.854774201   -1.827985199  -13.517702200
   -0.095199777   -2.094395102   63.124216167  -16.884207259  -16.257999596
    0.095199777   -2.094395102   58.347854598  -33.329253642  -17.816093205
    0.285599332   -2.094395102   50.608906405  -47.180695706  -18.342340122
    0.475998887   -2.094395102   40.897846638  -53.175314623  -18.100621767
    0.666398442   -2.094395102   31.170935936  -46.806301291  -17.344899538
    0.856797996   -2.094395102   23.947595720  -27.084573437  -16.249087696
    1.047197551   -2.094395102   21.464652164    1.913097465  -14.867744117
    1.237597106   -2.094395102   24.761718591   32.085620934  -13.168162417
    1.427996661   -2.094395102   33.197715223   54.571836252  -11.094141507
    1.618396215   -2.094395102   44.663876306   63.285920191   -8.621600900
    1.808795770   -2.094395102   56.333239348   56.872183370   -5.773838040
    1.999195325   -2.094395102   65.553123997   38.339593178   -2.629082421
    2.189594880   -2.094395102   70.517803316   13.186670766    0.694711323
    2.379994435   -2.094395102   70.547938779  -12.509050276    4.032145395
    2.570393989   -2.094395102   66.063979911  -33.459671394    7.187831714
    2.760793544   -2.094395102   58.358295584  -45.926807598    9.961621451
    2.951193099   -2.094395102   49.240483543  -48.237257847   12.207387388

   -3.141592654   -1.745329252   42.737825346  -39.467528856    4.912960518
   -2.951193099   -1.745329252   36.428218839  -26.250614576    5.380008880
   -2.760793544   -1.745329252   32.912720548  -10.821294598    5.670143004
   -2.570393989   -1.745329252   32.177174493    2.355471821    5.770257477
   -2.379994435   -1.745329252   33.497811815   10.534458079    5.601398380
   -2.189594880   -1.745329252   35.858900533   13.463133009    5.050921623
   -1.999195325   -1.745329252   38.407652848   12.924325852    3.993171027
   -1.808795770   -1.745329252   40.722882897   11.400081253    2.299115922
   -1.618396215   -1.745329252   42.807251380   10.695228032   -0.127859183
   -1.427996661   -1.745329252   44.883562331   11.285028692   -3.277489959
   -1.237597106   -1.745329252   47.153823786   12.571412183   -6.975394308
   -1.047197551   -1.745329252   49.657892823   13.569922182  -10.877286027
   -0.856797996   -1.745329252   52.257545428   13.381528370  -14.548350220
   -0.666398442   -1.745329252   54.646116886   11.176738549  -17.559331504
   -0.475998887   -1.745329252   56.353432655    6.092583011  -19.607668500
   -0.285599332   -1.745329252   56.747966267   -2.697167146  -20.576437335
   -0.095199777   -1.745329252   55.096491381  -15.302711637  -20.551303456
    0.095199777   -1.745329252   50.788257139  -30.157242983  -19.798981560
    0.285599332   -1.745329252   43.724423955  -43.424996535  -18.671948419
    0.475998887   -1.745329252   34.713088261  -49.687915715  -17.514594448
    0.666398442   -1.745329252   25.582747926  -44.064488558  -16.539211785
    0.856797996   -1.745329252   18.807565806  -25.076792726  -15.767169964
    1.047197551   -1.745329252   16.668476005    3.609856160  -15.023569737
    1.237597106   -1.745329252   20.305989754   34.053390204  -14.030390873
    1.427996661   -1.745329252   29.182952167   57.276982145  -12.555175776
    1.618396215   -1.745329252   41.250679700   66.883124856  -10.522210154
    1.808795770   -1.745329252   53.679054688   61.182309788   -8.034809970
    1.999195325   -1.745329252   63.759670288   42.990843799   -5.328520608
    2.189594880   -1.745329252   69.610320584   17.764552137   -2.668052900
    2.379994435   -1.745329252   70.478554208   -8.338356627   -0.282313153
    2.570393989   -1.745329252   66.732471841  -29.914162868    1.682063402
    2.760793544   -1.745329252   59.635717590  -43.082388570    3.167554609
    2.951193099   -1.745329252   50.995952255  -46.048789174    4.211795533

   -3.141592654   -1.396263402   40.969361606  -39.933333257    2.782336432
   -2.951193099   -1.396263402   34.578214753  -26.624244131    2.628469801
   -2.760793544   -1.396263402   31.008736342  -11.022453810    2.317050474
   -2.570393989   -1.396263402   30.243828204    2.209538165    1.824811581
   -2.379994435   -1.396263402   31.519496216   10.135377099    1.016829727
   -2.189594880   -1.396263402   33.742813178   12.320558155   -0.319213899
   -1.999195325   -1.396263402   35.956207144   10.448992993   -2.405685946
   -1.808795770   -1.396263402   37.634007168    7.126985595   -5.379167050
   -1.618396215   -1.396263402   38.726802218    4.595698985   -9.183279604
   -1.427996661   -1.396263402   39.510595836    3.963128509  -13.495242815
   -1.237597106   -1.396263402   40.359996546    5.198049699  -17.758102872
   -1.047197551   -1.396263402   41.565621281    7.524862326  -21.319694567
   -0.856797996   -1.396263402   43.235766586    9.815038751  -23.638701949
   -0.666398442   -1.396263402   45.230877733   10.641741457  -24.433111249
   -0.475998887   -1.396263402   47.119357102    8.452355850  -23.752534781
   -0.285599332   -1.396263402   48.183734261    1.821816478  -21.927082883
   -0.095199777   -1.396263402   47.512602303   -9.735348317  -19.450105323
    0.095199777   -1.396263402   44.268650988  -24.742671326  -16.855105808
    0.285599332   -1.396263402   38.135989138  -39.206490964  -14.571568440
    0.475998887   -1.396263402   29.759612539  -47.285682433  -12.855107786
    0.666398442   -1.396263402   20.906337452  -43.505986423  -11.737744731
    0.856797996   -1.396263402   14.106078571  -25.760709430  -11.059415735
    1.047197551   -1.396263402   11.798875495    2.702506906  -10.529844651
    1.237597106   -1.396263402   15.326633409   33.939046201   -9.836221743
    1.427996661   -1.396263402   24.312267192   58.567212364   -8.762981419
    1.618396215   -1.396263402   36.764963585   69.572405951   -7.249801162
    1.808795770   -1.396263402   49.798951421   64.721241925   -5.393011896
    1.999195325   -1.396263402   60.573876947   46.608989133   -3.391298202
    2.189594880   -1.396263402   67.065623785   20.779453125   -1.462541905
    2.379994435   -1.396263402   68.418117941   -6.307098155    0.203945939
    2.570393989   -1.396263402   64.958943864  -28.920583682    1.480342608
    2.760793544   -1.396263402   57.967664886  -42.916335038    2.308093696
    2.951193099   -1.396263402   49.307244666  -46.371099072    2.713115688

   -3.141592654   -1.047197551   38.653674990  -42.234045836    3.806957383
   -2.951193099   -1.047197551   31.833176138  -28.786210051    2.684539634
   -2.760793544   -1.047197551   27.886392942  -12.812930141    1.307757344
   -2.570393989   -1.047197551   26.812351418    0.705059304   -0.250523137
   -2.379994435   -1.047197551   27.796759541    8.476914692   -2.053979357
   -2.189594880   -1.047197551   29.636098963    9.822937258   -4.292221081
   -1.999195325   -1.047197551   31.240786601    6.470314660   -7.189042950
   -1.808795770   -1.047197551   31.997894847    1.452609302  -10.839788589
   -1.618396215   -1.047197551   31.883545877   -2.258320357  -15.048338731
   -1.427996661   -1.047197551   31.343480872   -2.837062150  -19.271889622
   -1.237597106   -1.047197551   31.028890619    0.038978587  -22.745072418
   -1.047197551   -1.047197551   31.520370980    5.355002632  -24.744517770
   -0.856797996   -1.047197551   33.119077058   11.260135595  -24.866626946
   -0.666398442   -1.047197551   35.715792881   15.385629132  -23.165550699
   -0.475998887   -1.047197551   38.739742785   15.399133231  -20.115422879
   -0.285599332   -1.047197551   41.218492382    9.470403932  -16.427223769
   -0.095199777   -1.047197551   41.951785297   -2.867285569  -12.807585885
    0.095199777   -1.047197551   39.851122598  -19.739745000   -9.771772213
    0.285599332   -1.047197551   34.449115020  -36.563126797   -7.515644986
    0.475998887   -1.047197551   26.359023143  -46.838646526   -5.955549618
    0.666398442   -1.047197551   17.435154650  -44.546762111   -4.839661335
    0.856797996   -1.047197551   10.377143899  -27.260463932   -3.915418800
    1.047197551   -1.047197551    7.825434387    1.771576263   -3.027303178
    1.237597106   -1.047197551   11.290767529   34.267700591   -2.123927490
    1.427996661   -1.047197551   20.478483154   60.327607640   -1.214611645
    1.618396215   -1.047197551   33.379222083   72.414609070   -0.294089757
    1.808795770   -1.047197551   47.004993689   67.961035644    0.665870965
    1.999195325   -1.047197551   58.376457607   49.519843715    1.688234826
    2.189594880   -1.047197551   65.345134603   22.804035903    2.743978282
    2.379994435   -1.047197551   66.974024983   -5.452517393    3.722730246
    2.570393989   -1.047197551   63.561969127  -29.266899379    4.452122448
    2.760793544   -1.047197551   56.403223819  -44.279298974    4.755919646
    2.951193099   -1.047197551   47.412239719  -48.415611590    4.536578031

   -3.141592654   -0.698131701   38.418526407  -45.561792685    3.774199292
   -2.951193099   -0.698131701   30.933388797  -32.367092057    1.475657591
   -2.760793544   -0.698131701   26.308063532  -16.322537893   -1.103878449
   -2.570393989   -0.698131701   24.576704484   -2.720205479   -3.757376568
   -2.379994435   -0.698131701   24.892775317    4.799393117   -6.434431265
   -2.189594880   -0.698131701   25.966097770    5.367259105   -9.269122924
   -1.999195325   -0.698131701   26.616189326    0.875457763  -12.467942936
   -1.808795770   -0.698131701   26.209264939   -5.083368057  -16.078455115
   -1.618396215   -0.698131701   24.830268021   -8.788830906  -19.785625213
   -1.427996661   -0.698131701   23.163247160   -7.871535028  -22.896787090
   -1.237597106   -0.698131701   22.152200094   -2.026481987  -24.575999148
   -1.047197551   -0.698131701   22.605001841    7.070170365  -24.221046397
   -0.856797996   -0.698131701   24.881626525   16.534096164  -21.764085911
   -0.666398442   -0.698131701   28.732927485   23.025182281  -17.726014109
   -0.475998887   -0.698131701   33.301134463   23.673673840  -13.008460640
   -0.285599332   -0.698131701   37.279004296   16.697474756   -8.554939406
   -0.095199777   -0.698131701   39.193675236    2.180870030   -5.015232922
    0.095199777   -0.698131701   37.818641003  -17.140291187   -2.578954657
    0.285599332   -0.698131701   32.715969152  -35.874771804   -0.975586174
    0.475998887   -0.698131701   24.655695497  -47.023054679    0.297949768
    0.666398442   -0.698131701   15.699787128  -44.556193538    1.689046036
    0.856797996   -0.698131701    8.714159683  -26.452979346    3.349359981
    1.047197551   -0.698131701    6.406623592    3.483472725    5.095474441
    1.237597106   -0.698131701   10.260505835   36.542948132    6.581456056
    1.427996661   -0.698131701   19.899945914   62.719552738    7.525133819
    1.618396215   -0.698131701   33.241353596   74.609467745    7.886456725
    1.808795770   -0.698131701   47.255224123   69.832754970    7.845224971
    1.999195325   -0.698131701   58.949535622   51.032379823    7.669878275
    2.189594880   -0.698131701   66.165155755   23.863199426    7.544171682
    2.379994435   -0.698131701   67.936260265   -5.058676321    7.472023484
    2.570393989   -0.698131701   64.514592226  -29.801465669    7.279397436
    2.760793544   -0.698131701   57.151007727  -45.901067165    6.710263590
    2.951193099   -0.698131701   47.751577010  -51.053645853    5.561343364

   -3.141592654   -0.349065850   39.156757262  -50.329634151    3.213821612
   -2.951193099   -0.349065850   30.693933317  -37.775099658    0.142178853
   -2.760793544   -0.349065850   25.016582534  -21.884510476   -3.080550622
   -2.570393989   -0.349065850   22.235804009   -8.163298414   -6.201884796
   -2.379994435   -0.349065850   21.523196440   -0.602281273   -9.133623116
   -2.189594880   -0.349065850   21.548200542   -0.291797408  -11.978996642
   -1.999195325   -0.349065850   21.082635259   -5.162563093  -14.894919078
   -1.808795770   -0.349065850   19.521551631  -11.022441264  -17.838376116
   -1.618396215   -0.349065850   17.110431446  -13.443382595  -20.388732009
   -1.427996661   -0.349065850   14.799632516   -9.729115551  -21.817305543
   -1.237597106   -0.349065850   13.796084778    0.029810717  -21.412853110
   -1.047197551   -0.349065850   15.029068993   13.120783486  -18.888776645
   -0.856797996   -0.349065850   18.756777077   25.443227699  -14.607199635
   -0.666398442   -0.349065850   24.423663104   32.822974594   -9.480466082
   -0.475998887   -0.349065850   30.773973160   32.272262776   -4.596508038
   -0.285599332   -0.349065850   36.151120919   22.632378654   -0.798135743
   -0.095199777   -0.349065850   38.902872419    5.061169160    1.632493412
    0.095199777   -0.349065850   37.837780939  -16.563325868    3.017460285
    0.285599332   -0.349065850   32.740334754  -36.123992247    4.093303700
    0.475998887   -0.349065850   24.679010505  -46.567232907    5.613408277
    0.666398442   -0.349065850   15.956342975  -42.506018528    7.959710293
    0.856797996   -0.349065850    9.515231519  -22.907477963   10.936264657
    1.047197551   -0.349065850    7.958504069    7.614931867   13.875628778
    1.237597106   -0.349065850   12.562908566   40.101549565   16.016197920
    1.427996661   -0.349065850   22.758821693   64.929016965   16.879955315
    1.618396215   -0.349065850   36.378901664   75.362836115   16.483075206
    1.808795770   -0.349065850   50.429059896   69.563197301   15.231043405
    1.999195325   -0.349065850   62.021086599   50.317415692   13.660002064
    2.189594880   -0.349065850   69.087522729   23.042389280   12.156549205
    2.379994435   -0.349065850   70.689918963   -6.049980958   10.827468690
    2.570393989   -0.349065850   67.034848296  -31.336180643    9.514757228
    2.760793544   -0.349065850   59.291847663  -48.410163882    7.937566576
    2.951193099   -0.349065850   49.302035190  -54.759770088    5.860432440

   -3.141592654    0.000000000   40.311956619  -55.724655292    2.129245548
   -2.951193099    0.000000000   30.771935674  -43.590174166   -0.809560873
   -2.760793544    0.000000000   23.987003393  -27.613718307   -3.693985244
   -2.570393989    0.000000000   20.152392706  -13.469797966   -6.369834321
   -2.379994435    0.000000000   18.472581817   -5.474686536   -8.815613811
   -2.189594880    0.000000000   17.596191298   -4.913934784  -11.132576524
   -1.999195325    0.000000000   16.270843538   -9.526435456  -13.395029935
   -1.808795770    0.000000000   13.942781671  -14.560224234  -15.436245951
   -1.618396215    0.000000000   11.022659462  -15.032072062  -16.761711769
   -1.427996661    0.000000000    8.691715742   -8.182259501  -16.717378293
   -1.237597106    0.000000000    8.329399121    5.216443254  -14.848611415
   -1.047197551    0.000000000   10.852889931   21.273828667  -11.238248499
   -0.856797996    0.000000000   16.281888671   34.799746607   -6.575427446
   -0.666398442    0.000000000   23.671437440   41.210346881   -1.902151912
   -0.475998887    0.000000000   31.383164238   37.970910157    1.844710165
   -0.285599332    0.000000000   37.533001839   25.060406489    4.210491182
   -0.095199777    0.000000000   40.485493650    4.955854253    5.399975970
    0.095199777    0.000000000   39.292548606  -17.467189701    6.144683424
    0.285599332    0.000000000   34.106136295  -35.853253059    7.357438365
    0.475998887    0.000000000   26.323788949  -43.780260766    9.689919713
    0.666398442    0.000000000   18.389880274  -37.124532112   13.197856347
    0.856797996    0.000000000   13.133745568  -16.154590106   17.277438478
    1.047197551    0.000000000   12.843785206   13.828537356   20.923428832
    1.237597106    0.000000000   18.441074664   44.096206221   23.205303157
    1.427996661    0.000000000   29.119816309   65.991248890   23.658744969
    1.618396215    0.000000000   42.685972972   73.879484877   22.430158148
    1.808795770    0.000000000   56.293114222   66.600780318   20.091259432
    1.999195325    0.000000000   67.269009657   46.965571106   17.319854062
    2.189594880    0.000000000   73.714186778   19.928690464   14.604327407
    2.379994435    0.000000000   74.752123627   -8.906476306   12.132052120
    2.570393989    0.000000000   70.547698558  -34.335023054    9.822781625
    2.760793544    0.000000000   62.179597756  -52.049722417    7.478698927
    2.951193099    0.000000000   51.410808020  -59.323563936    4.928997233

   -3.141592654    0.349065850   42.132383401  -60.205356711    1.866357881
   -2.951193099    0.349065850   31.718999528  -48.213306239   -0.006548078
   -2.760793544    0.349065850   24.061266086  -32.103699533   -1.663023997
   -2.570393989    0.349065850   19.398903389  -17.656413714   -3.142095243
   -2.379994435    0.349065850   16.949735585   -9.375028765   -4.550806190
   -2.189594880    0.349065850   15.352186881   -8.579100594   -6.010279317
   -1.999195325    0.349065850   13.364504581  -12.738720943   -7.523962553
   -1.808795770    0.349065850   10.517411450  -16.644423193   -8.849757996
   -1.618396215    0.349065850    7.382486359  -15.042721785   -9.518724852
   -1.427996661    0.349065850    5.306522734   -5.428102784   -9.050702838
   -1.237597106    0.349065850    5.729430388   10.602856761   -7.252779024
   -1.047197551    0.349065850    9.446341363   28.162764938   -4.406291402
   -0.856797996    0.349065850   16.192595392   41.434126996   -1.187388153
   -0.666398442    0.349065850   24.688327903   45.981170859    1.640998186
   -0.475998887    0.349065850   33.062304611   40.120695954    3.611688645
   -0.285599332    0.349065850   39.399148420   25.043563779    4.758874648
   -0.095199777    0.349065850   42.254347782    4.253480359    5.609727981
    0.095199777    0.349065850   41.014359485  -16.949167343    6.941196374
    0.285599332    0.349065850   36.170007534  -32.599612180    9.417603094
    0.475998887    0.349065850   29.312149560  -37.373806655   13.256995674
    0.666398442    0.349065850   22.833269605  -28.524288322   18.052039325
    0.856797996    0.349065850   19.270825449   -7.363435286   22.863891148
    1.047197551    0.349065850   20.494956404   20.601416799   26.567635962
    1.237597106    0.349065850   27.061436523   47.349688402   28.315215548
    1.427996661    0.349065850   37.992025606   65.455965469   27.849880238
    1.618396215    0.349065850   51.156178291   70.407281545   25.536542999
    1.808795770    0.349065850   63.932869550   61.598310872   22.104981653
    1.999195325    0.349065850   73.916086189   41.717705442   18.314155656
    2.189594880    0.349065850   79.402968530   15.186492243   14.693120371
    2.379994435    0.349065850   79.600988403  -13.011079750   11.479196610
    2.570393989    0.349065850   74.655604987  -38.079926902    8.676537263
    2.760793544    0.349065850   65.575517698  -55.846528661    6.193569898
    2.951193099    0.349065850   54.054410250  -63.452914375    3.937003071

   -3.141592654    0.698131701   43.747761270  -62.538752147    0.543378545
   -2.951193099    0.698131701   32.910821408  -50.316402768    0.257806655
   -2.760793544    0.698131701   24.864073422  -34.094485434    0.234810333
   -2.570393989    0.698131701   19.821491115  -19.677033392    0.245096923
   -2.379994435    0.698131701   16.972870603  -11.554704529    0.082528330
   -2.189594880    0.698131701   14.944729741  -10.888835687   -0.375293152
   -1.999195325    0.698131701   12.527896121  -14.848535514   -1.097753405
   -1.808795770    0.698131701    9.345521476  -17.934926957   -1.870714492
   -1.618396215    0.698131701    6.093866169  -14.891621690   -2.369470984
   -1.427996661    0.698131701    4.206594688   -3.610894491   -2.331947775
   -1.237597106    0.698131701    5.104301519   13.639939683   -1.717264643
   -1.047197551    0.698131701    9.439811274   31.430899958   -0.741205423
   -0.856797996    0.698131701   16.743566941   43.864602948    0.269432338
   -0.666398442    0.698131701   25.572657269   47.028480339    1.096889154
   -0.475998887    0.698131701   34.031020580   40.079379474    1.819045209
   -0.285599332    0.698131701   40.338384594   24.999067928    2.807942452
   -0.095199777    0.698131701   43.299480179    5.654902443    4.585039608
    0.095199777    0.698131701   42.565105738  -12.886598638    7.583472769
    0.285599332    0.698131701   38.790271103  -25.442044752   11.897893586
    0.475998887    0.698131701   33.545971465  -27.794471944   17.152004659
    0.666398442    0.698131701   28.993337682  -18.227209830   22.515550527
    0.856797996    0.698131701   27.284825972    1.432659818   26.930989054
    1.047197551    0.698131701   29.880740143   25.956197703   29.464792917
    1.237597106    0.698131701   37.054046566   48.323744547   29.644261457
    1.427996661    0.698131701   47.768416421   62.371558346   27.603287554
    1.618396215    0.698131701   60.056272264   64.552697041   23.961687332
    1.808795770    0.698131701   71.584363628   54.599257773   19.529076304
    1.999195325    0.698131701   80.237015012   34.912916990   15.023348650
    2.189594880    0.698131701   84.511069235    9.324823155   10.913737428
    2.379994435    0.698131701   83.700375002  -17.757088957    7.437285414
    2.570393989    0.698131701   77.945868190  -41.872294948    4.674013659
    2.760793544    0.698131701   68.212437880  -58.958604681    2.636382227
    2.951193099    0.698131701   56.144459011  -66.106681078    1.287873293

   -3.141592654    1.047197551   42.378983167  -62.748639448   -3.834683003
   -2.951193099    1.047197551   31.595267242  -49.598751064   -2.798903739
   -2.760793544    1.047197551   23.734894466  -32.925869127   -1.514144414
   -2.570393989    1.047197551   18.922403526  -18.487596410   -0.326801766
   -2.379994435    1.047197551   16.275082432  -10.660320646    0.540533141
   -2.189594880    1.047197551   14.375888289  -10.429506380    1.003816390
   -1.999195325    1.047197551   12.007886290  -14.768532319    1.092271146
   -1.808795770    1.047197551    8.819631363  -18.038228538    0.902278116
   -1.618396215    1.047197551    5.545847416  -15.003270651    0.543395612
   -1.427996661    1.047197551    3.639332161   -3.724169663    0.088921631
   -1.237597106    1.047197551    4.502741181   13.339501378   -0.421232525
   -1.047197551    1.047197551    8.747805810   30.755914893   -0.928882294
   -0.856797996    1.047197551   15.890528501   42.891587244   -1.271537310
   -0.666398442    1.047197551   24.546391713   46.317989508   -1.155943908
   -0.475998887    1.047197551   32.969456928   40.599697006   -0.196990573
   -0.285599332    1.047197551   39.580340980   27.824375323    1.952112138
   -0.095199777    1.047197551   43.361057354   11.512053613    5.451431830
    0.095199777    1.047197551   44.034514234   -4.038400475   10.166746714
    0.285599332    1.047197551   42.158447105  -14.583851055   15.602944547
    0.475998887    1.047197551   39.035049335  -16.725539389   20.966406996
    0.666398442    1.047197551   36.440000885   -9.088059744   25.318438726
    0.856797996    1.047197551   36.138401798    6.835487795   27.838262480
    1.047197551    1.047197551   39.328331726   26.746078221   28.079466735
    1.237597106    1.047197551   46.228283184   44.806227349   26.101956311
    1.427996661    1.047197551   55.953917272   55.755884497   22.421879358
    1.618396215    1.047197551   66.808955634   56.363201081   17.774211159
    1.808795770    1.047197551   76.735191455   46.133817331   12.848690005
    1.999195325    1.047197551   83.818701412   26.980861495    8.140014286
    2.189594880    1.047197551   86.667914284    2.332990716    3.943690784
    2.379994435    1.047197551   84.632882236  -23.596963962    0.458080402
    2.570393989    1.047197551   77.890341313  -46.375897218   -2.146840942
    2.760793544    1.047197551   67.438440827  -61.980039024   -3.725918820
    2.951193099    1.047197551   54.937888615  -67.626581799   -4.244120405

   -3.141592654    1.396263402   37.867052856  -60.934072603  -10.256977230
   -2.951193099    1.396263402   27.583462294  -46.277508361   -8.792222151
   -2.760793544    1.396263402   20.432015761  -28.941662405   -6.977984146
   -2.570393989    1.396263402   16.379458208  -14.597334023   -5.125315512
   -2.379994435    1.396263402   14.419016540   -7.400237029   -3.381469751
   -2.189594880    1.396263402   13.054409780   -8.107949619   -1.780352128
   -1.999195325    1.396263402   11.025444631  -13.551152918   -0.346528750
   -1.808795770    1.396263402    7.956425493  -18.016477891    0.826386297
   -1.618396215    1.396263402    4.569949931  -16.211589114    1.582977630
   -1.427996661    1.396263402    2.324825811   -6.045496489    1.791000084
   -1.237597106    1.396263402    2.671519498   10.312942879    1.472689753
   -1.047197551    1.396263402    6.334952838   27.825984474    0.883813896
   -0.856797996    1.396263402   13.016082430   41.169120297    0.503977001
   -0.666398442    1.396263402   21.553522850   46.976108464    0.891826255
   -0.475998887    1.396263402   30.400327039   44.486592807    2.506408892
   -0.285599332    1.396263402   38.080140331   35.120297889    5.545469403
   -0.095199777    1.396263402   43.528674761   21.558525181    9.855615256
    0.095199777    1.396263402   46.265540669    7.291832873   14.945337414
    0.285599332    1.396263402   46.514089034   -3.943208392   20.033449415
    0.475998887    1.396263402   45.189125051   -8.786528977   24.211058038
    0.666398442    1.396263402   43.724976591   -5.320059660   26.646509911
    0.856797996    1.396263402   43.696789816    5.966985097   26.838521295
    1.047197551    1.396263402   46.323595767   21.890417201   24.775932239
    1.237597106    1.396263402   52.031688258   37.416728787   20.916387684
    1.427996661    1.396263402   60.238103857   47.422837007   16.002028691
    1.618396215    1.396263402   69.511644680   48.203218287   10.764071041
    1.808795770    1.396263402   77.939877357   38.567636672    5.706461151
    1.999195325    1.396263402   83.636940064   19.950719110    1.073660542
    2.189594880    1.396263402   85.190372164   -4.239496408   -3.034579770
    2.379994435    1.396263402   81.963050582  -29.471203939   -6.497420131
    2.570393989    1.396263402   74.213106719  -50.958283348   -9.108470658
    2.760793544    1.396263402   63.064480066  -64.611458432  -10.637348455
    2.951193099    1.396263402   50.278905839  -67.950224180  -10.980611962

   -3.141592654    1.745329252   31.297050988  -58.881457768  -16.483343716
   -2.951193099    1.745329252   21.562922209  -42.673288769  -15.176148381
   -2.760793544    1.745329252   15.185490355  -24.538660315  -13.315429897
   -2.570393989    1.745329252   11.997192339  -10.008167548  -11.128568946
   -2.379994435    1.745329252   10.894321663   -3.035519385   -8.702216822
   -2.189594880    1.745329252   10.315236123   -4.272406367   -6.051909803
   -1.999195325    1.745329252    8.940864461  -10.577806333   -3.247250940
   -1.808795770    1.745329252    6.326390307  -16.281126495   -0.502190176
   -1.618396215    1.745329252    3.130661830  -15.973622385    1.859452803
   -1.427996661    1.745329252    0.795768269   -7.173225488    3.543718163
   -1.237597106    1.745329252    0.851057896    8.523949588    4.471490848
   -1.047197551    1.745329252    4.205840937   26.591279765    4.876094593
   -0.856797996    1.745329252   10.812820185   41.828205008    5.258069309
   -0.666398442    1.745329252   19.739447588   50.512487734    6.178172641
   -0.475998887    1.745329252   29.558832010   51.130114346    8.024054011
   -0.285599332    1.745329252   38.755757925   44.228012438   10.845578566
   -0.095199777    1.745329252   46.068804721   31.764518300   14.296459749
    0.095199777    1.745329252   50.712018652   16.794185608   17.722525561
    0.285599332    1.745329252   52.556859221    3.042910319   20.301852125
    0.475998887    1.745329252   52.207422965   -5.701653887   21.292224780
    0.666398442    1.745329252   50.907792017   -6.679811827   20.267680159
    0.856797996    1.745329252   50.226476483    0.639137357   17.303626295
    1.047197551    1.745329252   51.560121226   13.895670546   12.962915993
    1.237597106    1.745329252   55.622609933   28.381939749    8.069054378
    1.427996661    1.745329252   62.118998066   38.654302334    3.389264959
    1.618396215    1.745329252   69.802150412   40.296230285   -0.649621176
    1.808795770    1.745329252   76.805252624   31.452628209   -4.034003462
    1.999195325    1.745329252   81.195029069   13.279753518   -7.008382441
    2.189594880    1.745329252   81.505033046  -10.613577278   -9.817412175
    2.379994435    1.745329252   77.112325243  -35.239737088  -12.489672794
    2.570393989    1.745329252   68.373785982  -55.434314987  -14.793901018
    2.760793544    1.745329252   56.553307561  -67.082257169  -16.370186412
    2.951193099    1.745329252   43.518495012  -68.064140119  -16.946855749

   -3.141592654    2.094395102   24.269821109  -57.785459179  -18.881601490
   -2.951193099    2.094395102   14.872433704  -40.306434630  -17.686191280
   -2.760793544    2.094395102    9.034783864  -21.303326799  -15.763570520
   -2.570393989    2.094395102    6.526422898   -6.126742624  -13.271054684
   -2.379994435    2.094395102    6.220204913    1.446365274  -10.293939326
   -2.189594880    2.094395102    6.549181437    0.759703918   -6.883976085
   -1.999195325    2.094395102    6.166968129   -5.264850359   -3.146568094
   -1.808795770    2.094395102    4.550841284  -11.216252592    0.683835064
   -1.618396215    2.094395102    2.248178039  -11.752466854    4.262253281
   -1.427996661    2.094395102    0.608796162   -4.114277120    7.247107708
   -1.237597106    2.094395102    1.150269460   10.638900575    9.463829576
   -1.047197551    2.094395102    4.874334570   28.499404274   11.002075829
   -0.856797996    2.094395102   11.898188282   44.439074245   12.180297207
   -0.666398442    2.094395102   21.444003339   54.461938946   13.361505642
   -0.475998887    2.094395102   32.149698331   56.429487188   14.748355955
   -0.285599332    2.094395102   42.434019410   50.166325013   16.256207006
   -0.095199777    2.094395102   50.841349623   37.079121033   17.498711747
    0.095199777    2.094395102   56.318762475   19.996658289   17.917456247
    0.285599332    2.094395102   58.469884465    2.896387094   16.954901967
    0.475998887    2.094395102   57.724655438   -9.728600580   14.303076798
    0.666398442    2.094395102   55.317915968  -14.111836244   10.080986215
    0.856797996    2.094395102   53.001161505   -8.804495246    4.888187677
    1.047197551    2.094395102   52.489676115    4.263804229   -0.377434658
    1.237597106    2.094395102   54.831141391   20.141659397   -4.864909331
    1.427996661    2.094395102   59.959174126   32.563748757   -8.092818038
    1.618396215    2.094395102   66.676762007   36.140114863  -10.107096691
    1.808795770    2.094395102   73.006142572   28.368207865  -11.368697210
    1.999195325    2.094395102   76.832273576   10.314823629  -12.466007040
    2.189594880    2.094395102   76.542281160  -13.977450828  -13.814428199
    2.379994435    2.094395102   71.475605280  -38.870212328  -15.484432971
    2.570393989    2.094395102   62.067936821  -58.690130259  -17.213534018
    2.760793544    2.094395102   49.723857110  -69.204860935  -18.574500135
    2.951193099    2.094395102   36.432899523  -68.579310320  -19.191087159

   -3.141592654    2.443460953   17.796224164  -57.450815754  -12.654669352
   -2.951193099    2.443460953    8.581409794  -38.734215172  -11.130846951
   -2.760793544    2.443460953    3.164611021  -18.466825033   -9.104211415
   -2.570393989    2.443460953    1.320397524   -1.988138701   -6.697321971
   -2.379994435    2.443460953    1.928202604    6.897639986   -3.961186870
   -2.189594880    2.443460953    3.411800843    7.390385761   -0.866712136
   -1.999195325    2.443460953    4.376665096    2.157925481    2.631711781
   -1.808795770    2.443460953    4.200240945   -3.644039697    6.481998489
   -1.618396215    2.443460953    3.295405343   -4.763598839   10.459994840
   -1.427996661    2.443460953    2.885689909    1.742242706   14.194106841
   -1.237597106    2.443460953    4.420504440   15.218917605   17.295477498
   -1.047197551    2.443460953    8.914321339   32.071481307   19.511642767
   -0.856797996    2.443460953   16.556944763   47.430604638   20.797462778
   -0.666398442    2.443460953   26.640205453   57.119306795   21.248617912
   -0.475998887    2.443460953   37.809530322   58.565592122   20.961481130
   -0.285599332    2.443460953   48.403410065   51.131669041   19.917290505
   -0.095199777    2.443460953   56.811213303   35.961839196   17.943141229
    0.095199777    2.443460953   61.807506756   15.942713641   14.803211751
    0.285599332    2.443460953   62.872613073   -4.459072136   10.350628797
    0.475998887    2.443460953   60.441846183  -19.927625169    4.733009146
    0.666398442    2.443460953   55.924913614  -25.775016441   -1.504260763
    0.856797996    2.443460953   51.401070359  -19.966470728   -7.478874870
    1.047197551    2.443460953   48.964936537   -4.518801608  -12.255610634
    1.237597106    2.443460953   49.955419960   14.824540116  -15.212452770
    1.427996661    2.443460953   54.402866560   30.626294736  -16.275825633
    1.618396215    2.443460953   60.991615762   36.495336333  -15.918929547
    1.808795770    2.443460953   67.486495099   29.513171742  -14.899813791
    1.999195325    2.443460953   71.499157590   10.974468585  -13.930161359
    2.189594880    2.443460953   71.232303196  -14.428114761  -13.425369687
    2.379994435    2.443460953   65.975303240  -40.342254995  -13.431461737
    2.570393989    2.443460953   56.232826585  -60.609274675  -13.698553500
    2.760793544    2.443460953   43.537998241  -70.852576977  -13.852011995
    2.951193099    2.443460953   30.006128176  -69.385102734  -13.562939137

   -3.141592654    2.792526803   15.098915631  -55.803349700    0.970405195
   -2.951193099    2.792526803    6.247979763  -36.580997979    2.939799737
   -2.760793544    2.792526803    1.290005038  -15.814531897    4.839709707
   -2.570393989    2.792526803    0.000000000    1.185784543    6.656668006
   -2.379994435    2.792526803    1.270681520   10.708581903    8.498972044
   -2.189594880    2.792526803    3.556111832   12.030049221   10.602111259
   -1.999195325    2.792526803    5.496749658    7.772298835   13.236516261
   -1.808795770    2.792526803    6.478896152    2.867112031   16.528104291
   -1.618396215    2.792526803    6.869530248    2.234705633   20.299039912
   -1.427996661    2.792526803    7.786066506    8.545761155   24.050861338
   -1.237597106    2.792526803   10.538028299   21.082519040   27.121456514
   -1.047197551    2.792526803   16.009267821   36.396309109   28.934533407
   -0.856797996    2.792526803   24.296909786   49.833348910   29.180565392
   -0.666398442    2.792526803   34.634246029   57.342432144   27.838246046
   -0.475998887    2.792526803   45.618585020   56.350828765   25.062624351
   -0.285599332    2.792526803   55.535040210   46.178971174   21.051193883
   -0.095199777    2.792526803   62.719785031   28.054694221   15.963230980
    0.095199777    2.792526803   65.933734237    5.190180487    9.953249433
    0.285599332    2.792526803   64.731969708  -17.339373422    3.267517263
    0.475998887    2.792526803   59.755288206  -33.499635498   -3.626876451
    0.666398442    2.792526803   52.741119743  -38.084113658  -10.018237236
    0.856797996    2.792526803   46.147812029  -29.104257315  -15.077775810
    1.047197551    2.792526803   42.374890633   -9.306836112  -18.144936301
    1.237597106    2.792526803   42.877120292   14.395935636  -19.006528624
    1.427996661    2.792526803   47.576451998   33.456682447  -17.982256598
    1.618396215    2.792526803   54.882458940   40.924353773  -15.772908889
    1.808795770    2.792526803   62.245322892   33.996611772  -13.130950592
    1.999195325    2.792526803   67.033420781   14.548647498  -10.595373591
    2.189594880    2.792526803   67.332804104  -12.043843083   -8.383236941
    2.379994435    2.792526803   62.431414626  -38.917803254   -6.460646781
    2.570393989    2.792526803   52.904441396  -59.684008940   -4.673433959
    2.760793544    2.792526803   40.376115655  -69.963811471   -2.875428925
    2.951193099    2.792526803   27.038552748  -68.199784726   -0.992045348
