#! FIELDS phi psi file.free der_phi der_psi
#! SET min_phi -pi
#! SET max_phi pi
#! SET nbins_phi  33
#! SET periodic_phi true
#! SET min_psi -pi
#! SET max_psi pi
#! SET nbins_psi  18
#! SET periodic_psi true
   -3.141592654   -3.141592654   17.773235833  -53.335269516   16.774481696
   -2.951193099   -3.141592654    9.296791776  -35.073346322   19.195791017
   -2.760793544   -3.141592654    4.566018520  -14.861802389   20.845365381
   -2.570393989   -3.141592654    3.444339548    2.097937641   21.829478254
   -2.379994435   -3.141592654    4.933024567   12.200371851   22.475329085
   -2.189594880   -3.141592654    7.611739981   14.776865224   23.280995508
   -1.999195325   -3.141592654   10.240284062   12.309076631   24.735994493
   -1.808795770   -3.141592654   12.266764619    9.254609021   27.061673980
   -1.618396215   -3.141592654   14.003801186    9.824666358   30.013090765
   -1.427996661   -3.141592654   16.378460044   16.022314000   32.897130978
   -1.237597106   -3.141592654   20.412993921   26.824532378   34.819809667
   -1.047197551   -3.141592654   26.693011321   38.961637169   35.038001250
   -0.856797996   -3.141592654   35.090848181   48.344646039   33.210486807
   -0.666398442   -3.141592654   44.738242703   51.615388874   29.449046143
   -0.475998887   -3.141592654   54.258362716   46.820792637   24.173659205
   -0.285599332   -3.141592654   62.064730480   33.730226421   17.922677525
   -0.095199777   -3.141592654   66.691268061   13.857265665   11.193314105
    0.095199777   -3.141592654   67.140177853   -9.417194214    4.399811079
    0.285599332   -3.141592654   63.231964377  -30.912068077   -2.083384672
    0.475998887   -3.141592654   55.883674668  -44.609434131   -7.836926754
    0.666398442   -3.141592654   47.084750139  -45.555179372  -12.377728013
    0.856797996   -3.141592654   39.465564349  -32.363746574  -15.253269628
    1.047197551   -3.141592654   35.455475143   -8.640672960  -16.227207576
    1.237597106   -3.141592654   36.374836705   17.910425731  -15.424891591
    1.427996661   -3.141592654   41.899856266   38.403165134  -13.299886400
    1.618396215   -3.141592654   50.188275213   46.179175794  -10.441232790
    1.808795770   -3.141592654   58.537422896   39.098549800   -7.307003683
    1.999195325   -3.141592654   64.287346827   19.611225700   -4.098372262
    2.189594880   -3.141592654   65.568678544   -6.754851915   -0.793513593
    2.379994435   -3.141592654   61.699624356  -33.391889103    2.693474623
    2.570393989   -3.141592654   53.220773874  -54.287483713    6.373534676
    2.760793544   -3.141592654   41.665181884  -65.237425735   10.114209915
    2.951193099   -3.141592654   29.129956020  -64.554487854   13.672513220

   -3.141592654   -2.792526803   25.286070602  -48.943503233   24.901286629
   -2.951193099   -2.792526803   17.481273745  -32.438244387   27.061123421
   -2.760793544   -2.792526803   13.091718201  -13.861959670   28.163950930
   -2.570393989   -2.792526803   12.042656055    1.983393379   28.426407329
   -2.379994435   -2.792526803   13.474095878   11.890546349   28.279148443
   -2.189594880   -2.792526803   16.163624620   15.377886648   28.290418024
   -1.999195325   -2.792526803   19.066088798   14.681753543   28.969844900
   -1.808795770   -2.792526803   21.729878850   13.515155075   30.503998482
   -1.618396215   -2.792526803   24.395302049   15.092888221   32.570282596
   -1.427996661   -2.792526803   27.738409258   20.613375010   34.386030395
   -1.237597106   -2.792526803   32.428698242   28.841031351   34.994506145
   -1.047197551   -2.792526803   38.726411946   36.973837801   33.655858653
   -0.856797996   -2.792526803   46.316418188   41.865658868   30.117157290
   -0.666398442   -2.792526803   54.334550052   41.145444995   24.667610637
   -0.475998887   -2.792526803   61.574625487   33.600312167   17.961166359
   -0.285599332   -2.792526803   66.723448831   19.311765659   10.776099616
   -0.095199777   -2.792526803   68.610016560   -0.265828459    3.796201540
    0.095199777   -2.792526803   66.496351323  -22.032678818   -2.481828747
    0.285599332   -2.792526803   60.403121506  -41.120293168   -7.727384286
    0.475998887   -2.792526803   51.392783100  -51.768760265  -11.701487910
    0.666398442   -2.792526803   41.553657088  -49.271012374  -14.209430606
    0.856797996   -2.792526803   33.559749555  -32.598425555  -15.139354530
    1.047197551   -2.792526803   29.804103023   -5.829340217  -14.543677250
    1.237597106   -2.792526803   31.479624037   22.892876791  -12.689973226
    1.427996661   -2.792526803   38.076194956   44.522687330   -9.987197094
    1.618396215   -2.792526803   47.570542111   52.641094824   -6.827962129
    1.808795770   -2.792526803   57.152679265   45.581074053   -3.422766593
    1.999195325   -2.792526803   64.143964006   26.207586783    0.222258158
    2.189594880   -2.792526803   66.710594901    0.174201422    4.205743102
    2.379994435   -2.792526803   64.198946410  -26.087141087    8.561261745
    2.570393989   -2.792526803   57.127914558  -46.885209239   13.152633835
    2.760793544   -2.792526803   46.950891326  -58.273727234   17.663837453
    2.951193099   -2.792526803   35.652968738  -58.633541828   21.697871545

   -3.141592654   -2.443460953   33.946797973  -44.595725101   23.115517827
   -2.951193099   -2.443460953   26.794417009  -29.944459839   24.863580050
   -2.760793544   -2.443460953   22.714954042  -13.039754859   25.698685788
   -2.570393989   -2.443460953   21.700824489    1.643508546   25.812204533
   -2.379994435   -2.443460953   23.019657332   11.199720288   25.537482510
   -2.189594880   -2.443460953   25.617565486   15.247723826   25.287993090
   -1.999195325   -2.443460953   28.602301593   15.732927069   25.402618597
   -1.808795770   -2.443460953   31.577384889   15.642323646   25.944908600
   -1.618396215   -2.443460953   34.677547407   17.304320944   26.580385908
   -1.427996661   -2.443460953   38.323614270   21.305681855   26.656082509
   -1.237597106   -2.443460953   42.871226172   26.447452091   25.459099908
   -1.047197551   -2.443460953   48.341887695   30.633396686   22.535821303
   -0.856797996   -2.443460953   54.357009003   31.805368422   17.882653041
   -0.666398442   -2.443460953   60.193013272   28.552090939   11.955348037
   -0.475998887   -2.443460953   64.927121424   20.182341470    5.477330715
   -0.285599332   -2.443460953   67.575807291    6.732329469   -0.789417880
   -0.095199777   -2.443460953   67.247409012  -10.788551779   -6.248052013
    0.095199777   -2.443460953   63.380085075  -29.867354067  -10.556449293
    0.285599332   -2.443460953   56.065099518  -46.123396782  -13.597889878
    0.475998887   -2.443460953   46.360904013  -54.083122692  -15.398904658
    0.666398442   -2.443460953   36.314913238  -49.173710322  -16.037584044
    0.856797996   -2.443460953   28.539828032  -30.449175015  -15.614828758
    1.047197551   -2.443460953   25.351232776   -2.091694031  -14.259205100
    1.237597106   -2.443460953   27.845107907   27.675950752  -12.146868258
    1.427996661   -2.443460953   35.411638871   49.865133047   -9.481901139
    1.618396215   -2.443460953   45.953664241   58.289972162   -6.442402066
    1.808795770   -2.443460953   56.641543504   51.569470745   -3.112734007
    1.999195325   -2.443460953   64.822149924   32.746148147    0.506152533
    2.189594880   -2.443460953   68.699964473    7.403446549    4.436643702
    2.379994435   -2.443460953   67.623669714  -18.298309598    8.624870131
    2.570393989   -2.443460953   62.054809632  -39.007115785   12.889941256
    2.760793544   -2.443460953   53.334587704  -50.980405722   16.933485089
    2.951193099   -2.443460953   43.317403554  -52.584910543   20.428894565

   -3.141592654   -2.094395102   40.628292740  -40.757745848   14.068667435
   -2.951193099   -2.094395102   34.086852415  -27.386812082   15.183720961
   -2.760793544   -2.094395102   30.371792220  -11.756292227   15.783172933
   -2.570393989   -2.094395102   29.492067225    1.819075284   15.926701790
   -2.379994435   -2.094395102   30.767230336   10.640769131   15.706212735
   -2.189594880   -2.094395102   33.226749314   14.427903721   15.243526187
   -1.999195325   -2.094395102   36.056758615   14.947540727   14.633400493
   -1.808795770   -2.094395102   38.875740472   14.711169074   13.847277111
   -1.618396215   -2.094395102   41.731257050   15.515114743   12.683059514
   -1.427996661   -2.094395102   44.876660480   17.683961405   10.832402564
   -1.237597106   -2.094395102   48.496382372   20.261011793    8.036346435
   -1.047197551   -2.094395102   52.532866430   21.822103482    4.254972345
   -0.856797996   -2.094395102   56.674956883   21.143107513   -0.267289610
   -0.666398442   -2.094395102   60.409019201   17.394993298   -5.043199958
   -0.475998887   -2.094395102   63.091149254   10.032691165   -9.509913688
   -0.285599332   -2.094395102   63.998411998   -1.246579862  -13.188867336
   -0.095199777   -2.094395102   62.405781580  -16.047742257  -15.808621983
    0.095199777   -2.094395102   57.794209398  -32.477874456  -17.342621620
    0.285599332   -2.094395102   50.196863527  -46.579536556  -17.942544249
    0.475998887   -2.094395102   40.560024523  -53.010670965  -17.846150195
    0.666398442   -2.094395102   30.819202730  -47.104060522  -17.258937172
    0.856797996   -2.094395102   23.504673125  -27.707941265  -16.296803417
    1.047197551   -2.094395102   20.889512675    1.188896328  -14.965235500
    1.237597106   -2.094395102   24.055811231   31.466864752  -13.209337286
    1.427996661   -2.094395102   32.394017345   54.177833801  -10.987716839
    1.618396215   -2.094395102   43.809506000   63.152310159   -8.324237328
    1.808795770   -2.094395102   55.477814305   56.997243571   -5.305980122
    1.999195325   -2.094395102   64.745864986   38.722981075   -2.065961669
    2.189594880   -2.094395102   69.807526004   13.821621071    1.254640134
    2.379994435   -2.094395102   69.978520898  -11.674312074    4.507601560
    2.570393989   -2.094395102   65.663368094  -32.540085143    7.544243907
    2.760793544   -2.094395102   58.128224997  -45.074661028   10.216424963
    2.951193099   -2.094395102   49.154327591  -47.592609440   12.411067380

   -3.141592654   -1.745329252   42.906896569  -39.121851042    5.430739045
   -2.951193099   -1.745329252   36.635145094  -26.198191143    5.859422267
   -2.760793544   -1.745329252   33.102442660  -11.043711890    6.091018624
   -2.570393989   -1.745329252   32.304718852    1.946158379    6.102256081
   -2.379994435   -1.745329252   33.538680507   10.057342294    5.816631055
   -2.189594880   -1.745329252   35.809029442   12.999614397    5.134640803
   -1.999195325   -1.745329252   38.271349634   12.474513402    3.950310499
   -1.808795770   -1.745329252   40.497041688   10.898746483    2.155431580
   -1.618396215   -1.745329252   42.475702872   10.083193320   -0.326837951
   -1.427996661   -1.745329252   44.425441985   10.584372985   -3.470818457
   -1.237597106   -1.745329252   46.561658187   11.894824255   -7.095887227
   -1.047197551   -1.745329252   48.950973095   13.068386033  -10.865359660
   -0.856797996   -1.745329252   51.481855078   13.180149259  -14.367991892
   -0.666398442   -1.745329252   53.864808780   11.326101043  -17.210721627
   -0.475998887   -1.745329252   55.631618067    6.563238529  -19.130641125
   -0.285599332   -1.745329252   56.138126145   -2.009945082  -20.043008006
   -0.095199777   -1.745329252   54.624631979  -14.571206764  -20.048817327
    0.095199777   -1.745329252   50.443142057  -29.591670992  -19.408016114
    0.285599332   -1.745329252   43.454933516  -43.215249265  -18.444907151
    0.475998887   -1.745329252   34.441212368  -49.918496940  -17.460018628
    0.666398442   -1.745329252   25.229784996  -44.657021058  -16.617339822
    0.856797996   -1.745329252   18.323451670  -25.815784835  -15.898705706
    1.047197551   -1.745329252   16.050131276    2.980315255  -15.109727166
    1.237597106   -1.745329252   19.593355265   33.713471499  -13.978964751
    1.427996661   -1.745329252   28.437401068   57.269282385  -12.305162281
    1.618396215   -1.745329252   40.529970933   67.138894686  -10.059280892
    1.808795770   -1.745329252   53.023524629   61.600352870   -7.393031670
    1.999195325   -1.745329252   63.193643941   43.510391739   -4.577430128
    2.189594880   -1.745329252   69.151707017   18.378006143   -1.888157380
    2.379994435   -1.745329252   70.145515247   -7.630024822    0.461413315
    2.570393989   -1.745329252   66.540241574  -29.148850595    2.357140973
    2.760793544   -1.745329252   59.587384333  -42.348054500    3.773792103
    2.951193099   -1.745329252   51.075017468  -45.459618837    4.766357315

   -3.141592654   -1.396263402   41.371412560  -39.757959004    3.118793869
   -2.951193099   -1.396263402   34.985096483  -26.750059010    2.909860179
   -2.760793544   -1.396263402   31.363143797  -11.437688356    2.528590316
   -2.570393989   -1.396263402   30.497975955    1.594185562    1.950963599
   -2.379994435   -1.396263402   31.647372461    9.451413639    1.049491372
   -2.189594880   -1.396263402   33.742168345   11.672223305   -0.375447568
   -1.999195325   -1.396263402   35.838420750    9.867616034   -2.530885048
   -1.808795770   -1.396263402   37.409525277    6.583405849   -5.539242905
   -1.618396215   -1.396263402   38.399549857    4.061630771   -9.333149794
   -1.427996661   -1.396263402   39.084079356    3.470689018  -13.584681532
   -1.237597106   -1.396263402   39.849826823    4.835361738  -17.741759641
   -1.047197551   -1.396263402   41.005695475    7.378897031  -21.168804547
   -0.856797996   -1.396263402   42.671648550    9.920615126  -23.352084083
   -0.666398442   -1.396263402   44.707647489   10.959719334  -24.043621614
   -0.475998887   -1.396263402   46.669450217    8.893674598  -23.324289590
   -0.285599332   -1.396263402   47.820255130    2.273195156  -21.542455463
   -0.095199777   -1.396263402   47.225805422   -9.400190069  -19.188834593
    0.095199777   -1.396263402   44.024744626  -24.644328522  -16.771366683
    0.285599332   -1.396263402   37.880717532  -39.424422598  -14.677047706
    0.475998887   -1.396263402   29.432694796  -47.800843893  -13.114165746
    0.666398442   -1.396263402   20.463798298  -44.169341872  -12.076254846
    0.856797996   -1.396263402   13.541222123  -26.337905592  -11.384382894
    1.047197551   -1.396263402   11.150244686    2.430947998  -10.752429839
    1.237597106   -1.396263402   14.664549710   34.074771583   -9.891645504
    1.427996661   -1.396263402   23.711352788   59.056201791   -8.622716587
    1.618396215   -1.396263402   36.278187763   70.257532661   -6.923902639
    1.808795770   -1.396263402   49.447455814   65.439887962   -4.923666424
    1.999195325   -1.396263402   60.354637767   47.276555647   -2.839464824
    2.189594880   -1.396263402   66.968240694   21.401261650   -0.890552524
    2.379994435   -1.396263402   68.437473294   -5.692072386    0.748302656
    2.570393989   -1.396263402   65.095274570  -28.304978700    1.972452744
    2.760793544   -1.396263402   58.217104510  -42.351608235    2.743849259
    2.951193099   -1.396263402   49.651612601  -45.952386629    3.097840467

   -3.141592654   -1.047197551   39.216629532  -42.226979142    3.719567608
   -2.951193099   -1.047197551   32.367570010  -29.092646819    2.558807140
   -2.760793544   -1.047197551   28.333689800  -13.408500797    1.136058216
   -2.570393989   -1.047197551   27.126375837   -0.073287492   -0.470847266
   -2.379994435   -1.047197551   27.956676031    7.666738228   -2.315982964
   -2.189594880   -1.047197551   29.648570593    9.105883191   -4.579870543
   -1.999195325   -1.047197551   31.129923683    5.895620144   -7.479826215
   -1.808795770   -1.047197551   31.789713171    1.001969253  -11.107820226
   -1.618396215   -1.047197551   31.598273212   -2.617127460  -15.266828312
   -1.427996661   -1.047197551   30.998282912   -3.097606180  -19.415603578
   -1.237597106   -1.047197551   30.646002423   -0.082081780  -22.796382733
   -1.047197551   -1.047197551   31.129882436    5.399995902  -24.700115497
   -0.856797996   -1.047197551   32.751073089   11.446030442  -24.743705896
   -0.666398442   -1.047197551   35.389895300   15.631635954  -23.005096735
   -0.475998887   -1.047197551   38.457886267   15.606549686  -19.977524980
   -0.285599332   -1.047197551   40.965317330    9.557604305  -16.377878567
   -0.095199777   -1.047197551   41.698857081   -2.956582999  -12.899530450
    0.095199777   -1.047197551   39.561901655  -20.032325289  -10.025652794
    0.285599332   -1.047197551   34.084794222  -37.045956789   -7.909655148
    0.475998887   -1.047197551   25.890001182  -47.429264385   -6.428802010
    0.666398442   -1.047197551   16.855852104  -45.080728926   -5.307733622
    0.856797996   -1.047197551    9.717217417  -27.538466282   -4.293224250
    1.047197551   -1.047197551    7.149356047    1.897949240   -3.251328503
    1.237597106   -1.047197551   10.679882271   34.818572285   -2.167741508
    1.427996661   -1.047197551   20.003822590   61.180864701   -1.093366398
    1.618396215   -1.047197551   33.079683879   73.372305319   -0.057264252
    1.808795770   -1.047197551   46.882672045   68.848236225    0.950962157
    1.999195325   -1.047197551   58.409139541   50.260804124    1.956334988
    2.189594880   -1.047197551   65.506146684   23.423777563    2.948912596
    2.379994435   -1.047197551   67.245918719   -4.893880557    3.845500038
    2.570393989   -1.047197551   63.936259694  -28.746177267    4.498313443
    2.760793544   -1.047197551   56.869740969  -43.838793564    4.743958655
    2.951193099   -1.047197551   47.947713135  -48.145217929    4.483526997

   -3.141592654   -0.698131701   38.969235724  -45.588316453    3.433681872
   -2.951193099   -0.698131701   31.446830268  -32.731230283    1.130001546
   -2.760793544   -0.698131701   26.721836862  -16.988590151   -1.462565427
   -2.570393989   -0.698131701   24.844538389   -3.556064455   -4.124629689
   -2.379994435   -0.698131701   24.998887403    3.970302881   -6.792778290
   -2.189594880   -0.698131701   25.926047232    4.683867869   -9.594498676
   -1.999195325   -0.698131701   26.464120548    0.384693218  -12.737594601
   -1.808795770   -0.698131701   25.979504073   -5.415356957  -16.277104038
   -1.618396215   -0.698131701   24.547467445   -9.017329528  -19.909018124
   -1.427996661   -0.698131701   22.844281785   -8.017763390  -22.952368480
   -1.237597106   -0.698131701   21.813743013   -2.075237426  -24.583437522
   -1.047197551   -0.698131701   22.266912532    7.124073206  -24.209348906
   -0.856797996   -0.698131701   24.560423296   16.650771373  -21.766630383
   -0.666398442   -0.698131701   28.432913986   23.121335253  -17.776514883
   -0.475998887   -0.698131701   33.009914457   23.664493947  -13.135731586
   -0.285599332   -0.698131701   36.971488516   16.535897966   -8.777231319
   -0.095199777   -0.698131701   38.840086542    1.863580185   -5.334110343
    0.095199777   -0.698131701   37.392040058  -17.580915166   -2.974201971
    0.285599332   -0.698131701   32.197615512  -36.378922194   -1.404880092
    0.475998887   -0.698131701   24.042251866  -47.491642652   -0.108366373
    0.666398442   -0.698131701   15.011590034  -44.845332100    1.364349074
    0.856797996   -0.698131701    7.999726020  -26.414713046    3.150465423
    1.047197551   -0.698131701    5.737669216    3.929443361    5.038104672
    1.237597106   -0.698131701    9.712591212   37.351119248    6.645192809
    1.427996661   -0.698131701   19.527372731   63.720845018    7.656387786
    1.618396215   -0.698131701   33.060078805   75.589357078    8.012933093
    1.808795770   -0.698131701   47.244467945   70.633124847    7.898256641
    1.999195325   -0.698131701   59.070152937   51.620786603    7.606221539
    2.189594880   -0.698131701   66.383131122   24.318415339    7.357481128
    2.379994435   -0.698131701   68.236407541   -4.631798631    7.188764293
    2.570393989   -0.698131701   64.896996715  -29.360216178    6.942466002
    2.760793544   -0.698131701   57.615003298  -45.496786769    6.358479636
    2.951193099   -0.698131701   48.279612862  -50.803999917    5.215139942

   -3.141592654   -0.349065850   39.605750517  -50.281842190    2.768404712
   -2.951193099   -0.349065850   31.115956878  -38.103425430   -0.252106025
   -2.760793544   -0.349065850   25.343721349  -22.530075567   -3.443662732
   -2.570393989   -0.349065850   22.422248456   -8.958470162   -6.537591547
   -2.379994435   -0.349065850   21.559815068   -1.344318303   -9.429457488
   -2.189594880   -0.349065850   21.460157019   -0.837763421  -12.215362482
   -1.999195325   -0.349065850   20.912092578   -5.485916525  -15.056616459
   -1.808795770   -0.349065850   19.305243267  -11.194063147  -17.922950575
   -1.618396215   -0.349065850   16.867550006  -13.560743303  -20.410763345
   -1.427996661   -0.349065850   14.534121641   -9.849481518  -21.806978538
   -1.237597106   -0.349065850   13.506540881   -0.093550825  -21.411154851
   -1.047197551   -0.349065850   14.716767353   13.011217045  -18.936708912
   -0.856797996   -0.349065850   18.424251715   25.340650079  -14.732946033
   -0.666398442   -0.349065850   24.068903581   32.689798948   -9.692038217
   -0.475998887   -0.349065850   30.387028039   32.068492057   -4.880111129
   -0.285599332   -0.349065850   35.717099139   22.346580505   -1.123424166
   -0.095199777   -0.349065850   38.407732166    4.712713740    1.304084123
    0.095199777   -0.349065850   37.273183992  -16.935236641    2.725374184
    0.285599332   -0.349065850   32.105891756  -36.470256302    3.872548398
    0.475998887   -0.349065850   23.985884500  -46.817149280    5.489571410
    0.666398442   -0.349065850   15.232588700  -42.557729129    7.944473265
    0.856797996   -0.349065850    8.808438090  -22.660492219   11.022186327
    1.047197551   -0.349065850    7.330430393    8.194526331   14.031454398
    1.237597106   -0.349065850   12.071194005   40.932630847   16.185581896
    1.427996661   -0.349065850   22.434891744   65.827871330   16.988646712
    1.618396215   -0.349065850   36.215848465   76.130925050   16.456115041
    1.808795770   -0.349065850   50.389471676   70.091718978   15.016241061
    1.999195325   -0.349065850   62.060884541   50.643718571   13.248166768
    2.189594880   -0.349065850   69.181171245   23.311381536   11.586661460
    2.379994435   -0.349065850   70.840814215   -5.696570727   10.172731581
    2.570393989   -0.349065850   67.264614228  -30.861867574    8.855780705
    2.760793544   -0.349065850   59.616450307  -47.908826446    7.335165687
    2.951193099   -0.349065850   49.710813132  -54.404453385    5.340174766

   -3.141592654    0.000000000   40.610449134  -55.493802934    1.804206930
   -2.951193099    0.000000000   31.071966312  -43.800437503   -1.045865099
   -2.760793544    0.000000000   24.210115028  -28.181868978   -3.883412491
   -2.570393989    0.000000000   20.248816870  -14.188349266   -6.531542042
   -2.379994435    0.000000000   18.436156949   -6.111721602   -8.945176926
   -2.189594880    0.000000000   17.458390808   -5.322259497  -11.212858793
   -1.999195325    0.000000000   16.078422255   -9.700296000  -13.410558795
   -1.808795770    0.000000000   13.731377640  -14.607820934  -15.384921495
   -1.618396215    0.000000000   10.802617859  -15.091581548  -16.661678597
   -1.427996661    0.000000000    8.451262139   -8.341016835  -16.606155279
   -1.237597106    0.000000000    8.048074994    4.956498954  -14.775071313
   -1.047197551    0.000000000   10.515833213   20.964072837  -11.246242239
   -0.856797996    0.000000000   15.885256501   34.496122891   -6.685738208
   -0.666398442    0.000000000   23.220071019   40.947630404   -2.103779146
   -0.475998887    0.000000000   30.886309431   37.762652157    1.591468646
   -0.285599332    0.000000000   37.001677838   24.910144428    3.959643540
   -0.095199777    0.000000000   39.930391459    4.857010678    5.202298671
    0.095199777    0.000000000   38.722084005  -17.530378360    6.035647848
    0.285599332    0.000000000   33.525176930  -35.895199867    7.353403444
    0.475998887    0.000000000   25.737193406  -43.784860921    9.789177665
    0.666398442    0.000000000   17.810593563  -37.027530433   13.382415245
    0.856797996    0.000000000   12.588727443  -15.876792343   17.512074567
    1.047197551    0.000000000   12.370970155   14.307362713   21.153261599
    1.237597106    0.000000000   18.072266744   44.688104550   23.357161732
    1.427996661    0.000000000   28.860558794   66.521068664   23.652460908
    1.618396215    0.000000000   42.507756849   74.186964978   22.200174113
    1.808795770    0.000000000   56.147677448   66.652054723   19.611469476
    1.999195325    0.000000000   67.118060491   46.893228397   16.620455282
    2.189594880    0.000000000   73.555487660   19.959718616   13.768743618
    2.379994435    0.000000000   74.623952968   -8.595354072   11.272604972
    2.570393989    0.000000000   70.507334887  -33.733487342    9.045212265
    2.760793544    0.000000000   62.268760648  -51.325207117    6.850915182
    2.951193099    0.000000000   51.628833688  -58.735015777    4.466742926

   -3.141592654    0.349065850   42.306831035  -59.690094291    1.664152100
   -2.951193099    0.349065850   31.939757784  -48.236220600   -0.110832251
   -2.760793544    0.349065850   24.233197202  -32.557266330   -1.725527148
   -2.570393989    0.349065850   19.462392688  -18.290470004   -3.194837062
   -2.379994435    0.349065850   16.896446911   -9.924061357   -4.600797619
   -2.189594880    0.349065850   15.215671394   -8.886181179   -6.049333272
   -1.999195325    0.349065850   13.192891057  -12.813984017   -7.541010404
   -1.808795770    0.349065850   10.342845246  -16.629480276   -8.840013607
   -1.618396215    0.349065850    7.204836013  -15.112210260   -9.489188779
   -1.427996661    0.349065850    5.097832665   -5.690550847   -9.020012549
   -1.237597106    0.349065850    5.451977603   10.158542457   -7.245448239
   -1.047197551    0.349065850    9.074203764   27.640760575   -4.440737794
   -0.856797996    0.349065850   15.723743166   40.966084888   -1.263000179
   -0.666398442    0.349065850   24.143789417   45.671536706    1.547896508
   -0.475998887    0.349065850   32.477409964   40.013848536    3.540787038
   -0.285599332    0.349065850   38.811910101   25.121650941    4.750099447
   -0.095199777    0.349065850   41.694187463    4.448647545    5.687630818
    0.095199777    0.349065850   40.495054101  -16.727225243    7.107975085
    0.285599332    0.349065850   35.688602421  -32.426735711    9.656106256
    0.475998887    0.349065850   28.856179252  -37.270939567   13.537926245
    0.666398442    0.349065850   22.393414009  -28.443307916   18.339276558
    0.856797996    0.349065850   18.850001351   -7.229632297   23.114286042
    1.047197551    0.349065850   20.106649215   20.808011325   26.727909801
    1.237597106    0.349065850   26.713660841   47.549871251   28.322784842
    1.427996661    0.349065850   37.669946104   65.503876749   27.643769602
    1.618396215    0.349065850   50.819314315   70.201767867   25.077897987
    1.808795770    0.349065850   63.534949370   61.192204556   21.398680731
    1.999195325    0.349065850   73.438200062   41.334796017   17.420420834
    2.189594880    0.349065850   78.877586971   15.117387424   13.718718091
    2.379994435    0.349065850   79.108455040  -12.578995734   10.548736286
    2.570393989    0.349065850   74.291517111  -37.184576218    7.895876767
    2.760793544    0.349065850   65.406372149  -54.745192616    5.620805968
    2.951193099    0.349065850   54.085995000  -62.500547248    3.572273359

   -3.141592654    0.698131701   43.858935307  -61.736618359    0.397847441
   -2.951193099    0.698131701   33.113079127  -50.155273022    0.158217509
   -2.760793544    0.698131701   25.043921780  -34.449659687    0.132755528
   -2.570393989    0.698131701   19.905948440  -20.267153110    0.117483755
   -2.379994435    0.698131701   16.945714819  -12.090872176   -0.071743947
   -2.189594880    0.698131701   14.834627051  -11.206450694   -0.545046387
   -1.999195325    0.698131701   12.378385094  -14.960055473   -1.268222285
   -1.808795770    0.698131701    9.183523839  -17.984725652   -2.027293709
   -1.618396215    0.698131701    5.914078421  -15.049423727   -2.499643809
   -1.427996661    0.698131701    3.977940396   -3.968998078   -2.425840707
   -1.237597106    0.698131701    4.790220663   13.121510212   -1.767754072
   -1.047197551    0.698131701    9.021808380   30.892926796   -0.742155276
   -0.856797996    0.698131701   16.233809598   43.468621955    0.324958187
   -0.666398442    0.698131701   25.010218515   46.886676279    1.214847767
   -0.475998887    0.698131701   33.467498119   40.209719247    1.999133339
   -0.285599332    0.698131701   39.819971524   25.327652414    3.038233527
   -0.095199777    0.698131701   42.851946204    6.050270362    4.841027821
    0.095199777    0.698131701   42.187822480  -12.560458660    7.833873065
    0.285599332    0.698131701   38.460348818  -25.273129389   12.113851110
    0.475998887    0.698131701   33.231596413  -27.787227240   17.313007937
    0.666398442    0.698131701   28.670219250  -18.307619516   22.607906095
    0.856797996    0.698131701   26.945131868    1.354768924   26.939412983
    1.047197551    0.698131701   29.528309389   25.897237158   29.363464867
    1.237597106    0.698131701   36.685499744   48.193023885   29.396064612
    1.427996661    0.698131701   47.356359806   62.026455113   27.171839274
    1.618396215    0.698131701   59.551384494   63.929379960   23.332232483
    1.808795770    0.698131701   70.942154104   53.823862146   18.727271516
    1.999195325    0.698131701   79.455949086   34.294718458   14.120426250
    2.189594880    0.698131701   83.655664871    9.215921531   10.011698113
    2.379994435    0.698131701   82.890102403  -17.159604471    6.638679563
    2.570393989    0.698131701   77.311626050  -40.654351490    4.050623791
    2.760793544    0.698131701   67.842728396  -57.464753413    2.210342998
    2.951193099    0.698131701   56.049466569  -64.783237688    1.031644762

   -3.141592654    1.047197551   42.538205914  -61.865800978   -3.985127120
   -2.951193099    1.047197551   31.851927725  -49.446495112   -2.987596092
   -2.760793544    1.047197551   23.961570758  -33.346177718   -1.753100786
   -2.570393989    1.047197551   19.038406755  -19.168847254   -0.603332828
   -2.379994435    1.047197551   16.261211728  -11.294730247    0.249401345
   -2.189594880    1.047197551   14.260816166  -10.839219411    0.718673193
   -1.999195325    1.047197551   11.837846465  -14.948671137    0.827746295
   -1.808795770    1.047197551    8.628052659  -18.110984037    0.673037850
   -1.618396215    1.047197551    5.338142181  -15.117867591    0.370322313
   -1.427996661    1.047197551    3.398200175   -3.963015457   -0.000316024
   -1.237597106    1.047197551    4.205815026   13.010927121   -0.399678529
   -1.047197551    1.047197551    8.388203044   30.457182663   -0.781699336
   -0.856797996    1.047197551   15.486687973   42.749177320   -1.005662486
   -0.666398442    1.047197551   24.136083547   46.399710803   -0.803730388
   -0.475998887    1.047197551   32.594099170   40.877626462    0.187685880
   -0.285599332    1.047197551   39.267934576   28.188850739    2.305121547
   -0.095199777    1.047197551   43.114612107   11.821184698    5.714309059
    0.095199777    1.047197551   43.831705231   -3.899279720   10.301884018
    0.285599332    1.047197551   41.961416455  -14.656006781   15.602171154
    0.475998887    1.047197551   38.806729692  -16.961827961   20.848102440
    0.666398442    1.047197551   36.159181580   -9.381754015   25.113714507
    0.856797996    1.047197551   35.803594017    6.575054500   27.571806889
    1.047197551    1.047197551   38.947059617   26.509998727   27.754960127
    1.237597106    1.047197551   45.795348695   44.476368875   25.701370491
    1.427996661    1.047197551   55.436984077   55.188006637   21.920880153
    1.618396215    1.047197551   66.157158413   55.530259337   17.166084388
    1.808795770    1.047197551   75.912398862   45.225720112   12.162634761
    1.999195325    1.047197551   82.843812678   26.364177144    7.441213665
    2.189594880    1.047197551   85.633517723    2.377361225    3.312600346
    2.379994435    1.047197551   83.684891247  -22.728861735   -0.041902818
    2.570393989    1.047197551   77.175470592  -44.842533884   -2.494657432
    2.760793544    1.047197551   67.045961403  -60.206139459   -3.948053707
    2.951193099    1.047197551   54.865344873  -66.114527902   -4.399009436

   -3.141592654    1.396263402   38.109262701  -60.182591329  -10.436497873
   -2.951193099    1.396263402   27.892258355  -46.306632525   -9.067594698
   -2.760793544    1.396263402   20.676599316  -29.532113003   -7.315423383
   -2.570393989    1.396263402   16.485068874  -15.402479769   -5.477694952
   -2.379994435    1.396263402   14.376203055   -8.106090364   -3.710225177
   -2.189594880    1.396263402   12.901398470   -8.542287530   -2.065776602
   -1.999195325    1.396263402   10.817507348  -13.704362375   -0.583218279
   -1.808795770    1.396263402    7.738552831  -17.989771259    0.644059700
   -1.618396215    1.396263402    4.363854667  -16.128841736    1.471560129
   -1.427996661    1.396263402    2.132881059   -5.983300853    1.777515555
   -1.237597106    1.396263402    2.488620517   10.355847913    1.581917279
   -1.047197551    1.396263402    6.161202019   27.895665631    1.120523716
   -0.856797996    1.396263402   12.860562110   41.299148767    0.839896656
   -0.666398442    1.396263402   21.427677721   47.154193931    1.265484788
   -0.475998887    1.396263402   30.307710748   44.648184151    2.835877130
   -0.285599332    1.396263402   38.009299680   35.177208307    5.750409240
   -0.095199777    1.396263402   43.452549718   21.442707390    9.880824274
    0.095199777    1.396263402   46.148885611    6.989254619   14.776842228
    0.285599332    1.396263402   46.325208707   -4.380167728   19.701265096
    0.475998887    1.396263402   44.911656401   -9.255402191   23.776488676
    0.666398442    1.396263402   43.363798708   -5.713821158   26.178163883
    0.856797996    1.396263402   43.271683116    5.691059511   26.386724030
    1.047197551    1.396263402   45.851739245   21.655846578   24.357162339
    1.237597106    1.396263402   51.505771162   37.055935096   20.516509506
    1.427996661    1.396263402   59.618489826   46.789149337   15.596774316
    1.618396215    1.396263402   68.744693226   47.316752065   10.344955128
    1.808795770    1.396263402   76.998349259   37.686565475    5.296009890
    1.999195325    1.396263402   82.560017211   19.486541829    0.718873830
    2.189594880    1.396263402   84.094391430   -3.929953254   -3.287956880
    2.379994435    1.396263402   81.009499794  -28.295184849   -6.635049135
    2.570393989    1.396263402   73.547866456  -49.168679393   -9.161565539
    2.760793544    1.396263402   62.759293700  -62.707175950  -10.671426780
    2.951193099    1.396263402   50.304331074  -66.455294538  -11.065734954

   -3.141592654    1.745329252   31.601976424  -58.470526404  -16.571144826
   -2.951193099    1.745329252   21.873875906  -42.983626771  -15.362590834
   -2.760793544    1.745329252   15.389555852  -25.291284292  -13.552262690
   -2.570393989    1.745329252   12.043493161  -10.851732732  -11.361328325
   -2.379994435    1.745329252   10.794121965   -3.689835324   -8.891215611
   -2.189594880    1.745329252   10.119981605   -4.605333672   -6.179097522
   -1.999195325    1.745329252    8.712986508  -10.599070658   -3.308756907
   -1.808795770    1.745329252    6.116851811  -16.086606042   -0.493748229
   -1.618396215    1.745329252    2.969387252  -15.672753600    1.951027297
   -1.427996661    1.745329252    0.694932067   -6.844984306    3.736204617
   -1.237597106    1.745329252    0.811731409    8.843212279    4.771695503
   -1.047197551    1.745329252    4.223821974   26.876581377    5.261633677
   -0.856797996    1.745329252   10.877844256   42.032486454    5.668025659
   -0.666398442    1.745329252   19.829942008   50.565721413    6.522126596
   -0.475998887    1.745329252   29.638888549   50.961433301    8.205965010
   -0.285599332    1.745329252   38.779002441   43.803584088   10.794291773
   -0.095199777    1.745329252   45.988582463   31.118451438   13.990716571
    0.095199777    1.745329252   50.495104429   16.030769319   17.199580762
    0.285599332    1.745329252   52.194590931    2.310482545   19.646637182
    0.475998887    1.745329252   51.719922589   -6.259132441   20.610517533
    0.666398442    1.745329252   50.337891112   -6.980754603   19.652602549
    0.856797996    1.745329252   49.621785374    0.561137042   16.808777545
    1.047197551    1.745329252   50.949336509   13.877390074   12.592848289
    1.237597106    1.745329252   54.995907399   28.201842431    7.791724525
    1.427996661    1.745329252   61.429268164   38.168160150    3.163607417
    1.618396215    1.745329252   68.993532100   39.571347842   -0.845944739
    1.808795770    1.745329252   75.858318341   30.796753449   -4.191790828
    1.999195325    1.745329252   80.162552483   13.110040526   -7.096822466
    2.189594880    1.745329252   80.511951362   -9.998978953   -9.810485209
    2.379994435    1.745329252   76.313067345  -33.846544823  -12.392775542
    2.570393989    1.745329252   67.888720037  -53.600942305  -14.652578208
    2.760793544    1.745329252   56.417680380  -65.331455577  -16.254254945
    2.951193099    1.745329252   43.669174732  -66.867208977  -16.919090954

   -3.141592654    2.094395102   24.586604362  -57.611412942  -18.759826569
   -2.951193099    2.094395102   15.157360217  -40.768705814  -17.679261715
   -2.760793544    2.094395102    9.194776701  -22.092980775  -15.822569678
   -2.570393989    2.094395102    6.531551771   -6.908393143  -13.344228904
   -2.379994435    2.094395102    6.096806084    0.911889328  -10.342779248
   -2.189594880    2.094395102    6.355961598    0.567099321   -6.886214683
   -1.999195325    2.094395102    5.968421702   -5.139967225   -3.089915876
   -1.808795770    2.094395102    4.399319156  -10.864348688    0.809617163
   -1.618396215    2.094395102    2.176607711  -11.275728731    4.466610821
   -1.427996661    2.094395102    0.632021856   -3.605030942    7.530899088
   -1.237597106    2.094395102    1.266472300   11.098393031    9.807454038
   -1.047197551    2.094395102    5.065402905   28.816563873   11.356386704
   -0.856797996    2.094395102   12.127221173   44.508518545   12.468574894
   -0.666398442    2.094395102   21.655091731   54.195431070   13.498010248
   -0.475998887    2.094395102   32.274699655   55.797413939   14.665778868
   -0.285599332    2.094395102   42.407401467   49.228266058   15.931522946
   -0.095199777    2.094395102   50.617949322   35.985831017   16.965838167
    0.095199777    2.094395102   55.888130070   18.952936458   17.259726322
    0.285599332    2.094395102   57.860971987    2.101525062   16.280384835
    0.475998887    2.094395102   56.998805132  -10.144494639   13.712233519
    0.666398442    2.094395102   54.550804759  -14.137380657    9.638309801
    0.856797996    2.094395102   52.256812858   -8.569535939    4.609001951
    1.047197551    2.094395102   51.795621388    4.514597690   -0.520310919
    1.237597106    2.094395102   54.164818698   20.150503894   -4.917608058
    1.427996661    2.094395102   59.259019052   32.202436029   -8.091789025
    1.618396215    2.094395102   65.879096196   35.524222792  -10.059934916
    1.808795770    2.094395102   72.093048974   27.848422779  -11.254081018
    1.999195325    2.094395102   75.862937704   10.313299983  -12.253073194
    2.189594880    2.094395102   75.644402447  -13.204730156  -13.490578406
    2.379994435    2.094395102   70.795426158  -37.396072866  -15.075192680
    2.570393989    2.094395102   61.705711274  -56.904091914  -16.781886923
    2.760793544    2.094395102   49.689389171  -67.630067304  -18.198586220
    2.951193099    2.094395102   36.643054855  -67.631369061  -18.931962528

   -3.141592654    2.443460953   18.173647242  -57.484126447  -12.528225594
   -2.951193099    2.443460953    8.893810017  -39.331350088  -11.087463223
   -2.760793544    2.443460953    3.334923191  -19.302271880   -9.105824247
   -2.570393989    2.443460953    1.334605060   -2.740928882   -6.706379268
   -2.379994435    2.443460953    1.824466151    6.441929769   -3.949072260
   -2.189594880    2.443460953    3.256491459    7.308659182   -0.813928465
   -1.999195325    2.443460953    4.239525825    2.418148867    2.737407399
   -1.808795770    2.443460953    4.137576626   -3.140753500    6.644791863
   -1.618396215    2.443460953    3.341443071   -4.141515522   10.671378918
   -1.427996661    2.443460953    3.050457101    2.349966450   14.426636956
   -1.237597106    2.443460953    4.688193573   15.676094884   17.501216657
   -1.047197551    2.443460953    9.242958456   32.237932476   19.626741293
   -0.856797996    2.443460953   16.879276908   47.186806214   20.755102646
   -0.666398442    2.443460953   26.871826456   56.412149094   21.000766898
   -0.475998887    2.443460953   37.865522122   57.451128106   20.500112626
   -0.285599332    2.443460953   48.220839992   49.782233193   19.285977012
   -0.095199777    2.443460953   56.368658045   34.629885222   17.231117155
    0.095199777    2.443460953   61.133542646   14.887022695   14.120608283
    0.285599332    2.443460953   62.039148297   -5.052800823    9.793854114
    0.475998887    2.443460953   59.544534182  -20.003296642    4.354835420
    0.666398442    2.443460953   55.056076923  -25.426144481   -1.707716465
    0.856797996    2.443460953   50.621736142  -19.417598990   -7.558139421
    1.047197551    2.443460953   48.285559465   -4.063187440  -12.279346129
    1.237597106    2.443460953   49.332639696   14.938479276  -15.233298867
    1.427996661    2.443460953   53.760726888   30.323101931  -16.306803431
    1.618396215    2.443460953   60.263577625   35.952416282  -15.931727135
    1.808795770    2.443460953   66.661432564   29.115481844  -14.844374438
    1.999195325    2.443460953   70.645202093   11.131221542  -13.765305141
    2.189594880    2.443460953   70.479380032  -13.514399270  -13.144284823
    2.379994435    2.443460953   65.460070625  -38.809279281  -13.069212522
    2.570393989    2.443460953   56.035556288  -58.885450978  -13.319523347
    2.760793544    2.443460953   43.645601806  -69.449991228  -13.524080118
    2.951193099    2.443460953   30.319298436  -68.663214721  -13.331123534

   -3.141592654    2.792526803   15.475346322  -55.959018669    0.855512054
   -2.951193099    2.792526803    6.542260986  -37.233524149    2.798759001
   -2.760793544    2.792526803    1.438250685  -16.637545242    4.707045048
   -2.570393989    2.792526803    0.000000000    0.500336229    6.557822055
   -2.379994435    2.792526803    1.169640516   10.360901885    8.448144869
   -2.189594880    2.792526803    3.426784994   12.082341627   10.604239602
   -1.999195325    2.792526803    5.411867231    8.170043367   13.286851819
   -1.808795770    2.792526803    6.492222625    3.475617193   16.607617695
   -1.618396215    2.792526803    7.005012735    2.884945046   20.370650163
   -1.427996661    2.792526803    8.034979749    9.064701017   24.060664886
   -1.237597106    2.792526803   10.859911900   21.313239325   27.009881031
   -1.047197551    2.792526803   16.336580006   36.210220410   28.652011521
   -0.856797996    2.792526803   24.542617888   49.162569839   28.704251645
   -0.666398442    2.792526803   34.707387579   56.219205229   27.185994351
   -0.475998887    2.792526803   45.446004449   54.933143666   24.297269142
   -0.285599332    2.792526803   55.084093543   44.726037659   20.271288323
   -0.095199777    2.792526803   62.011658621   26.856076530   15.279580600
    0.095199777    2.792526803   65.040094887    4.471324652    9.456226039
    0.285599332    2.792526803   63.754970884  -17.490268077    2.996911236
    0.475998887    2.792526803   58.798797088  -33.152943208   -3.695851522
    0.666398442    2.792526803   51.882661793  -37.440420185   -9.965410337
    0.856797996    2.792526803   45.418517916  -28.434906861  -15.006468312
    1.047197551    2.792526803   41.753540277   -8.877607875  -18.140648753
    1.237597106    2.792526803   42.299513254   14.417242073  -19.103948034
    1.427996661    2.792526803   46.962897247   33.085173686  -18.156221786
    1.618396215    2.792526803   54.177295379   40.394636327  -15.957600891
    1.808795770    2.792526803   61.453964655   33.694164492  -13.256689058
    1.999195325    2.792526803   66.235630859   14.834250180  -10.623831258
    2.189594880    2.792526803   66.658418852  -11.035257851   -8.323409353
    2.379994435    2.792526803   62.005202038  -37.375533819   -6.359371036
    2.570393989    2.792526803   52.788605101  -58.047663892   -4.589990294
    2.760793544    2.792526803   40.541503755  -68.713613050   -2.854470040
    2.951193099    2.792526803   27.378552727  -67.640652327   -1.047217115
