#! FIELDS phi psi file.free der_phi der_psi
#! SET min_phi -pi
#! SET max_phi pi
#! SET nbins_phi  33
#! SET periodic_phi true
#! SET min_psi -pi
#! SET max_psi pi
#! SET nbins_psi  18
#! SET periodic_psi true
   -3.141592654   -3.141592654   18.548644417  -54.480894478   15.828028284
   -2.951193099   -3.141592654    9.795017627  -36.732458172   18.238051467
   -2.760793544   -3.141592654    4.746838881  -16.414174754   19.998011310
   -2.570393989   -3.141592654    3.383529424    1.208059051   21.137948451
   -2.379994435   -3.141592654    4.787971962   12.226544599   21.912700106
   -2.189594880   -3.141592654    7.552405837   15.612031023   22.772764860
   -1.999195325   -3.141592654   10.384844212   13.543786324   24.185794830
   -1.808795770   -3.141592654   12.639667377   10.338168089   26.369645624
   -1.618396215   -3.141592654   14.527930621   10.272419066   29.089330509
   -1.427996661   -3.141592654   16.902496880   15.560286750   31.672546259
   -1.237597106   -3.141592654   20.757991576   25.439342175   33.262771178
   -1.047197551   -3.141592654   26.699905297   36.856756450   33.171213464
   -0.856797996   -3.141592654   34.652734233   45.845189692   31.124350654
   -0.666398442   -3.141592654   43.815968080   49.100921630   27.306275606
   -0.475998887   -3.141592654   52.886739429   44.693685587   22.195012759
   -0.285599332   -3.141592654   60.357278719   32.407323623   16.342165033
   -0.095199777   -3.141592654   64.838764320   13.723339896   10.187956857
    0.095199777   -3.141592654   65.395254871   -8.118928343    4.016876357
    0.285599332   -3.141592654   61.871367674  -28.194336492   -1.966171373
    0.475998887   -3.141592654   55.150834875  -40.799475585   -7.482722570
    0.666398442   -3.141592654   47.132282807  -41.280717647  -12.094824180
    0.856797996   -3.141592654   40.306527594  -28.435785976  -15.270222753
    1.047197551   -3.141592654   36.944321908   -5.875516041  -16.598413993
    1.237597106   -3.141592654   38.230087933   18.944047122  -16.016063898
    1.427996661   -3.141592654   43.776092178   37.638406207  -13.863715626
    1.618396215   -3.141592654   51.784680876   44.148267886  -10.743810588
    1.808795770   -3.141592654   59.699955763   36.755154689   -7.241882959
    1.999195325   -3.141592654   65.051619802   17.914018654   -3.733271383
    2.189594880   -3.141592654   66.117321531   -7.282158731   -0.333660855
    2.379994435   -3.141592654   62.254661082  -32.862519128    3.000449209
    2.570393989   -3.141592654   53.929370416  -53.326892069    6.340687433
    2.760793544   -3.141592654   42.534792184  -64.612256848    9.679588038
    2.951193099   -3.141592654   30.040526247  -64.787754592   12.905199151

   -3.141592654   -2.792526803   25.874933415  -49.880219130   23.733661918
   -2.951193099   -2.792526803   17.848328931  -33.747266984   26.129836616
   -2.760793544   -2.792526803   13.210518386  -15.063351716   27.518621631
   -2.570393989   -2.792526803   11.976742383    1.321731953   28.014385836
   -2.379994435   -2.792526803   13.349665176   11.952306755   27.973725913
   -2.189594880   -2.792526803   16.111188499   16.034320420   27.937080304
   -1.999195325   -2.792526803   19.163447231   15.530271670   28.424086491
   -1.808795770   -2.792526803   21.963924160   14.028417850   29.656641328
   -1.618396215   -2.792526803   24.657899166   14.831730552   31.365329423
   -1.427996661   -2.792526803   27.859452870   19.392420281   32.831388075
   -1.237597106   -2.792526803   32.231750478   26.781475032   33.170476734
   -1.047197551   -2.792526803   38.083955018   34.442599165   31.710200848
   -0.856797996   -2.792526803   45.184188708   39.345024937   28.246039001
   -0.666398442   -2.792526803   52.761302533   39.116153728   23.086411708
   -0.475998887   -2.792526803   59.693391850   32.461649505   16.867247661
   -0.285599332   -2.792526803   64.732447727   19.338729866   10.302321744
   -0.095199777   -2.792526803   66.744151374    1.033258783    3.963502080
    0.095199777   -2.792526803   64.990868092  -19.572745530   -1.796774432
    0.285599332   -2.792526803   59.451350776  -37.826611235   -6.788124658
    0.475998887   -2.792526803   51.109155397  -48.114748547  -10.850701141
    0.666398442   -2.792526803   41.956829222  -45.785625455  -13.765005911
    0.856797996   -2.792526803   34.569966191  -29.773593742  -15.283555840
    1.047197551   -2.792526803   31.255123222   -4.070004699  -15.258646141
    1.237597106   -2.792526803   33.142366824   23.345265562  -13.773931624
    1.427996661   -2.792526803   39.700525214   43.710628780  -11.150702215
    1.618396215   -2.792526803   48.947980596   50.962784454   -7.824480659
    1.808795770   -2.792526803   58.179476719   43.706638874   -4.150588132
    1.999195325   -2.792526803   64.850082460   24.817298361   -0.304848516
    2.189594880   -2.792526803   67.231460004   -0.349147890    3.699091533
    2.379994435   -2.792526803   64.699813234  -25.817118003    7.887559637
    2.570393989   -2.792526803   57.720489579  -46.278776481   12.213394532
    2.760793544   -2.792526803   47.643640425  -57.901870672   16.492242354
    2.951193099   -2.792526803   36.358818246  -58.893290502   20.436899431

   -3.141592654   -2.443460953   34.353097539  -44.999671751   22.829000308
   -2.951193099   -2.443460953   27.087898381  -30.673586907   24.859126181
   -2.760793544   -2.443460953   22.860607970  -13.796111755   25.938117558
   -2.570393989   -2.443460953   21.722544641    1.156857217   26.174981091
   -2.379994435   -2.443460953   22.986014182   11.119345023   25.860024336
   -2.189594880   -2.443460953   25.600482885   15.474845840   25.413110354
   -1.999195325   -2.443460953   28.632150083   15.946891558   25.214618978
   -1.808795770   -2.443460953   31.612318483   15.429670458   25.391309367
   -1.618396215   -2.443460953   34.604938153   16.362562037   25.685274960
   -1.427996661   -2.443460953   37.996606060   19.605779959   25.522714179
   -1.237597106   -2.443460953   42.166077855   24.256855782   24.262651224
   -1.047197551   -2.443460953   47.207634372   28.414515229   21.493709581
   -0.856797996   -2.443460953   52.836424347   30.052576293   17.208129941
   -0.666398442   -2.443460953   58.414616928   27.658403060   11.809468645
   -0.475998887   -2.443460953   63.078430919   20.369311905    5.932276867
   -0.285599332   -2.443460953   65.868900353    8.031836930    0.228748895
   -0.095199777   -2.443460953   65.881394445   -8.539651299   -4.816061320
    0.095199777   -2.443460953   62.505206365  -27.017832129   -8.954268520
    0.285599332   -2.443460953   55.753148601  -43.130693646  -12.123953739
    0.475998887   -2.443460953   46.595631821  -51.381074484  -14.339625820
    0.666398442   -2.443460953   37.009859717  -47.064609549  -15.592581281
    0.856797996   -2.443460953   29.567142181  -29.070006250  -15.835445226
    1.047197551   -2.443460953   26.567215069   -1.482225081  -15.033413201
    1.237597106   -2.443460953   29.102557133   27.511839135  -13.241099653
    1.427996661   -2.443460953   36.567935771   48.994843101  -10.629065415
    1.618396215   -2.443460953   46.892217712   56.933202842   -7.438299356
    1.808795770   -2.443460953   57.304666036   50.116132051   -3.877905778
    1.999195325   -2.443460953   65.234154769   31.635209712   -0.074090117
    2.189594880   -2.443460953   68.957433018    6.923329725    3.925503917
    2.379994435   -2.443460953   67.851298190  -18.148942209    8.077469613
    2.570393989   -2.443460953   62.348894858  -38.510872550   12.274574092
    2.760793544   -2.443460953   53.722828800  -50.536955899   16.309406861
    2.951193099   -2.443460953   43.756730267  -52.515020944   19.915193083

   -3.141592654   -2.094395102   41.185385313  -40.647559562   14.897882936
   -2.951193099   -2.094395102   34.624415638  -27.676929094   16.203817533
   -2.760793544   -2.094395102   30.826744482  -12.287498541   16.899981133
   -2.570393989   -2.094395102   29.838889688    1.264752018   17.007251545
   -2.379994435   -2.094395102   31.017761477   10.206324035   16.616202909
   -2.189594880   -2.094395102   33.404672701   14.089428438   15.885865065
   -1.999195325   -2.094395102   36.163164604   14.505396198   14.969771199
   -1.808795770   -2.094395102   38.865239745   13.900271511   13.908545398
   -1.618396215   -2.094395102   41.517661475   14.193481096   12.571600254
   -1.427996661   -2.094395102   44.369417754   15.973899656   10.712167220
   -1.237597106   -2.094395102   47.652247485   18.522318328    8.109555624
   -1.047197551   -2.094395102   51.389521222   20.502516681    4.715645052
   -0.856797996   -2.094395102   55.349056404   20.599222706    0.711303023
   -0.666398442   -2.094395102   59.066520339   17.783434567   -3.521846025
   -0.475998887   -2.094395102   61.907743722   11.303579260   -7.538954189
   -0.285599332   -2.094395102   63.124924401    0.702258371  -10.960729754
   -0.095199777   -2.094395102   61.942857330  -13.731232238  -13.573209354
    0.095199777   -2.094395102   57.776745584  -30.170830014  -15.356457838
    0.285599332   -2.094395102   50.587601806  -44.642306847  -16.419912731
    0.475998887   -2.094395102   41.263151462  -51.673688582  -16.914929737
    0.666398442   -2.094395102   31.714286675  -46.400706613  -16.937340276
    0.856797996   -2.094395102   24.482183802  -27.509003939  -16.492127327
    1.047197551   -2.094395102   21.868877085    1.037915061  -15.503758017
    1.237597106   -2.094395102   24.978226849   31.027632437  -13.886053199
    1.427996661   -2.094395102   33.204121022   53.442647741  -11.621268338
    1.618396215   -2.094395102   44.453057544   62.165348561   -8.797680069
    1.808795770   -2.094395102   55.922556160   55.950694641   -5.579574454
    1.999195325   -2.094395102   65.008555345   37.917033794   -2.160255787
    2.189594880   -2.094395102   69.960597395   13.513934254    1.294712289
    2.379994435   -2.094395102   70.126594279  -11.417044786    4.651543142
    2.570393989   -2.094395102   65.901204437  -31.886448632    7.798316453
    2.760793544   -2.094395102   58.502460332  -44.334622457   10.621302112
    2.951193099   -2.094395102   49.651040039  -47.076245438   13.016780987

   -3.141592654   -1.745329252   43.933278129  -38.833698645    6.716035079
   -2.951193099   -1.745329252   37.663413444  -26.449320646    7.185425211
   -2.760793544   -1.745329252   34.039800194  -11.703764464    7.364363150
   -2.570393989   -1.745329252   33.093700555    1.100691979    7.232366423
   -2.379994435   -1.745329252   34.163872080    9.216271082    6.741655262
   -2.189594880   -1.745329252   36.279168699   12.216471238    5.842655471
   -1.999195325   -1.745329252   38.589702213   11.652604141    4.484919023
   -1.808795770   -1.745329252   40.641868088    9.894882598    2.614610229
   -1.618396215   -1.745329252   42.408440258    8.878374981    0.200711738
   -1.427996661   -1.745329252   44.123754896    9.389667685   -2.706090369
   -1.237597106   -1.745329252   46.059755644   11.067220254   -5.933913404
   -1.047197551   -1.745329252   48.351558850   12.923715608   -9.204384078
   -0.856797996   -1.745329252   50.929755076   13.828437796  -12.209956712
   -0.666398442   -1.745329252   53.501010800   12.627717907  -14.680573523
   -0.475998887   -1.745329252   55.553479019    8.218210354  -16.457641256
   -0.285599332   -1.745329252   56.381526468   -0.330245964  -17.509073938
   -0.095199777   -1.745329252   55.166783208  -13.140889450  -17.920922222
    0.095199777   -1.745329252   51.216684277  -28.608412640  -17.876084848
    0.285599332   -1.745329252   44.363721333  -42.771789932  -17.582276038
    0.475998887   -1.745329252   35.384423575  -49.964583393  -17.212940843
    0.666398442   -1.745329252   26.130766084  -45.001145933  -16.831901805
    0.856797996   -1.745329252   19.149569977  -26.213265974  -16.368947721
    1.047197551   -1.745329252   16.808143008    2.680347093  -15.635398997
    1.237597106   -1.745329252   20.301256433   33.473701852  -14.408877770
    1.427996661   -1.745329252   29.092694454   56.938622431  -12.554320876
    1.618396215   -1.745329252   41.104162221   66.628118345  -10.100576344
    1.808795770   -1.745329252   53.488737971   61.013767513   -7.234035597
    1.999195325   -1.745329252   63.559633456   43.114199019   -4.236473202
    2.189594880   -1.745329252   69.481525811   18.436662087   -1.378638428
    2.379994435   -1.745329252   70.537400765   -7.030244904    1.136958552
    2.570393989   -1.745329252   67.085969251  -28.163482490    3.202599272
    2.760793544   -1.745329252   60.331345669  -41.293733729    4.790006860
    2.951193099   -1.745329252   51.997696528  -44.674780080    5.938357246

   -3.141592654   -1.396263402   43.018330340  -39.658139747    3.920378380
   -2.951193099   -1.396263402   36.584887562  -27.324710202    3.701893854
   -2.760793544   -1.396263402   32.800017456  -12.522809083    3.219465607
   -2.570393989   -1.396263402   31.700241096    0.279596592    2.480961055
   -2.379994435   -1.396263402   32.598042791    8.171650237    1.408502091
   -2.189594880   -1.396263402   34.463673100   10.562758873   -0.141168720
   -1.999195325   -1.396263402   36.363555568    8.918544039   -2.327486665
   -1.808795770   -1.396263402   37.762510892    5.734790703   -5.237945568
   -1.618396215   -1.396263402   38.601781237    3.351784353   -8.788354859
   -1.427996661   -1.396263402   39.178424344    3.102950922  -12.661718346
   -1.237597106   -1.396263402   39.924897166    5.054131516  -16.351691747
   -1.047197551   -1.396263402   41.186491862    8.279121715  -19.307774877
   -0.856797996   -1.396263402   43.076542988   11.334756052  -21.125649399
   -0.666398442   -1.396263402   45.399763319   12.502150286  -21.662212198
   -0.475998887   -1.396263402   47.631777646   10.138513322  -21.065609473
   -0.285599332   -1.396263402   48.966002382    2.933955303  -19.689639640
   -0.095199777   -1.396263402   48.433337385   -9.395782162  -17.962398787
    0.095199777   -1.396263402   45.177297071  -25.188182433  -16.275312292
    0.285599332   -1.396263402   38.894213085  -40.282882005  -14.875978279
    0.475998887   -1.396263402   30.275581571  -48.667479649  -13.848743441
    0.666398442   -1.396263402   21.164705690  -44.735632346  -13.117445719
    0.856797996   -1.396263402   14.179028584  -26.411822634  -12.501548010
    1.047197551   -1.396263402   11.819448315    2.814182265  -11.773103548
    1.237597106   -1.396263402   15.428892797   34.640008978  -10.728751036
    1.427996661   -1.396263402   24.571475841   59.456209071   -9.263742254
    1.618396215   -1.396263402   37.180538173   70.307950509   -7.396113888
    1.808795770   -1.396263402   50.331195196   65.250506671   -5.255732185
    1.999195325   -1.396263402   61.203786045   47.173859204   -3.037694206
    2.189594880   -1.396263402   67.831937127   21.706986012   -0.935820918
    2.379994435   -1.396263402   69.407525945   -4.874927161    0.887890284
    2.570393989   -1.396263402   66.256361473  -27.152720038    2.319981299
    2.760793544   -1.396263402   59.600443895  -41.220134474    3.295591725
    2.951193099   -1.396263402   51.217143582  -45.214853351    3.812749296

   -3.141592654   -1.047197551   41.163034707  -42.143868680    3.449359674
   -2.951193099   -1.047197551   34.250465327  -29.816749918    2.345748073
   -2.760793544   -1.047197551   30.016654151  -14.720039316    0.903236333
   -2.570393989   -1.047197551   28.530983703   -1.605536234   -0.772538683
   -2.379994435   -1.047197551   29.076472543    6.271552669   -2.688247818
   -2.189594880   -1.047197551   30.533409781    8.061371205   -4.973353407
   -1.999195325   -1.047197551   31.852362938    5.243638793   -7.807180425
   -1.808795770   -1.047197551   32.420144826    0.696876676  -11.261859924
   -1.618396215   -1.047197551   32.202257353   -2.577020385  -15.143508257
   -1.427996661   -1.047197551   31.648785360   -2.616289512  -18.941584891
   -1.237597106   -1.047197551   31.434979428    0.911369649  -21.957239130
   -1.047197551   -1.047197551   32.148737826    6.795938911  -23.562252276
   -0.856797996   -1.047197551   34.047227778   12.900071699  -23.455912412
   -0.666398442   -1.047197551   36.929543963   16.670499851  -21.775315651
   -0.475998887   -1.047197551   40.122098704   15.842786351  -19.029352283
   -0.285599332   -1.047197551   42.584892645    8.867681962  -15.896332145
   -0.095199777   -1.047197551   43.110046769   -4.393307232  -12.982382910
    0.095199777   -1.047197551   40.657448326  -21.828160030  -10.654829386
    0.285599332   -1.047197551   34.840045396  -38.734488415   -8.953330654
    0.475998887   -1.047197551   26.367361618  -48.586592582   -7.679119299
    0.666398442   -1.047197551   17.185781542  -45.432058435   -6.546384688
    0.856797996   -1.047197551   10.060337414  -27.061999651   -5.358295705
    1.047197551   -1.047197551    7.641995649    2.932873900   -4.080556031
    1.237597106   -1.047197551   11.384355662   35.932637557   -2.800341079
    1.427996661   -1.047197551   20.889407960   61.923567812   -1.632609471
    1.618396215   -1.047197551   34.053303727   73.574101282   -0.616414771
    1.808795770   -1.047197551   47.855379318   68.713206230    0.296083549
    1.999195325   -1.047197551   59.357254234   50.224913895    1.190715743
    2.189594880   -1.047197551   66.488646131   23.877744898    2.115946699
    2.379994435   -1.047197551   68.371631741   -3.843418996    3.025127949
    2.570393989   -1.047197551   65.302127943  -27.324195478    3.774810273
    2.760793544   -1.047197551   58.506972964  -42.475761938    4.176195370
    2.951193099   -1.047197551   49.802166508  -47.282420801    4.083658041

   -3.141592654   -0.698131701   40.818440105  -45.268194808    2.461295968
   -2.951193099   -0.698131701   33.263351567  -33.367969461    0.347501079
   -2.760793544   -0.698131701   28.342891139  -18.328416292   -2.142611570
   -2.570393989   -0.698131701   26.177666694   -5.142897825   -4.761987112
   -2.379994435   -0.698131701   26.042594267    2.598163260   -7.397508330
   -2.189594880   -0.698131701   26.753053016    3.816484934  -10.128184930
   -1.999195325   -0.698131701   27.179730260    0.090087394  -13.134416809
   -1.808795770   -0.698131701   26.686289508   -5.215282684  -16.472597425
   -1.618396215   -0.698131701   25.331536542   -8.411731344  -19.869102666
   -1.427996661   -0.698131701   23.778249370   -7.039966657  -22.696022650
   -1.237597106   -0.698131701   22.963027594   -0.795168221  -24.192064886
   -1.047197551   -0.698131701   23.671422178    8.485165753  -23.815916996
   -0.856797996   -0.698131701   26.200614585   17.702529470  -21.525258328
   -0.666398442   -0.698131701   30.207505666   23.430377051  -17.823673711
   -0.475998887   -0.698131701   34.748152539   22.966622921  -13.557405559
   -0.285599332   -0.698131701   38.481816254   14.888148564   -9.587941573
   -0.095199777   -0.698131701   39.973429484   -0.354086278   -6.471969135
    0.095199777   -0.698131701   38.092070802  -19.807848062   -4.310776957
    0.285599332   -0.698131701   32.516684484  -38.057228017   -2.769071824
    0.475998887   -0.698131701   24.126166839  -48.226950446   -1.327507574
    0.666398442   -0.698131701   15.056178367  -44.517592300    0.413384199
    0.856797996   -0.698131701    8.192894415  -25.235773757    2.497497760
    1.047197551   -0.698131701    6.197735997    5.462541522    4.603695439
    1.237597106   -0.698131701   10.447776270   38.620125224    6.263375374
    1.427996661   -0.698131701   20.438618627   64.265905892    7.131331744
    1.618396215   -0.698131701   33.995877260   75.347745189    7.184256090
    1.808795770   -0.698131701   48.084783499   69.977619269    6.690881725
    1.999195325   -0.698131701   59.793088180   51.155294488    6.048014305
    2.189594880   -0.698131701   67.077139893   24.550450627    5.565237809
    2.379994435   -0.698131701   69.055135448   -3.555331251    5.330209137
    2.570393989   -0.698131701   65.982311324  -27.700203756    5.187494119
    2.760793544   -0.698131701   59.029962987  -43.780980063    4.834809085
    2.951193099   -0.698131701   49.980241692  -49.595618785    3.977946757

   -3.141592654   -0.349065850   41.159453355  -49.433460690    1.552939028
   -2.951193099   -0.349065850   32.720955515  -38.389892686   -1.135872455
   -2.760793544   -0.349065850   26.803374188  -23.682857426   -4.120905727
   -2.570393989   -0.349065850   23.620534722  -10.434921234   -7.103971153
   -2.379994435   -0.349065850   22.490896599   -2.576762262   -9.923599148
   -2.189594880   -0.349065850   22.210160452   -1.464491151  -12.623424400
   -1.999195325   -0.349065850   21.607209282   -5.435087587  -15.341526022
   -1.808795770   -0.349065850   20.062348858  -10.614979751  -18.064327975
   -1.618396215   -0.349065850   17.767563676  -12.669175381  -20.438543454
   -1.427996661   -0.349065850   15.618424817   -8.819335697  -21.814371482
   -1.237597106   -0.349065850   14.786031031    0.911574370  -21.541215743
   -1.047197551   -0.349065850   16.167130249   13.769532155  -19.339810044
   -0.856797996   -0.349065850   19.971727990   25.565825519  -15.512897469
   -0.666398442   -0.349065850   25.586031413   32.127918709  -10.865743327
   -0.475998887   -0.349065850   31.713824948   30.655927717   -6.369327872
   -0.285599332   -0.349065850   36.708246830   20.303948238   -2.775850702
   -0.095199777   -0.349065850   38.985039027    2.510451593   -0.324318059
    0.095199777   -0.349065850   37.460072862  -18.733499146    1.303106752
    0.285599332   -0.349065850   32.026570698  -37.393386468    2.801651094
    0.475998887   -0.349065850   23.833716906  -46.635775127    4.849306461
    0.666398442   -0.349065850   15.214017121  -41.368088265    7.722779275
    0.856797996   -0.349065850    9.079601978  -20.892816032   11.099852780
    1.047197551   -0.349065850    7.941101538    9.883156603   14.191987871
    1.237597106   -0.349065850   12.940348047   41.874115718   16.158137976
    1.427996661   -0.349065850   23.376804229   65.637635292   16.517961905
    1.618396215   -0.349065850   37.016984031   74.922574412   15.373193949
    1.808795770   -0.349065850   50.906866527   68.461833645   13.284624845
    1.999195325   -0.349065850   62.291890241   49.407801742   10.970443973
    2.189594880   -0.349065850   69.268408377   23.124695472    8.975093885
    2.379994435   -0.349065850   71.011761016   -4.633284072    7.494053003
    2.570393989   -0.349065850   67.735437279  -28.855988876    6.366562053
    2.760793544   -0.349065850   60.507059106  -45.620003607    5.224121544
    2.951193099   -0.349065850   51.004102181  -52.569040148    3.690115262

   -3.141592654    0.000000000   41.768638470  -53.855544232    0.737082869
   -2.951193099    0.000000000   32.413098164  -43.501633405   -1.706451336
   -2.760793544    0.000000000   25.496359065  -28.961811307   -4.298824367
   -2.570393989    0.000000000   21.329837803  -15.431271211   -6.825376147
   -2.379994435    0.000000000   19.289147692   -7.151873769   -9.175310037
   -2.189594880    0.000000000   18.168551160   -5.735417451  -11.380350538
   -1.999195325    0.000000000   16.776238916   -9.427764212  -13.494864324
   -1.808795770    0.000000000   14.527807456  -13.888090238  -15.390297803
   -1.618396215    0.000000000   11.750846953  -14.269453293  -16.652889286
   -1.427996661    0.000000000    9.541754182   -7.696729741  -16.712524600
   -1.237597106    0.000000000    9.228667556    5.249899567  -15.159742891
   -1.047197551    0.000000000   11.709396642   20.805729585  -12.042728488
   -0.856797996    0.000000000   16.999204136   33.825789973   -7.934426270
   -0.666398442    0.000000000   24.155684087   39.766266189   -3.721825116
   -0.475998887    0.000000000   31.555973214   36.197579463   -0.210487355
   -0.285599332    0.000000000   37.357122880   23.243650541    2.206372803
   -0.095199777    0.000000000   39.988769821    3.482404357    3.713887142
    0.095199777    0.000000000   38.577001595  -18.226823764    4.967126995
    0.285599332    0.000000000   33.332105408  -35.666962735    6.780262327
    0.475998887    0.000000000   25.677078912  -42.628210162    9.700125252
    0.666398442    0.000000000   18.037054599  -35.234229733   13.674827220
    0.856797996    0.000000000   13.173060869  -14.011929378   17.989938393
    1.047197551    0.000000000   13.260648779   15.541277823   21.544723277
    1.237597106    0.000000000   19.085645284   44.688323014   23.361336959
    1.427996661    0.000000000   29.733889008   65.070509253   23.011718627
    1.618396215    0.000000000   42.988216219   71.629928645   20.771643531
    1.808795770    0.000000000   56.098496093   63.822776544   17.410565148
    1.999195325    0.000000000   66.584407612   44.802364558   13.820138201
    2.189594880    0.000000000   72.758174696   19.381005064   10.658208904
    2.379994435    0.000000000   73.882853535   -7.432701376    8.187163425
    2.570393989    0.000000000   70.127358756  -31.201996598    6.288480660
    2.760793544    0.000000000   62.437961619  -48.233060487    4.628967183
    2.951193099    0.000000000   52.364719962  -56.012865841    2.851054830

   -3.141592654    0.349065850   43.106862174  -57.019809072    0.745632855
   -2.951193099    0.349065850   33.088900540  -47.228307365   -0.683571481
   -2.760793544    0.349065850   25.432414873  -32.930671744   -2.107386357
   -2.570393989    0.349065850   20.512680378  -19.329332726   -3.497296238
   -2.379994435    0.349065850   17.747582488  -10.850530526   -4.873004780
   -2.189594880    0.349065850   15.942865070   -9.211462792   -6.291440683
   -1.999195325    0.349065850   13.921835778  -12.493333054   -7.738256509
   -1.808795770    0.349065850   11.169968169  -15.983743468   -9.003983103
   -1.618396215    0.349065850    8.149691489  -14.590527235   -9.684820815
   -1.427996661    0.349065850    6.100972301   -5.632206144   -9.359149960
   -1.237597106    0.349065850    6.410097216    9.637505685   -7.848555943
   -1.047197551    0.349065850    9.882324117   26.624920223   -5.375323039
   -0.856797996    0.349065850   16.305040896   39.651982744   -2.495546567
   -0.666398442    0.349065850   24.463063531   44.283343021    0.155779860
   -0.475998887    0.349065850   32.541752762   38.773523444    2.186526819
   -0.285599332    0.349065850   38.670121743   24.242472794    3.622775442
   -0.095199777    0.349065850   41.434573671    4.131796358    4.913105234
    0.095199777    0.349065850   40.240272861  -16.331681070    6.729552603
    0.285599332    0.349065850   35.579639348  -31.286755019    9.646208055
    0.475998887    0.349065850   29.023024718  -35.548078079   13.813410407
    0.666398442    0.349065850   22.912113992  -26.545407184   18.767181056
    0.856797996    0.349065850   19.696912154   -5.785686659   23.508486649
    1.047197551    0.349065850   21.128482733   21.100787974   26.859223726
    1.237597106    0.349065850   27.637610432   46.187569865   27.955482722
    1.427996661    0.349065850   38.169211815   62.463278434   26.595974650
    1.618396215    0.349065850   50.621726010   66.084899395   23.280773278
    1.808795770    0.349065850   62.535201710   57.100230238   18.927709700
    1.999195325    0.349065850   71.759701281   38.495592187   14.484981224
    2.189594880    0.349065850   76.852238615   14.423645625   10.614735434
    2.379994435    0.349065850   77.178284119  -10.904114956    7.589098714
    2.570393989    0.349065850   72.869890060  -33.648934995    5.340300217
    2.760793544    0.349065850   64.753840242  -50.391124677    3.622926796
    2.951193099    0.349065850   54.243615701  -58.524497385    2.157306662

   -3.141592654    0.698131701   44.363851193  -58.265995660   -0.297762828
   -2.951193099    0.698131701   34.094794701  -48.610835533   -0.429763381
   -2.760793544    0.698131701   26.152684652  -34.543061619   -0.437626972
   -2.570393989    0.698131701   20.899701395  -21.216649976   -0.475706844
   -2.379994435    0.698131701   17.745842207  -13.038793553   -0.685245022
   -2.189594880    0.698131701   15.501021975  -11.609572764   -1.157882135
   -1.999195325    0.698131701   13.027496828  -14.766533298   -1.866167051
   -1.808795770    0.698131701    9.899738380  -17.548300292   -2.621565736
   -1.618396215    0.698131701    6.697518194  -14.852142850   -3.130565586
   -1.427996661    0.698131701    4.747543544   -4.336917504   -3.144971227
   -1.237597106    0.698131701    5.431239945   12.170680134   -2.608948043
   -1.047197551    0.698131701    9.443426712   29.607728730   -1.688845037
   -0.856797996    0.698131701   16.405410062   42.202026308   -0.648877539
   -0.666398442    0.698131701   24.965023181   45.924967879    0.331321594
   -0.475998887    0.698131701   33.279651870   39.699233269    1.314087151
   -0.285599332    0.698131701   39.579658763   25.298069418    2.606142593
   -0.095199777    0.698131701   42.650409171    6.497888792    4.646533494
    0.095199777    0.698131701   42.116297844  -11.630485508    7.810093911
    0.285599332    0.698131701   38.609309173  -23.887073932   12.177826163
    0.475998887    0.698131701   33.675355536  -26.108822860   17.387606433
    0.666398442    0.698131701   29.430243719  -16.738913627   22.621501940
    0.856797996    0.698131701   27.943174837    2.179531287   26.808710724
    1.047197551    0.698131701   30.555842833   25.284797669   28.984646084
    1.237597106    0.698131701   37.419456903   45.694065916   28.658303214
    1.427996661    0.698131701   47.436894052   57.744813424   25.993829185
    1.618396215    0.698131701   58.703270591   58.650080639   21.702899177
    1.808795770    0.698131701   69.093619462   48.841529678   16.728395375
    1.999195325    0.698131701   76.797487108   30.988774463   11.917783630
    2.189594880    0.698131701   80.608083610    8.549795838    7.816071256
    2.379994435    0.698131701   79.988685653  -14.988519616    4.649677160
    2.570393989    0.698131701   75.049076905  -36.272147168    2.404572062
    2.760793544    0.698131701   66.529706662  -52.095605597    0.950152564
    2.951193099    0.698131701   55.740021294  -59.820713474    0.107999337

   -3.141592654    1.047197551   43.082075877  -58.272785549   -4.684493825
   -2.951193099    1.047197551   32.880587113  -47.928720659   -3.884355416
   -2.760793544    1.047197551   25.103974698  -33.539713276   -2.816515375
   -2.570393989    1.047197551   20.044919202  -20.229855734   -1.758450060
   -2.379994435    1.047197551   17.054126125  -12.342302272   -0.916767098
   -2.189594880    1.047197551   14.901650762  -11.341061590   -0.405372842
   -1.999195325    1.047197551   12.440612856  -14.880580131   -0.236482689
   -1.808795770    1.047197551    9.270038349  -17.843842243   -0.337366983
   -1.618396215    1.047197551    6.012026836  -15.114761899   -0.595084043
   -1.427996661    1.047197551    4.023555557   -4.487510592   -0.911120414
   -1.237597106    1.047197551    4.683804470   12.036332461   -1.220174146
   -1.047197551    1.047197551    8.661875675   29.365180595   -1.454206869
   -0.856797996    1.047197551   15.569875858   41.910004508   -1.471190650
   -0.666398442    1.047197551   24.100445212   46.016980673   -1.033833731
   -0.475998887    1.047197551   32.527725602   40.932877889    0.162742496
   -0.285599332    1.047197551   39.241141486   28.535044703    2.391209780
   -0.095199777    1.047197551   43.170839268   12.349449576    5.778928595
    0.095199777    1.047197551   44.005062587   -3.173376918   10.220124992
    0.285599332    1.047197551   42.297142427  -13.654902863   15.300716658
    0.475998887    1.047197551   39.357134053  -15.720316973   20.321086326
    0.666398442    1.047197551   36.944976879   -8.218125409   24.408780976
    0.856797996    1.047197551   36.754675829    7.036796331   26.754321015
    1.047197551    1.047197551   39.859331630   25.534070080   26.875089714
    1.237597106    1.047197551   46.341461353   41.574373010   24.779952749
    1.427996661    1.047197551   55.249851904   50.478094945   20.959968985
    1.618396215    1.047197551   64.963457026   49.878243892   16.173910950
    1.808795770    1.047197551   73.661657062   40.041416544   11.173667267
    1.999195325    1.047197551   79.768393778   23.116682406    6.516100669
    2.189594880    1.047197551   82.206605465    2.043243272    2.514517667
    2.379994435    1.047197551   80.487884537  -20.029544346   -0.682941960
    2.570393989    1.047197551   74.725803224  -39.874571462   -3.006882436
    2.760793544    1.047197551   65.651210917  -54.337256091   -4.416865261
    2.951193099    1.047197551   54.553064503  -60.832112714   -4.936751360

   -3.141592654    1.396263402   38.834697916  -57.431033066  -11.214778029
   -2.951193099    1.396263402   28.942004935  -45.599956813  -10.178631558
   -2.760793544    1.396263402   21.702620613  -30.337433288   -8.623938934
   -2.570393989    1.396263402   17.283920539  -16.807705639   -6.832471913
   -2.379994435    1.396263402   14.919305377   -9.265557695   -4.998836562
   -2.189594880    1.396263402   13.286840942   -9.005370415   -3.244565672
   -1.999195325    1.396263402   11.181051360  -13.510888226   -1.665614346
   -1.808795770    1.396263402    8.172259288  -17.519549220   -0.376815141
   -1.618396215    1.396263402    4.878549331  -15.802471863    0.493414112
   -1.427996661    1.396263402    2.676018624   -6.015182166    0.860291659
   -1.237597106    1.396263402    2.995192310   10.049280866    0.773699804
   -1.047197551    1.396263402    6.602213456   27.575344989    0.474031598
   -0.856797996    1.396263402   13.256404980   41.183989945    0.379233268
   -0.666398442    1.396263402   21.823042539   47.257693087    0.959376855
   -0.475998887    1.396263402   30.728908068   44.790144474    2.591528681
   -0.285599332    1.396263402   38.442715483   35.150082459    5.434284699
   -0.095199777    1.396263402   43.859205569   21.215307349    9.361397734
    0.095199777    1.396263402   46.507285880    6.773769825   13.972315784
    0.285599332    1.396263402   46.668725082   -4.260159433   18.612330344
    0.475998887    1.396263402   45.325101420   -8.626399175   22.487436745
    0.666398442    1.396263402   43.930856150   -4.791144187   24.831256684
    0.856797996    1.396263402   43.992875045    6.263279775   25.137643163
    1.047197551    1.396263402   46.580133254   21.029864206   23.332251520
    1.237597106    1.396263402   51.946458307   34.607305211   19.786286331
    1.427996661    1.396263402   59.414005011   42.542193500   15.173465139
    1.618396215    1.396263402   67.620280684   42.114779937   10.200047805
    1.808795770    1.396263402   74.903164760   32.965670367    5.382652114
    1.999195325    1.396263402   79.731028520   16.729927786    0.982518722
    2.189594880    1.396263402   81.006528860   -3.796934350   -2.916791790
    2.379994435    1.396263402   78.228985155  -25.273974429   -6.256014427
    2.570393989    1.396263402   71.550702119  -44.165765579   -8.906341448
    2.760793544    1.396263402   61.789136371  -57.171746283  -10.680781246
    2.951193099    1.396263402   50.320028917  -61.837497441  -11.445637001

   -3.141592654    1.745329252   32.331895470  -56.700320164  -16.906088111
   -2.951193099    1.745329252   22.761745282  -43.015573864  -16.152511233
   -2.760793544    1.745329252   16.145999352  -26.481620160  -14.608013423
   -2.570393989    1.745329252   12.532387036  -12.307680848  -12.490064773
   -2.379994435    1.745329252   11.040604621   -4.682668777   -9.956430636
   -2.189594880    1.745329252   10.250476015   -4.816185639   -7.127277551
   -1.999195325    1.745329252    8.870806606  -10.145927363   -4.149362589
   -1.808795770    1.745329252    6.394244440  -15.350856154   -1.256826456
   -1.618396215    1.745329252    3.382196218  -15.029824142    1.251453424
   -1.427996661    1.745329252    1.204083439   -6.477556116    3.115026227
   -1.237597106    1.745329252    1.366369929    8.989423689    4.255306716
   -1.047197551    1.745329252    4.796651047   26.962067164    4.856605530
   -0.856797996    1.745329252   11.467160764   42.133687971    5.334669048
   -0.666398442    1.745329252   20.431578355   50.568870906    6.167966302
   -0.475998887    1.745329252   30.212021982   50.631307893    7.706685973
   -0.285599332    1.745329252   39.242579138   42.987688967   10.033838735
   -0.095199777    1.745329252   46.257231771   29.947295088   12.906235899
    0.095199777    1.745329252   50.538577134   14.940137645   15.812733820
    0.285599332    1.745329252   52.080798336    1.840905521   18.069506791
    0.475998887    1.745329252   51.603374188   -5.788753506   19.023127496
    0.666398442    1.745329252   50.389577343   -5.750818157   18.264528918
    0.856797996    1.745329252   49.925267754    1.830912090   15.813195296
    1.047197551    1.745329252   51.418116177   14.185937099   12.126961540
    1.237597106    1.745329252   55.363498001   26.751267556    7.912868754
    1.427996661    1.745329252   61.336338840   34.845707808    3.846279551
    1.618396215    1.745329252   68.143347168   35.147571002    0.308221830
    1.808795770    1.745329252   74.169431568   26.683851174   -2.693472307
    1.999195325    1.745329252   77.838008305   10.771758282   -5.398425815
    2.189594880    1.745329252   77.986417948   -9.688617586   -8.068655456
    2.379994435    1.745329252   74.099820345  -30.964089251  -10.781233570
    2.570393989    1.745329252   66.397910247  -49.102869312  -13.355468737
    2.760793544    1.745329252   55.825018634  -60.630158734  -15.437141090
    2.951193099    1.745329252   43.883101583  -63.266360954  -16.681407853

   -3.141592654    2.094395102   25.325340812  -56.915556644  -18.555073926
   -2.951193099    2.094395102   15.882516641  -41.507971824  -17.961969340
   -2.760793544    2.094395102    9.694356649  -23.566840824  -16.388551510
   -2.570393989    2.094395102    6.744813286   -8.296278442  -13.995861206
   -2.379994435    2.094395102    6.102173853    0.186774755  -10.941053882
   -2.189594880    2.094395102    6.303147195    0.676452181   -7.370085699
   -1.999195325    2.094395102    6.001318561   -4.399010959   -3.457654027
   -1.808795770    2.094395102    4.601843421   -9.886497549    0.532686649
   -1.618396215    2.094395102    2.558029928  -10.412228958    4.251767158
   -1.427996661    2.094395102    1.150586407   -3.030339110    7.350912468
   -1.237597106    2.094395102    1.865660111   11.396027548    9.623999843
   -1.047197551    2.094395102    5.699683533   28.912136294   11.105086578
   -0.856797996    2.094395102   12.759298572   44.389129382   12.057711418
   -0.666398442    2.094395102   22.231986436   53.708474173   12.827788549
   -0.475998887    2.094395102   32.707008158   54.752381302   13.665294093
   -0.285599332    2.094395102   42.582626045   47.604880235   14.594735989
   -0.095199777    2.094395102   50.450314142   34.100861110   15.369979206
    0.095199777    2.094395102   55.383261686   17.427192909   15.555945291
    0.285599332    2.094395102   57.153725594    1.607876459   14.660932735
    0.475998887    2.094395102   56.328036153   -9.237095411   12.368995931
    0.666398442    2.094395102   54.173111933  -12.046640189    8.731932027
    0.856797996    2.094395102   52.327108597   -6.122955330    4.251719193
    1.047197551    2.094395102   52.273185814    6.160770841   -0.268682941
    1.237597106    2.094395102   54.797538861   20.027814946   -4.047615051
    1.427996661    2.094395102   59.670729097   30.046358741   -6.641096234
    1.618396215    2.094395102   65.731223104   31.996890359   -8.107660669
    1.808795770    2.094395102   71.246163329   24.299405903   -8.915920498
    1.999195325    2.094395102   74.453191515    8.170477557   -9.679520525
    2.189594880    2.094395102   74.033746347  -13.094417855  -10.868062806
    2.379994435    2.094395102   69.420314555  -35.119842183  -12.620167128
    2.570393989    2.094395102   60.901448760  -53.380665636  -14.715641229
    2.760793544    2.094395102   49.571638301  -64.149706383  -16.702789177
    2.951193099    2.094395102   37.091722551  -65.293989977  -18.097266908

   -3.141592654    2.443460953   19.001751319  -57.812346884  -12.094526646
   -2.951193099    2.443460953    9.546963222  -40.726326564  -11.096785762
   -2.760793544    2.443460953    3.676146497  -21.032130901   -9.370564793
   -2.570393989    2.443460953    1.373038022   -4.063679050   -7.052236686
   -2.379994435    2.443460953    1.686963029    5.964114651   -4.252399865
   -2.189594880    2.443460953    3.114274771    7.715393291   -1.014208056
   -1.999195325    2.443460953    4.236832927    3.419707192    2.648758110
   -1.808795770    2.443460953    4.346944843   -1.979733685    6.641048113
   -1.618396215    2.443460953    3.755422958   -3.193408931   10.701061091
   -1.427996661    2.443460953    3.605915084    2.880102095   14.416099983
   -1.237597106    2.443460953    5.299474607   15.749995421   17.355651364
   -1.047197551    2.443460953    9.825931843   31.886385238   19.238202416
   -0.856797996    2.443460953   17.353470223   46.399657786   20.025855107
   -0.666398442    2.443460953   27.148813795   55.121342862   19.879773399
   -0.475998887    2.443460953   37.844385896   55.628195674   19.020502806
   -0.285599332    2.443460953   47.812710622   47.603415310   17.579402020
   -0.095199777    2.443460953   55.546503127   32.573036515   15.505594110
    0.095199777    2.443460953   59.984146852   13.639874018   12.605168255
    0.285599332    2.443460953   60.780842471   -4.859066492    8.673238414
    0.475998887    2.443460953   58.483595865  -18.115309922    3.727159212
    0.666398442    2.443460953   54.492120121  -22.195236281   -1.829425752
    0.856797996    2.443460953   50.729363841  -15.776999172   -7.209598447
    1.047197551    2.443460953   49.027026919   -1.239629350  -11.498044774
    1.237597106    2.443460953   50.447560909   15.923166184  -14.030697325
    1.427996661    2.443460953   54.854333623   29.146900989  -14.674100741
    1.618396215    2.443460953   60.966517678   33.206515809  -13.869878875
    1.808795770    2.443460953   66.788999853   26.069738168  -12.400954828
    1.999195325    2.443460953   70.273180475    9.136492364  -11.058607648
    2.189594880    2.443460953   69.896255341  -13.667695677  -10.364284178
    2.379994435    2.443460953   65.021958286  -37.217979481  -10.451185427
    2.570393989    2.443460953   56.002182899  -56.404657135  -11.095559577
    2.760793544    2.443460953   44.077413177  -67.219838342  -11.867366911
    2.951193099    2.443460953   31.076332583  -67.570774176  -12.310630407

   -3.141592654    2.792526803   16.444605390  -56.982644715    0.544072549
   -2.951193099    2.792526803    7.228839810  -39.060194568    2.206224728
   -2.760793544    2.792526803    1.755585927  -18.545360995    4.018010920
   -2.570393989    2.792526803    0.000000000   -0.808653118    5.917065738
   -2.379994435    2.792526803    1.008062808   10.007989064    7.937239269
   -2.189594880    2.792526803    3.288882090   12.653712160   10.242319793
   -1.999195325    2.792526803    5.443590844    9.316577589   13.044624081
   -1.808795770    2.792526803    6.756911795    4.703120257   16.421708635
   -1.618396215    2.792526803    7.474260047    3.754840140   20.153632041
   -1.427996661    2.792526803    8.611758230    9.307403396   23.708403071
   -1.237597106    2.792526803   11.414283006   20.850978186   26.414840007
   -1.047197551    2.792526803   16.738102500   35.097410819   27.724580165
   -0.856797996    2.792526803   24.677318689   47.502416179   27.403296199
   -0.666398442    2.792526803   34.483457037   54.144035749   25.551693264
   -0.475998887    2.792526803   44.801907058   52.649971033   22.470343450
   -0.285599332    2.792526803   54.011819501   42.595812678   18.476575663
   -0.095199777    2.792526803   60.588156387   25.403757934   13.768293881
    0.095199777    2.792526803   63.448762060    4.259722169    8.423436689
    0.285599332    2.792526803   62.273740141  -16.078909190    2.510611963
    0.475998887    2.792526803   57.742648276  -30.128435309   -3.712361590
    0.666398442    2.792526803   51.517760525  -33.320577430   -9.683400147
    0.856797996    2.792526803   45.868524758  -24.168070669  -14.598765521
    1.047197551    2.792526803   42.939209616   -5.587234825  -17.693122323
    1.237597106    2.792526803   43.943104664   15.841728570  -18.579273637
    1.427996661    2.792526803   48.672882242   32.394206558  -17.428814607
    1.618396215    2.792526803   55.591746310   38.148318794  -14.896849417
    1.808795770    2.792526803   62.380801487   31.045324278  -11.815035847
    1.999195325    2.792526803   66.717351274   12.990370789   -8.885172658
    2.189594880    2.792526803   66.925840133  -11.385314867   -6.492123009
    2.379994435    2.792526803   62.345350852  -36.340576295   -4.698144711
    2.570393989    2.792526803   53.399368303  -56.397655788   -3.335984834
    2.760793544    2.792526803   41.445107968  -67.431948742   -2.149238222
    2.951193099    2.792526803   28.429480235  -67.439560602   -0.902884199
