#! FIELDS phi psi file.free der_phi der_psi
#! SET min_phi -pi
#! SET max_phi pi
#! SET nbins_phi  33
#! SET periodic_phi true
#! SET min_psi -pi
#! SET max_psi pi
#! SET nbins_psi  18
#! SET periodic_psi true
   -3.141592654   -3.141592654   17.942291512  -53.911677451   16.611423023
   -2.951193099   -3.141592654    9.371791499  -35.474186911   19.031698519
   -2.760793544   -3.141592654    4.583332291  -15.062623474   20.710763043
   -2.570393989   -3.141592654    3.440877791    2.077485860   21.735678983
   -2.379994435   -3.141592654    4.937405123   12.294358361   22.413476088
   -2.189594880   -3.141592654    7.637415372   14.892335100   23.229238860
   -1.999195325   -3.141592654   10.282127024   12.356902250   24.670720968
   -1.808795770   -3.141592654   12.304969580    9.161519113   26.967046398
   -1.618396215   -3.141592654   14.008301297    9.566469524   29.887292909
   -1.427996661   -3.141592654   16.319481118   15.624792557   32.753976390
   -1.237597106   -3.141592654   20.270321922   26.360851635   34.685157535
   -1.047197551   -3.141592654   26.463837627   38.536680255   34.944273134
   -0.856797996   -3.141592654   34.793127142   48.068363414   33.189769407
   -0.666398442   -3.141592654   44.409941348   51.585669873   29.529589335
   -0.475998887   -3.141592654   53.954301546   47.116424010   24.377309130
   -0.285599332   -3.141592654   61.852292930   34.405387776   18.260673264
   -0.095199777   -3.141592654   66.644851262   14.925962025   11.659484431
    0.095199777   -3.141592654   67.331227780   -8.003464204    4.962604973
    0.285599332   -3.141592654   63.715976539  -29.271799638   -1.484220705
    0.475998887   -3.141592654   56.687868313  -42.915289180   -7.283819763
    0.666398442   -3.141592654   48.201412648  -43.996352073  -11.957874605
    0.856797996   -3.141592654   40.852171743  -31.110526755  -15.033853059
    1.047197551   -3.141592654   37.040316157   -7.828721228  -16.231626016
    1.237597106   -3.141592654   38.064742430   18.193396579  -15.620846483
    1.427996661   -3.141592654   43.591126503   38.139678127  -13.607237489
    1.618396215   -3.141592654   51.782375458   45.443203054  -10.758919779
    1.808795770   -3.141592654   59.958364908   38.048977299   -7.549997220
    1.999195325   -3.141592654   65.493877873   18.440858031   -4.227347094
    2.189594880   -3.141592654   66.553940678   -7.887299155   -0.823408059
    2.379994435   -3.141592654   62.479529645  -34.408561730    2.708632183
    2.570393989   -3.141592654   53.818518827  -55.185663925    6.371418000
    2.760793544   -3.141592654   42.101044563  -66.037425848   10.053763895
    2.951193099   -3.141592654   29.421901984  -65.258737626   13.548242351

   -3.141592654   -2.792526803   25.470771000  -49.511199985   24.743279720
   -2.951193099   -2.792526803   17.576751891  -32.799502263   26.974561868
   -2.760793544   -2.792526803   13.138349467  -14.014312403   28.153085858
   -2.570393989   -2.792526803   12.076465957    1.993594506   28.478277003
   -2.379994435   -2.792526803   13.518504270   11.980110471   28.368213294
   -2.189594880   -2.792526803   16.224795218   15.450648572   28.385986324
   -1.999195325   -2.792526803   19.132165488   14.656085666   29.044746664
   -1.808795770   -2.792526803   21.776626869   13.334446337   30.541441010
   -1.618396215   -2.792526803   24.392088194   14.756355989   32.571089421
   -1.427996661   -2.792526803   27.659899769   20.174361475   34.372198165
   -1.237597106   -2.792526803   32.264247367   28.399420622   35.007022828
   -1.047197551   -2.792526803   38.487176272   36.651478933   33.746736330
   -0.856797996   -2.792526803   46.036239078   41.776099999   30.335903376
   -0.666398442   -2.792526803   54.066394117   41.373389867   25.049411069
   -0.475998887   -2.792526803   61.384243285   34.194343744   18.517711064
   -0.285599332   -2.792526803   66.681905967   20.280908611   11.489994846
   -0.095199777   -2.792526803   68.785537234    1.034934994    4.618871867
    0.095199777   -2.792526803   66.942910470  -20.507941354   -1.627846389
    0.285599332   -2.792526803   61.148464721  -39.535272799   -6.939388801
    0.475998887   -2.792526803   52.430381042  -50.311840243  -11.079897911
    0.666398442   -2.792526803   42.843013439  -48.104308354  -13.836907461
    0.856797996   -2.792526803   35.034933278  -31.821828939  -15.060409374
    1.047197551   -2.792526803   31.386593532   -5.478006759  -14.751689238
    1.237597106   -2.792526803   33.089300433   22.833763361  -13.126683872
    1.427996661   -2.792526803   39.639379426   44.106126520  -10.557849470
    1.618396215   -2.792526803   49.026862579   51.952552508   -7.428384918
    1.808795770   -2.792526803   58.460246573   44.727221720   -3.970051017
    1.999195325   -2.792526803   65.281201386   25.288256477   -0.230752916
    2.189594880   -2.792526803   67.671978151   -0.745083292    3.845030119
    2.379994435   -2.792526803   64.987184970  -26.982678175    8.264297470
    2.570393989   -2.792526803   57.747842704  -47.754102115   12.889442962
    2.760793544   -2.792526803   47.408787728  -59.095302403   17.422127630
    2.951193099   -2.792526803   35.962074253  -59.359746673   21.487183236

   -3.141592654   -2.443460953   34.121187296  -45.010789403   23.131249583
   -2.951193099   -2.443460953   26.908134042  -30.162870602   24.968044582
   -2.760793544   -2.443460953   22.804240235  -13.082216491   25.875426584
   -2.570393989   -2.443460953   21.793869903    1.715997940   26.038650976
   -2.379994435   -2.443460953   23.130408133   11.301074077   25.790189002
   -2.189594880   -2.443460953   25.743005256   15.288483000   25.545547159
   -1.999195325   -2.443460953   28.723431635   15.644866561   25.648549788
   -1.808795770   -2.443460953   31.666252884   15.393372750   26.170853400
   -1.618396215   -2.443460953   34.705678928   16.929614125   26.793580351
   -1.427996661   -2.443460953   38.275485820   20.900990130   26.884480633
   -1.237597106   -2.443460953   42.753453408   26.147033619   25.749580124
   -1.047197551   -2.443460953   48.187261283   30.566823502   22.943020648
   -0.856797996   -2.443460953   54.219327896   32.061541815   18.449681194
   -0.666398442   -2.443460953   60.137613963   29.162115378   12.697101453
   -0.475998887   -2.443460953   65.020213867   21.125264357    6.371279021
   -0.285599332   -2.443460953   67.875385824    7.947142269    0.197843063
   -0.095199777   -2.443460953   67.796184556   -9.404152607   -5.253139327
    0.095199777   -2.443460953   64.197398825  -28.456134249   -9.651600190
    0.285599332   -2.443460953   57.140326603  -44.851117510  -12.875575176
    0.475998887   -2.443460953   47.652249504  -53.104229439  -14.929074999
    0.666398442   -2.443460953   37.756405061  -48.582705564  -15.855243452
    0.856797996   -2.443460953   30.055138270  -30.258226161  -15.714455312
    1.047197551   -2.443460953   26.868662917   -2.245717530  -14.598190503
    1.237597106   -2.443460953   29.307023179   27.262568484  -12.655848249
    1.427996661   -2.443460953   36.776948964   49.278528423  -10.080238196
    1.618396215   -2.443460953   47.196531667   57.602041663   -7.054692091
    1.808795770   -2.443460953   57.748036969   50.834501312   -3.682901106
    1.999195325   -2.443460953   65.786739225   31.996243029    0.008887800
    2.189594880   -2.443460953   69.521157918    6.649522999    4.021640924
    2.379994435   -2.443460953   68.300696233  -19.054869319    8.290545321
    2.570393989   -2.443460953   62.587914944  -39.754946700   12.635118047
    2.760793544   -2.443460953   53.728685225  -51.677409000   16.762739358
    2.951193099   -2.443460953   43.587968712  -53.169714028   20.349693619

   -3.141592654   -2.094395102   40.853222242  -40.994453000   14.233055095
   -2.951193099   -2.094395102   34.281125420  -27.470870015   15.441891717
   -2.760793544   -2.094395102   30.562508419  -11.713946838   16.104882240
   -2.570393989   -2.094395102   29.698523759    1.934169852   16.287744109
   -2.379994435   -2.094395102   30.996442611   10.753826086   16.092294561
   -2.189594880   -2.094395102   33.470721828   14.459013379   15.647887171
   -1.999195325   -2.094395102   36.293325606   14.837783039   15.054202459
   -1.808795770   -2.094395102   39.076249836   14.448506706   14.287574040
   -1.618396215   -2.094395102   41.871781969   15.168464717   13.157344256
   -1.427996661   -2.094395102   44.953509074   17.388969656   11.371261973
   -1.237597106   -2.094395102   48.534428991   20.176790804    8.683306021
   -1.047197551   -2.094395102   52.584660146   22.065184422    5.052238767
   -0.856797996   -2.094395102   56.807510537   21.748351122    0.699355918
   -0.666398442   -2.094395102   60.687669420   18.312336551   -3.927771658
   -0.475998887   -2.094395102   63.566190078   11.159387262   -8.310168665
   -0.285599332   -2.094395102   64.698390524   -0.028233642  -12.002158242
   -0.095199777   -2.094395102   63.336669114  -14.858501206  -14.744066096
    0.095199777   -2.094395102   58.939093618  -31.437449150  -16.497072078
    0.285599332   -2.094395102   51.516654843  -45.796106164  -17.380514927
    0.475998887   -2.094395102   41.997613996  -52.561997677  -17.588115846
    0.666398442   -2.094395102   32.308310489  -47.006609070  -17.282040370
    0.856797996   -2.094395102   24.982086702  -27.914124954  -16.545964722
    1.047197551   -2.094395102   22.305351572    0.765216169  -15.371412404
    1.237597106   -2.094395102   25.377150475   30.911358768  -13.706610305
    1.427996661   -2.094395102   33.602029827   53.553186509  -11.524185351
    1.618396215   -2.094395102   44.894935185   62.495712191   -8.864129798
    1.808795770   -2.094395102   56.436802754   56.331678159   -5.825771292
    1.999195325   -2.094395102   65.578212056   38.063310201   -2.546713149
    2.189594880   -2.094395102   70.515419842   13.177868130    0.834063025
    2.379994435   -2.094395102   70.565740468  -12.292210073    4.172715850
    2.570393989   -2.094395102   66.136259622  -33.115386570    7.321464642
    2.760793544   -2.094395102   58.497680588  -45.573450369   10.124932819
    2.951193099   -2.094395102   49.438804006  -47.975453630   12.454620661

   -3.141592654   -1.745329252   43.200981956  -39.177468927    5.675007455
   -2.951193099   -1.745329252   36.927697124  -26.156628492    6.167837242
   -2.760793544   -1.745329252   33.411188176  -10.916216650    6.434065381
   -2.570393989   -1.745329252   32.643437256    2.128851351    6.468720902
   -2.379994435   -1.745329252   33.912793967   10.236712891    6.212555859
   -2.189594880   -1.745329252   36.210902017   13.100943150    5.574412051
   -1.999195325   -1.745329252   38.679660207   12.439611764    4.448860577
   -1.808795770   -1.745329252   40.884772689   10.726617603    2.725979614
   -1.618396215   -1.745329252   42.824071105    9.867253002    0.332331858
   -1.427996661   -1.745329252   44.741112331   10.487271650   -2.699670488
   -1.237597106   -1.745329252   46.883353584   12.081959854   -6.187491916
   -1.047197551   -1.745329252   49.342596273   13.620871317   -9.807463387
   -0.856797996   -1.745329252   52.011042637   14.058255755  -13.180319737
   -0.666398442   -1.745329252   54.581270887   12.388839537  -15.955195545
   -0.475998887   -1.745329252   56.553957253    7.635611765  -17.906080693
   -0.285599332   -1.745329252   57.253591458   -1.071084007  -18.963921935
   -0.095199777   -1.745329252   55.898340238  -13.856316759  -19.216990821
    0.095199777   -1.745329252   51.827756861  -29.144260212  -18.886767028
    0.285599332   -1.745329252   44.898000986  -43.044595544  -18.244790147
    0.475998887   -1.745329252   35.891065509  -50.009356370  -17.539342398
    0.666398442   -1.745329252   26.640741838  -44.962336745  -16.898041582
    0.856797996   -1.745329252   19.660949787  -26.268539750  -16.291098252
    1.047197551   -1.745329252   17.292611990    2.445747828  -15.538508088
    1.237597106   -1.745329252   20.729682646   33.138487516  -14.399565545
    1.427996661   -1.745329252   29.461605087   56.671192560  -12.705243196
    1.618396215   -1.745329252   41.438432722   66.525569495  -10.446097458
    1.808795770   -1.745329252   53.814726535   60.989962464   -7.774883345
    1.999195325   -1.745329252   63.870856470   42.932592786   -4.947575658
    2.189594880   -1.745329252   69.724288885   17.863970030   -2.218996961
    2.379994435   -1.745329252   70.627668010   -8.059569507    0.211186305
    2.570393989   -1.745329252   66.948860731  -29.487804027    2.226650772
    2.760793544   -1.745329252   59.939801900  -42.594043787    3.783216066
    2.951193099   -1.745329252   51.389137548  -45.611664964    4.908329055

   -3.141592654   -1.396263402   41.741349277  -39.699156845    3.268678672
   -2.951193099   -1.396263402   35.370813093  -26.638325117    3.108361066
   -2.760793544   -1.396263402   31.776209175  -11.257678248    2.746882956
   -2.570393989   -1.396263402   30.951877549    1.843202742    2.185495954
   -2.379994435   -1.396263402   32.152183473    9.728701682    1.318289803
   -2.189594880   -1.396263402   34.296532619   11.903465018   -0.044824676
   -1.999195325   -1.396263402   36.426452350    9.987225600   -2.112311991
   -1.808795770   -1.396263402   38.008638431    6.589849240   -5.013176454
   -1.618396215   -1.396263402   38.996304099    4.057326063   -8.685192518
   -1.427996661   -1.396263402   39.692175214    3.624188788  -12.805321849
   -1.237597106   -1.396263402   40.514220489    5.294380883  -16.831582461
   -1.047197551   -1.396263402   41.789774022    8.170476100  -20.149442632
   -0.856797996   -1.396263402   43.629415852   10.925191076  -22.276435087
   -0.666398442   -1.396263402   45.859767830   11.959983838  -22.996562375
   -0.475998887   -1.396263402   47.994139760    9.677166722  -22.409832886
   -0.285599332   -1.396263402   49.262865039    2.719912546  -20.859701561
   -0.095199777   -1.396263402   48.719717434   -9.298869237  -18.806421258
    0.095199777   -1.396263402   45.510335380  -24.814697756  -16.709034938
    0.285599332   -1.396263402   39.316257312  -39.757238661  -14.901540140
    0.475998887   -1.396263402   30.797243254  -48.195166719  -13.550148627
    0.666398442   -1.396263402   21.753437633  -44.550121659  -12.629196080
    0.856797996   -1.396263402   14.762177850  -26.676340255  -11.967284747
    1.047197551   -1.396263402   12.309213655    2.111555299  -11.308140900
    1.237597106   -1.396263402   15.759433954   33.710019988  -10.401966829
    1.427996661   -1.396263402   24.726726985   58.581921530   -9.101459251
    1.618396215   -1.396263402   37.190322923   69.653328242   -7.397256397
    1.808795770   -1.396263402   50.235134676   64.754727533   -5.407644318
    1.999195325   -1.396263402   61.011366427   46.608333260   -3.324139907
    2.189594880   -1.396263402   67.507316261   20.850436248   -1.338428150
    2.379994435   -1.396263402   68.887545058   -6.067682737    0.388887109
    2.570393989   -1.396263402   65.490413547  -28.508012029    1.745650100
    2.760793544   -1.396263402   58.586449430  -42.423909986    2.666991262
    2.951193099   -1.396263402   50.015204158  -45.944614446    3.154613823

   -3.141592654   -1.047197551   39.621194288  -42.032356654    3.786540139
   -2.951193099   -1.047197551   32.807058687  -28.910996949    2.658482375
   -2.760793544   -1.047197551   28.810650702  -13.184359165    1.238895410
   -2.570393989   -1.047197551   27.653712303    0.238318029   -0.366891832
   -2.379994435   -1.047197551   28.550934318    8.052011816   -2.188123132
   -2.189594880   -1.047197551   30.317788283    9.494913948   -4.393044735
   -1.999195325   -1.047197551   31.866903842    6.212528921   -7.200430324
   -1.808795770   -1.047197551   32.578068753    1.231660626  -10.713288858
   -1.618396215   -1.047197551   32.428161130   -2.386987821  -14.749389643
   -1.427996661   -1.047197551   31.883585627   -2.720313863  -18.784386499
   -1.237597106   -1.047197551   31.626427806    0.553554032  -22.079472634
   -1.047197551   -1.047197551   32.255198638    6.271045113  -23.946769451
   -0.856797996   -1.047197551   34.051922178   12.383560092  -24.022583587
   -0.666398442   -1.047197551   36.855904907   16.390293983  -22.396288809
   -0.475998887   -1.047197551   40.034294169   15.984154129  -19.557890719
   -0.285599332   -1.047197551   42.570579395    9.486233742  -16.202933709
   -0.095199777   -1.047197551   43.252566034   -3.402098266  -12.989202157
    0.095199777   -1.047197551   41.007775705  -20.686077827  -10.357563842
    0.285599332   -1.047197551   35.400846071  -37.722969521   -8.423419448
    0.475998887   -1.047197551   27.086217034  -47.989968365   -7.040276111
    0.666398442   -1.047197551   17.961990343  -45.460012258   -5.929658339
    0.856797996   -1.047197551   10.766818937  -27.762774406   -4.857188582
    1.047197551   -1.047197551    8.163085234    1.724885136   -3.724562589
    1.237597106   -1.047197551   11.654173843   34.556144334   -2.558240935
    1.427996661   -1.047197551   20.910049202   60.722156600   -1.440163207
    1.618396215   -1.047197551   33.877345100   72.702572943   -0.408600298
    1.808795770   -1.047197551   47.539376619   68.066592943    0.562780588
    1.999195325   -1.047197551   58.919181649   49.535718702    1.532358490
    2.189594880   -1.047197551   65.896328853   22.913213919    2.525289927
    2.379994435   -1.047197551   67.565784019   -5.115220056    3.478230306
    2.570393989   -1.047197551   64.239319905  -28.712399558    4.238322619
    2.760793544   -1.047197551   57.195075536  -43.655386682    4.614708560
    2.951193099   -1.047197551   48.312674283  -47.925727609    4.472261351

   -3.141592654   -0.698131701   39.420392218  -45.343537954    3.544255292
   -2.951193099   -0.698131701   31.935183199  -32.569535470    1.261868040
   -2.760793544   -0.698131701   27.240973553  -16.805333349   -1.347686804
   -2.570393989   -0.698131701   25.408582360   -3.252806143   -4.035638991
   -2.379994435   -0.698131701   25.634388450    4.415233927   -6.709625634
   -2.189594880   -0.698131701   26.655179383    5.208090843   -9.480042970
   -1.999195325   -0.698131701   27.292732347    0.894323605  -12.554006636
   -1.808795770   -0.698131701   26.899003260   -4.970585987  -16.001416140
   -1.618396215   -0.698131701   25.548116576   -8.594051850  -19.543172554
   -1.427996661   -0.698131701   23.931284897   -7.516145776  -22.527287697
   -1.237597106   -0.698131701   23.009633073   -1.425549577  -24.155099517
   -1.047197551   -0.698131701   23.597592665    7.872634499  -23.848121724
   -0.856797996   -0.698131701   26.029847308   17.326302721  -21.541197781
   -0.666398442   -0.698131701   30.006145039   23.503862796  -17.738594672
   -0.475998887   -0.698131701   34.614938324   23.602913459  -13.309318394
   -0.285599332   -0.698131701   38.520960981   16.028468001   -9.154431736
   -0.095199777   -0.698131701   40.260733606    1.053017836   -5.878893091
    0.095199777   -0.698131701   38.646521301  -18.474979089   -3.630063679
    0.285599332   -0.698131701   33.290822600  -37.144062627   -2.104981800
    0.475998887   -0.698131701   25.013246287  -47.992823691   -0.786730831
    0.666398442   -0.698131701   15.915126020  -45.055036097    0.761802469
    0.856797996   -0.698131701    8.884657946  -26.421498655    2.654782903
    1.047197551   -0.698131701    6.627082930    3.951733974    4.649454421
    1.237597106   -0.698131701   10.592984118   37.206183080    6.332488457
    1.427996661   -0.698131701   20.352626955   63.281015088    7.368310577
    1.618396215   -0.698131701   33.772394966   74.862568099    7.698436003
    1.808795770   -0.698131701   47.802141412   69.775945372    7.529642449
    1.999195325   -0.698131701   59.470459394   50.868700121    7.193416692
    2.189594880   -0.698131701   66.666984543   23.874658258    6.946233489
    2.379994435   -0.698131701   68.472206061   -4.690298652    6.842290716
    2.570393989   -0.698131701   65.153191689  -29.108948152    6.714533286
    2.760793544   -0.698131701   57.935027709  -45.106223935    6.270936042
    2.951193099   -0.698131701   48.673026772  -50.444463019    5.250194797

   -3.141592654   -0.349065850   40.129704553  -49.988675197    2.992434531
   -2.951193099   -0.349065850   31.677710840  -37.979045904   -0.022680761
   -2.760793544   -0.349065850   25.924100492  -22.428271398   -3.258017953
   -2.570393989   -0.349065850   23.032133526   -8.726125854   -6.414785620
   -2.379994435   -0.349065850   22.232450130   -0.913931580   -9.356161977
   -2.189594880   -0.349065850   22.230896818   -0.251505182  -12.156191816
   -1.999195325   -0.349065850   21.800683811   -4.850842213  -14.972520908
   -1.808795770   -0.349065850   20.311351140  -10.604863874  -17.791934164
   -1.618396215   -0.349065850   17.979145620  -13.037520079  -20.242541923
   -1.427996661   -0.349065850   15.741826577   -9.354212364  -21.646823084
   -1.237597106   -0.349065850   14.808656537    0.407183131  -21.328787777
   -1.047197551   -0.349065850   16.111825703   13.474208049  -19.004049333
   -0.856797996   -0.349065850   19.894140850   25.641382165  -14.998145506
   -0.666398442   -0.349065850   25.568510848   32.681786502  -10.163149288
   -0.475998887   -0.349065850   31.848662773   31.676382522   -5.523807858
   -0.285599332   -0.349065850   37.070603174   21.624186134   -1.877159922
   -0.095199777   -0.349065850   39.604772243    3.828355962    0.512544465
    0.095199777   -0.349065850   38.303249013  -17.766825800    1.961754966
    0.285599332   -0.349065850   32.997460314  -37.065077393    3.187216767
    0.475998887   -0.349065850   24.794717199  -47.081693671    4.915064313
    0.666398442   -0.349065850   16.021461730  -42.513303089    7.495914668
    0.856797996   -0.349065850    9.624774136  -22.445097974   10.695504860
    1.047197551   -0.349065850    8.186960250    8.363678510   13.801008740
    1.237597106   -0.349065850   12.937203297   40.832921745   16.005560441
    1.427996661   -0.349065850   23.244620962   65.333836177   16.803805027
    1.618396215   -0.349065850   36.895470184   75.286539000   16.220409782
    1.808795770   -0.349065850   50.890843746   69.114995921   14.713207947
    1.999195325   -0.349065850   62.387257435   49.835007611   12.901001961
    2.189594880   -0.349065850   69.389864257   22.914817889   11.251860213
    2.379994435   -0.349065850   71.020650507   -5.604954721    9.918685565
    2.570393989   -0.349065850   67.500199636  -30.399648594    8.735309981
    2.760793544   -0.349065850   59.956757252  -47.311278504    7.364826783
    2.951193099   -0.349065850   50.158611810  -53.901842825    5.494792798

   -3.141592654    0.000000000   41.247696904  -55.200610985    2.125254522
   -2.951193099    0.000000000   31.737087302  -43.775344244   -0.736670692
   -2.760793544    0.000000000   24.868663011  -28.236094360   -3.643261720
   -2.570393989    0.000000000   20.906278464  -14.111163865   -6.389494070
   -2.379994435    0.000000000   19.131126291   -5.784341284   -8.897252707
   -2.189594880    0.000000000   18.239065633   -4.762305067  -11.229352241
   -1.999195325    0.000000000   16.978486244   -9.029427697  -13.453928374
   -1.808795770    0.000000000   14.757841223  -13.972126369  -15.432240219
   -1.618396215    0.000000000   11.938771722  -14.582490386  -16.722132022
   -1.427996661    0.000000000    9.670050922   -7.980270918  -16.724669446
   -1.237597106    0.000000000    9.322403818    5.184685873  -15.017494720
   -1.047197551    0.000000000   11.820767546   21.056342940  -11.671060777
   -0.856797996    0.000000000   17.191511529   34.411987363   -7.314265244
   -0.666398442    0.000000000   24.489175871   40.636904620   -2.906175623
   -0.475998887    0.000000000   32.073628576   37.221566333    0.688853008
   -0.285599332    0.000000000   38.069354874   24.215189101    3.050678118
   -0.095199777    0.000000000   40.861921547    4.151179361    4.373033281
    0.095199777    0.000000000   39.530748918  -18.087424015    5.345540225
    0.285599332    0.000000000   34.251907607  -36.180431075    6.830274600
    0.475998887    0.000000000   26.439473488  -43.753568615    9.434111677
    0.666398442    0.000000000   18.545075793  -36.735452558   13.177796894
    0.856797996    0.000000000   13.391296783  -15.485381824   17.426040018
    1.047197551    0.000000000   13.239054132   14.564313047   21.141165397
    1.237597106    0.000000000   18.957622221   44.582930764   23.364495983
    1.427996661    0.000000000   29.680824207   65.944062023   23.624885654
    1.618396215    0.000000000   43.177957291   73.224496824   22.099222272
    1.808795770    0.000000000   56.618574802   65.581884450   19.431016776
    1.999195325    0.000000000   67.403138963   46.071114299   16.392726614
    2.189594880    0.000000000   73.730339644   19.655795311   13.555158043
    2.379994435    0.000000000   74.796755982   -8.320949159   11.141862210
    2.570393989    0.000000000   70.775398199  -33.049869372    9.047197579
    2.760793544    0.000000000   62.682130772  -50.533899007    6.998121964
    2.951193099    0.000000000   52.179311513  -58.122230225    4.730423252

   -3.141592654    0.349065850   43.066685568  -59.355054894    1.899324911
   -2.951193099    0.349065850   32.723087234  -48.295428710    0.080012883
   -2.760793544    0.349065850   24.984554734  -32.785170465   -1.623789955
   -2.570393989    0.349065850   20.175518863  -18.419676906   -3.206371367
   -2.379994435    0.349065850   17.609251795   -9.779497855   -4.724734088
   -2.189594880    0.349065850   15.984529856   -8.452497237   -6.263084274
   -1.999195325    0.349065850   14.062477797  -12.217875568   -7.813458846
   -1.808795770    0.349065850   11.326403367  -16.059468936   -9.149977184
   -1.618396215    0.349065850    8.281575814  -14.720646625   -9.841132747
   -1.427996661    0.349065850    6.225915354   -5.545428663   -9.447140339
   -1.237597106    0.349065850    6.584806898   10.073360359   -7.795565973
   -1.047197551    0.349065850   10.172860861   27.380417141   -5.149966103
   -0.856797996    0.349065850   16.760269104   40.585490599   -2.129873593
   -0.666398442    0.349065850   25.099621050   45.212650210    0.571268742
   -0.475998887    0.349065850   33.341673006   39.521417802    2.537076981
   -0.285599332    0.349065850   39.583867925   24.657955219    3.811223589
   -0.095199777    0.349065850   42.386534605    4.091863204    4.888517722
    0.095199777    0.349065850   41.135426545  -16.902881064    6.491237812
    0.285599332    0.349065850   36.316592875  -32.373638359    9.230676770
    0.475998887    0.349065850   29.516035769  -36.992000802   13.286392514
    0.666398442    0.349065850   23.122192868  -28.014434488   18.227747082
    0.856797996    0.349065850   19.662232658   -6.812299319   23.099477261
    1.047197551    0.349065850   20.979717033   20.992788229   26.761769646
    1.237597106    0.349065850   27.582840337   47.299681816   28.357536013
    1.427996661    0.349065850   38.442610324   64.748590866   27.640474968
    1.618396215    0.349065850   51.409046735   69.081184478   25.016406331
    1.808795770    0.349065850   63.901760485   60.039969957   21.285890114
    1.999195325    0.349065850   73.614331439   40.547860981   17.289381158
    2.189594880    0.349065850   78.962387107   14.975379125   13.617119388
    2.379994435    0.349065850   79.232088545  -12.044804031   10.521182826
    2.570393989    0.349065850   74.564658126  -36.202688536    7.966749550
    2.760793544    0.349065850   65.879591235  -53.688506221    5.785038338
    2.951193099    0.349065850   54.738604621  -61.717100637    3.797181329

   -3.141592654    0.698131701   44.697491110  -61.418745894    0.443220424
   -2.951193099    0.698131701   33.964745976  -50.305711624    0.125084263
   -2.760793544    0.698131701   25.839784899  -34.833097648    0.004491821
   -2.570393989    0.698131701   20.629815762  -20.590008287   -0.113211956
   -2.379994435    0.698131701   17.631552939  -12.142527141   -0.401577375
   -2.189594880    0.698131701   15.541345594  -10.942837462   -0.960621220
   -1.999195325    0.698131701   13.156727434  -14.501221795   -1.752014331
   -1.808795770    0.698131701   10.051294122  -17.540932712   -2.566224281
   -1.618396215    0.698131701    6.849077388  -14.810060650   -3.093638896
   -1.427996661    0.698131701    4.930490860   -4.028373199   -3.088769252
   -1.237597106    0.698131701    5.704087851   12.789652907   -2.518470440
   -1.047197551    0.698131701    9.854459272   30.397074543   -1.588777806
   -0.856797996    0.698131701   16.966443648   42.938292076   -0.600631583
   -0.666398442    0.698131701   25.646933901   46.424940863    0.254386195
   -0.475998887    0.698131701   34.027920362   39.879317352    1.065118968
   -0.285599332    0.698131701   40.332347300   25.157990542    2.192435571
   -0.095199777    0.698131701   43.348151236    6.053388402    4.131406655
    0.095199777    0.698131701   42.701160138  -12.380915057    7.287717303
    0.285599332    0.698131701   39.024182672  -24.921490318   11.738141421
    0.475998887    0.698131701   33.876655352  -27.290486435   17.097885419
    0.666398442    0.698131701   29.417669390  -17.743974492   22.531092837
    0.856797996    0.698131701   27.794467060    1.832866604   26.970277630
    1.047197551    0.698131701   30.443991760   26.081046924   29.467353176
    1.237597106    0.698131701   37.592420644   47.895077189   29.538880292
    1.427996661    0.698131701   48.154858512   61.196676370   27.325213374
    1.618396215    0.698131701   60.152439232   62.735066541   23.477625733
    1.808795770    0.698131701   71.308693056   52.627622362   18.858882327
    1.999195325    0.698131701   79.628094248   33.514554206   14.243562318
    2.189594880    0.698131701   83.743116586    9.136103977   10.136478851
    2.379994435    0.698131701   83.032448099  -16.522183106    6.772156538
    2.570393989    0.698131701   77.624886653  -39.556296871    4.190137961
    2.760793544    0.698131701   68.376892960  -56.310671903    2.341741315
    2.951193099    0.698131701   56.777421347  -63.949665469    1.132571824

   -3.141592654    1.047197551   43.377466458  -61.678478793   -4.201007876
   -2.951193099    1.047197551   32.678677987  -49.734578074   -3.277437133
   -2.760793544    1.047197551   24.705854229  -33.871455907   -2.099747441
   -2.570393989    1.047197551   19.683432458  -19.635807231   -0.998885726
   -2.379994435    1.047197551   16.840744081  -11.489359688   -0.196577458
   -2.189594880    1.047197551   14.834458384  -10.713269681    0.216474865
   -1.999195325    1.047197551   12.457630674  -14.619638537    0.263939726
   -1.808795770    1.047197551    9.313126763  -17.791703905    0.045878163
   -1.618396215    1.047197551    6.066854136  -15.001973727   -0.319357079
   -1.427996661    1.047197551    4.121057495   -4.143234723   -0.750126500
   -1.237597106    1.047197551    4.868306983   12.575737229   -1.204472076
   -1.047197551    1.047197551    8.953592231   29.902924424   -1.630315727
   -0.856797996    1.047197551   15.947405579   42.231775502   -1.877070327
   -0.666398442    1.047197551   24.511175741   46.033069980   -1.667791331
   -0.475998887    1.047197551   32.918066969   40.712674190   -0.633852350
   -0.285599332    1.047197551   39.579892473   28.227193076    1.560222984
   -0.095199777    1.047197551   43.451723847   12.046117797    5.074933634
    0.095199777    1.047197551   44.227926037   -3.502751241    9.789386702
    0.285599332    1.047197551   42.448377811  -14.099416859   15.229672179
    0.475998887    1.047197551   39.412719502  -16.273374601   20.619978582
    0.666398442    1.047197551   36.902700023   -8.641511213   25.026301094
    0.856797996    1.047197551   36.680837544    7.209736015   27.615198814
    1.047197551    1.047197551   39.917961784   26.822475987   27.915202237
    1.237597106    1.047197551   46.778723973   44.271355939   25.960999404
    1.427996661    1.047197551   56.325899613   54.410797050   22.257662445
    1.618396215    1.047197551   66.854996751   54.350800554   17.551179510
    1.808795770    1.047197551   76.375629152   44.015514695   12.561279480
    1.999195325    1.047197551   83.108103930   25.551410732    7.815674357
    2.189594880    1.047197551   85.805690274    2.252552602    3.626354467
    2.379994435    1.047197551   83.902151879  -22.150138045    0.180650199
    2.570393989    1.047197551   77.550767799  -43.822047238   -2.383733668
    2.760793544    1.047197551   67.625337902  -59.151047008   -3.956197811
    2.951193099    1.047197551   55.617756227  -65.398773473   -4.519722797

   -3.141592654    1.396263402   38.848992195  -60.139512927  -10.868161800
   -2.951193099    1.396263402   28.598630181  -46.671786871   -9.555637683
   -2.760793544    1.396263402   21.290492327  -30.090276478   -7.816467154
   -2.570393989    1.396263402   16.995112070  -15.890076251   -5.971443612
   -2.379994435    1.396263402   14.815589034   -8.337099631   -4.202405983
   -2.189594880    1.396263402   13.325216721   -8.482002940   -2.579963695
   -1.999195325    1.396263402   11.272472676  -13.464001034   -1.147930565
   -1.808795770    1.396263402    8.241250498  -17.761896357    0.008353328
   -1.618396215    1.396263402    4.894598783  -16.081082153    0.758338204
   -1.427996661    1.396263402    2.648759347   -6.186946767    0.993958220
   -1.237597106    1.396263402    2.944732819    9.950271946    0.745140846
   -1.047197551    1.396263402    6.530506066   27.417385627    0.252785916
   -0.856797996    1.396263402   13.142510663   40.882954817   -0.034048027
   -0.666398442    1.396263402   21.643604163   46.887867552    0.410520252
   -0.475998887    1.396263402   30.489946438   44.563782455    2.024609920
   -0.285599332    1.396263402   38.192718879   35.275205084    5.005948483
   -0.095199777    1.396263402   43.671827085   21.724620770    9.224667792
    0.095199777    1.396263402   46.440082851    7.468068101   14.228480490
    0.285599332    1.396263402   46.727193613   -3.692554003   19.277100935
    0.475998887    1.396263402   45.463141862   -8.378024968   23.488176492
    0.666398442    1.396263402   44.093860581   -4.734067786   26.031984640
    0.856797996    1.396263402   44.184441731    6.596191089   26.384193777
    1.047197551    1.396263402   46.910362933   22.240763749   24.495790465
    1.237597106    1.396263402   52.626195847   37.090316455   20.787818550
    1.427996661    1.396263402   60.683984672   46.181566829   15.981337933
    1.618396215    1.396263402   69.642299936   46.207262301   10.807318245
    1.808795770    1.396263402   77.663832689   36.431863685    5.784245391
    1.999195325    1.396263402   83.007450766   18.519795893    1.170392347
    2.189594880    1.396263402   84.411754758   -4.294611095   -2.936218437
    2.379994435    1.396263402   81.320868312  -28.006817953   -6.434645539
    2.570393989    1.396263402   73.960332139  -48.449253536   -9.142469813
    2.760793544    1.396263402   63.320563525  -61.925644902  -10.835751386
    2.951193099    1.396263402   50.991614637  -65.955770796  -11.387315444

   -3.141592654    1.745329252   32.213428348  -58.576667218  -17.133222417
   -2.951193099    1.745329252   22.434322336  -43.387739120  -15.948042385
   -2.760793544    1.745329252   15.858226806  -25.810767222  -14.100613284
   -2.570393989    1.745329252   12.418930000  -11.275774281  -11.849325954
   -2.379994435    1.745329252   11.109103615   -3.883473287   -9.334242369
   -2.189594880    1.745329252   10.421406644   -4.563153516   -6.617708415
   -1.999195325    1.745329252    9.036723964  -10.429566137   -3.788320136
   -1.808795770    1.745329252    6.471773110  -15.955882545   -1.044914190
   -1.618396215    1.745329252    3.334151211  -15.713793020    1.320676206
   -1.427996661    1.745329252    1.030805553   -7.103947295    3.040498450
   -1.237597106    1.745329252    1.081058783    8.421130683    4.037181825
   -1.047197551    1.745329252    4.406147406   26.409738727    4.516947977
   -0.856797996    1.745329252   10.976288686   41.637870408    4.937165815
   -0.666398442    1.745329252   19.866393678   50.318686733    5.822453849
   -0.475998887    1.745329252   29.645056931   50.894324672    7.550570302
   -0.285599332    1.745329252   38.790474245   43.930806586   10.195646643
   -0.095199777    1.745329252   46.044303928   31.463070609   13.464558305
    0.095199777    1.745329252   50.639455294   16.624984393   16.765582215
    0.285599332    1.745329252   52.477500960    3.174597823   19.325681197
    0.475998887    1.745329252   52.191495629   -5.148869089   20.420139729
    0.666398442    1.745329252   51.036682631   -5.726332434   19.603798811
    0.856797996    1.745329252   50.558100312    1.763936060   16.905766175
    1.047197551    1.745329252   52.088630122   14.760569894   12.834525197
    1.237597106    1.745329252   56.251673560   28.506896811    8.170705377
    1.427996661    1.745329252   62.676280540   37.768392725    3.660809909
    1.618396215    1.745329252   70.103328477   38.570213021   -0.268449899
    1.808795770    1.745329252   76.744879852   29.524046292   -3.594200458
    1.999195325    1.745329252   80.814888090   11.992022577   -6.556666683
    2.189594880    1.745329252   80.993986148  -10.630447831   -9.409210722
    2.379994435    1.745329252   76.730254032  -33.902136329  -12.197066977
    2.570393989    1.745329252   68.338186803  -53.251196873  -14.696815760
    2.760793544    1.745329252   56.947550317  -64.889322402  -16.530081524
    2.951193099    1.745329252   44.267352800  -66.627191837  -17.376638313

   -3.141592654    2.094395102   25.012429168  -57.831910029  -19.263309921
   -2.951193099    2.094395102   15.525856862  -41.131379937  -18.221350904
   -2.760793544    2.094395102    9.489748920  -22.474941591  -16.334825067
   -2.570393989    2.094395102    6.762177758   -7.179732055  -13.794889485
   -2.379994435    2.094395102    6.291661254    0.816470386  -10.739870217
   -2.189594880    2.094395102    6.547778654    0.620223478   -7.264640633
   -1.999195325    2.094395102    6.176799322   -5.035530973   -3.490682578
   -1.808795770    2.094395102    4.622215509  -10.835507655    0.359182317
   -1.618396215    2.094395102    2.390072480  -11.410892538    3.960788173
   -1.427996661    2.094395102    0.801813186   -3.922150623    6.983381640
   -1.237597106    2.094395102    1.362496756   10.657246934    9.241808019
   -1.047197551    2.094395102    5.073511367   28.355336475   10.795576518
   -0.856797996    2.094395102   12.053413135   44.125531777   11.929024166
   -0.666398442    2.094395102   21.521224696   53.956207762   12.990054492
   -0.475998887    2.094395102   32.111990773   55.739318894   14.198354856
   -0.285599332    2.094395102   42.253226268   49.384351103   15.516964995
   -0.095199777    2.094395102   50.517311337   36.403099807   16.622694324
    0.095199777    2.094395102   55.895635953   19.681489617   17.010272107
    0.285599332    2.094395102   58.038901108    3.165047936   16.144302751
    0.475998887    2.094395102   57.408685287   -8.782134198   13.699658933
    0.666398442    2.094395102   55.239293675  -12.599415259    9.746976710
    0.856797996    2.094395102   53.238119962   -7.072787285    4.827593480
    1.047197551    2.094395102   53.035372667    5.683728864   -0.204460269
    1.237597106    2.094395102   55.573182206   20.713391173   -4.513076397
    1.427996661    2.094395102   60.702892412   32.003944832   -7.605324643
    1.618396215    2.094395102   67.215788256   34.630220835   -9.506106829
    1.808795770    2.094395102   73.214859438   26.550661859  -10.666921982
    1.999195325    2.094395102   76.731121526    9.014602249  -11.691054518
    2.189594880    2.094395102   76.293318976  -14.166251147  -13.029840326
    2.379994435    2.094395102   71.305571970  -37.888278606  -14.791158989
    2.570393989    2.094395102   62.160539773  -57.023638854  -16.725981804
    2.760793544    2.094395102   50.139107631  -67.602131988  -18.379722618
    2.951193099    2.094395102   37.093688777  -67.674778015  -19.311456958

   -3.141592654    2.443460953   18.433741005  -57.880279989  -12.900646145
   -2.951193099    2.443460953    9.077892408  -39.718028935  -11.512582423
   -2.760793544    2.443460953    3.452270441  -19.599157208   -9.519004634
   -2.570393989    2.443460953    1.408847627   -2.886039220   -7.073747211
   -2.379994435    2.443460953    1.885637296    6.450277563   -4.271253753
   -2.189594880    2.443460953    3.329138809    7.408007561   -1.115435913
   -1.999195325    2.443460953    4.331780737    2.512855359    2.426210768
   -1.808795770    2.443460953    4.239094216   -3.151459132    6.304709372
   -1.618396215    2.443460953    3.425798665   -4.313476487   10.300971266
   -1.427996661    2.443460953    3.086136722    2.019063345   14.040333341
   -1.237597106    2.443460953    4.649844370   15.244773211   17.120530195
   -1.047197551    2.443460953    9.119906429   31.797392894   19.271278489
   -0.856797996    2.443460953   16.678240214   46.822251372   20.437520607
   -0.666398442    2.443460953   26.613780867   56.187158918   20.728544287
   -0.475998887    2.443460953   37.581938464   57.416501532   20.281048648
   -0.285599332    2.443460953   47.953033929   49.995269348   19.132782521
   -0.095199777    2.443460953   56.170294623   35.160114289   17.162026584
    0.095199777    2.443460953   61.070860392   15.790958168   14.153368720
    0.285599332    2.443460953   62.185073364   -3.768411910    9.936224099
    0.475998887    2.443460953   59.966037260  -18.410148652    4.597005505
    0.666398442    2.443460953   55.798135706  -23.683767708   -1.392842820
    0.856797996    2.443460953   51.691414298  -17.760546839   -7.205052017
    1.047197551    2.443460953   49.640391428   -2.770486225  -11.914072726
    1.237597106    2.443460953   50.877820685   15.609853545  -14.861428204
    1.427996661    2.443460953   55.361921020   30.231866127  -15.913899896
    1.618396215    2.443460953   61.777156587   35.151624263  -15.497458891
    1.808795770    2.443460953   67.973442283   27.855738374  -14.364186973
    1.999195325    2.443460953   71.701391191    9.763464160  -13.266749228
    2.189594880    2.443460953   71.290022769  -14.685857574  -12.687828426
    2.379994435    2.443460953   66.078829467  -39.644519291  -12.731205689
    2.570393989    2.443460953   56.525015845  -59.426397505  -13.164383452
    2.760793544    2.443460953   44.048865416  -69.836596127  -13.578839834
    2.951193099    2.443460953   30.652119175  -69.028971068  -13.574792901

   -3.141592654    2.792526803   15.657319000  -56.478092243    0.591724091
   -2.951193099    2.792526803    6.635228520  -37.637322081    2.496334484
   -2.760793544    2.792526803    1.468636544  -16.881714683    4.419329651
   -2.570393989    2.792526803    0.000000000    0.427999527    6.313570986
   -2.379994435    2.792526803    1.168929087   10.421029596    8.247905347
   -2.189594880    2.792526803    3.443754376   12.194480576   10.428854640
   -1.999195325    2.792526803    5.447374452    8.244563708   13.112028239
   -1.808795770    2.792526803    6.531421397    3.430647218   16.417246488
   -1.618396215    2.792526803    7.020829351    2.684813629   20.162735443
   -1.427996661    2.792526803    7.998335254    8.723098517   23.846861389
   -1.237597106    2.792526803   10.748979325   20.889525418   26.809111187
   -1.047197551    2.792526803   16.143891222   35.792086698   28.483813362
   -0.856797996    2.792526803   24.277724393   48.837034669   28.584294000
   -0.666398442    2.792526803   34.395383472   56.061780173   27.127357555
   -0.475998887    2.792526803   45.125507008   55.012770513   24.314023442
   -0.285599332    2.792526803   54.806718266   45.113103545   20.379612166
   -0.095199777    2.792526803   61.842267178   27.613984370   15.493548515
    0.095199777    2.792526803   65.052570488    5.625429983    9.777704463
    0.285599332    2.792526803   64.022012736  -15.982175755    3.405231072
    0.475998887    2.792526803   59.377490292  -31.411194724   -3.247454561
    0.666398442    2.792526803   52.800785673  -35.649950677   -9.541412208
    0.856797996    2.792526803   46.664483960  -26.818409839  -14.669072997
    1.047197551    2.792526803   43.271886166   -7.668918646  -17.925040654
    1.237597106    2.792526803   43.992659840   15.018303727  -19.001322832
    1.427996661    2.792526803   48.703402716   32.977167760  -18.115406354
    1.618396215    2.792526803   55.832455606   39.630400677  -15.907101690
    1.808795770    2.792526803   62.916508094   32.481985552  -13.139033286
    1.999195325    2.792526803   67.447426298   13.461772644  -10.424412859
    2.189594880    2.792526803   67.614505812  -12.314355658   -8.078736161
    2.379994435    2.792526803   62.737972675  -38.430611721   -6.140761540
    2.570393989    2.792526803   53.342261702  -58.881584670   -4.470845262
    2.760793544    2.792526803   40.951609935  -69.396366712   -2.878328075
    2.951193099    2.792526803   27.667174814  -68.236263043   -1.211994058
