#! FIELDS phi psi file.free der_phi der_psi
#! SET min_phi -pi
#! SET max_phi pi
#! SET nbins_phi  33
#! SET periodic_phi true
#! SET min_psi -pi
#! SET max_psi pi
#! SET nbins_psi  18
#! SET periodic_psi true
   -3.141592654   -3.141592654   19.765146898  -53.979791835   11.022177888
   -2.951193099   -3.141592654   10.779978123  -39.299862124   13.527176397
   -2.760793544   -3.141592654    5.132566947  -19.681742550   15.807141660
   -2.570393989   -3.141592654    3.258661441   -0.571171945   17.751662654
   -2.379994435   -3.141592654    4.552928632   12.907011732   19.418108762
   -2.189594880   -3.141592654    7.648297498   18.233714004   21.033186419
   -1.999195325   -3.141592654   11.047345290   16.597848789   22.845480561
   -1.808795770   -3.141592654   13.790011468   12.175621971   24.900124088
   -1.618396215   -3.141592654   15.818883396    9.822528360   26.888716952
   -1.427996661   -3.141592654   17.859011370   12.535966266   28.203359095
   -1.237597106   -3.141592654   20.908537014   20.126256314   28.197598951
   -1.047197551   -3.141592654   25.652691170   29.695757079   26.503532098
   -0.856797996   -3.141592654   32.100138542   37.309281063   23.210290871
   -0.666398442   -3.141592654   39.549559877   39.780986807   18.807909374
   -0.475998887   -3.141592654   46.846346787   35.611672178   13.944040390
   -0.285599332   -3.141592654   52.726228701   25.092243142    9.144735977
   -0.095199777   -3.141592654   56.121035682    9.923998783    4.635281566
    0.095199777   -3.141592654   56.399526852   -7.052952370    0.362762300
    0.285599332   -3.141592654   53.570726425  -21.996682114   -3.819486624
    0.475998887   -3.141592654   48.435726315  -30.614530855   -7.892573372
    0.666398442   -3.141592654   42.550689024  -29.499843193  -11.526994403
    0.856797996   -3.141592654   37.881408850  -18.043004393  -14.147455878
    1.047197551   -3.141592654   36.146589499    0.478055027  -15.210977508
    1.237597106   -3.141592654   38.125336500   19.792929964  -14.515261794
    1.427996661   -3.141592654   43.314819199   33.281471055  -12.329042812
    1.618396215   -3.141592654   50.150444938   36.676919533   -9.277215968
    1.808795770   -3.141592654   56.599401955   29.436955825   -6.032620871
    1.999195325   -3.141592654   60.834663061   13.982730225   -3.063696211
    2.189594880   -3.141592654   61.640562844   -5.929635161   -0.517168862
    2.379994435   -3.141592654   58.532789165  -26.527398930    1.712994546
    2.570393989   -3.141592654   51.710377299  -44.396058574    3.846796152
    2.760793544   -3.141592654   41.996268933  -56.418795607    6.075320267
    2.951193099   -3.141592654   30.763430918  -60.025351088    8.483614057

   -3.141592654   -2.792526803   24.916950323  -48.679394490   16.939518767
   -2.951193099   -2.792526803   16.873153904  -34.812368207   19.844490142
   -2.760793544   -2.792526803   11.970657750  -16.386258354   22.065857363
   -2.570393989   -2.792526803   10.605950495    1.519053087   23.485467173
   -2.379994435   -2.792526803   12.216746569   14.253375525   24.238610257
   -2.189594880   -2.792526803   15.556891918   19.588286732   24.691870398
   -1.999195325   -2.792526803   19.266874171   18.573587160   25.250075149
   -1.808795770   -2.792526803   22.452393427   14.789198695   26.087417573
   -1.618396215   -2.792526803   24.985068982   12.318717219   26.976022405
   -1.427996661   -2.792526803   27.390286989   13.653708366   27.343222654
   -1.237597106   -2.792526803   30.422583489   18.676825375   26.551605790
   -1.047197551   -2.792526803   34.594655105   25.124501824   24.232046701
   -0.856797996   -2.792526803   39.893072634   29.942405060   20.470710101
   -0.666398442   -2.792526803   45.749677973   30.628975852   15.756105405
   -0.475998887   -2.792526803   51.231665653   25.909510653   10.734212180
   -0.285599332   -2.792526803   55.291049841   15.801977606    5.931738048
   -0.095199777   -2.792526803   56.993884546    1.478228158    1.579355350
    0.095199777   -2.792526803   55.745066086  -14.670446078   -2.367247754
    0.285599332   -2.792526803   51.534919833  -28.887241341   -6.047660551
    0.475998887   -2.792526803   45.168321628  -36.587452752   -9.461243292
    0.666398442   -2.792526803   38.278405528  -33.940266494  -12.342033413
    0.856797996   -2.792526803   32.970816739  -20.172633183  -14.228713819
    1.047197551   -2.792526803   31.091445364    1.134573502  -14.704934908
    1.237597106   -2.792526803   33.449874476   23.048811920  -13.650934519
    1.427996661   -2.792526803   39.444356965   38.311531723  -11.332929950
    1.618396215   -2.792526803   47.321023879   42.414697054   -8.283129360
    1.808795770   -2.792526803   54.859523740   35.038408994   -5.031108841
    1.999195325   -2.792526803   60.117142341   19.104537890   -1.904109820
    2.189594880   -2.792526803   61.859913292   -1.165254112    1.046684100
    2.379994435   -2.792526803   59.652734582  -21.771434502    3.955132838
    2.570393989   -2.792526803   53.761113039  -39.343468798    6.995374419
    2.760793544   -2.792526803   45.046199096  -50.993541128   10.246408259
    2.951193099   -2.792526803   34.868387034  -54.438198953   13.635554391

   -3.141592654   -2.443460953   31.203868688  -42.868950032   17.307991855
   -2.951193099   -2.443460953   24.161123579  -30.221300823   19.871401310
   -2.760793544   -2.443460953   19.978624748  -13.462953978   21.615570071
   -2.570393989   -2.443460953   19.004205432    2.731735540   22.438186893
   -2.379994435   -2.443460953   20.716865003   14.228107029   22.478858227
   -2.189594880   -2.443460953   23.996927886   19.122786372   22.088689885
   -1.999195325   -2.443460953   27.634517938   18.357462746   21.649831751
   -1.808795770   -2.443460953   30.818537070   14.949674701   21.342067493
   -1.618396215   -2.443460953   33.375490171   12.263432578   21.009749186
   -1.427996661   -2.443460953   35.668068096   12.348733144   20.229355293
   -1.237597106   -2.443460953   38.256015096   15.212488953   18.552490625
   -1.047197551   -2.443460953   41.533478523   19.222381908   15.766770340
   -0.856797996   -2.443460953   45.511047621   22.124507500   12.019857170
   -0.666398442   -2.443460953   49.777528007   21.951422511    7.752747117
   -0.475998887   -2.443460953   53.614236842   17.482288184    3.488909785
   -0.285599332   -2.443460953   56.152763230    8.340150197   -0.379198162
   -0.095199777   -2.443460953   56.542124600   -4.863806972   -3.715272894
    0.095199777   -2.443460953   54.174137965  -20.136757261   -6.608338111
    0.285599332   -2.443460953   48.983515156  -33.741199497   -9.214046947
    0.475998887   -2.443460953   41.751334848  -40.771922161  -11.566491148
    0.666398442   -2.443460953   34.162165881  -36.986694177  -13.477340288
    0.856797996   -2.443460953   28.433697115  -21.431795558  -14.591825502
    1.047197551   -2.443460953   26.521116010    2.090688304  -14.577028614
    1.237597106   -2.443460953   29.268715530   26.126426036  -13.319521003
    1.427996661   -2.443460953   36.006346470   42.908291765  -11.008893231
    1.618396215   -2.443460953   44.839028091   47.732976331   -8.054144809
    1.808795770   -2.443460953   53.406804613   40.452213321   -4.873466822
    1.999195325   -2.443460953   59.683506585   24.388429290   -1.734105240
    2.189594880   -2.443460953   62.429037695    4.121583282    1.314876164
    2.379994435   -2.443460953   61.251013136  -16.204749719    4.369012537
    2.570393989   -2.443460953   56.461884030  -33.324344754    7.544243156
    2.760793544   -2.443460953   48.932836934  -44.601860865   10.860572832
    2.951193099   -2.443460953   39.981276527  -48.043448554   14.198664911

   -3.141592654   -2.094395102   36.771733261  -37.897957213   12.552235160
   -2.951193099   -2.094395102   30.572919454  -26.434969111   14.135966899
   -2.760793544   -2.094395102   26.960135399  -11.322918338   15.046424664
   -2.570393989   -2.094395102   26.221938712    3.087171215   15.192460523
   -2.379994435   -2.094395102   27.853747106   13.110541472   14.635420010
   -2.189594880   -2.094395102   30.829214945   17.154702001   13.584655803
   -1.999195325   -2.094395102   34.059688968   16.121899670   12.290135000
   -1.808795770   -2.094395102   36.811808938   12.638293656   10.899083701
   -1.618396215   -2.094395102   38.901040800    9.580844368    9.380828129
   -1.427996661   -2.094395102   40.603728104    8.748719781    7.575420486
   -1.237597106   -2.094395102   42.384335935   10.308266296    5.339099684
   -1.047197551   -2.094395102   44.604847518   13.088989133    2.676282817
   -0.856797996   -2.094395102   47.339366354   15.336775151   -0.225018233
   -0.666398442   -2.094395102   50.314683892   15.321989374   -3.063121459
   -0.475998887   -2.094395102   52.961286716   11.714397414   -5.564057376
   -0.285599332   -2.094395102   54.510368542    3.741721603   -7.594220498
   -0.095199777   -2.094395102   54.126844804   -8.431289440   -9.204206745
    0.095199777   -2.094395102   51.146985888  -23.065882640  -10.577370509
    0.285599332   -2.094395102   45.430436424  -36.368974134  -11.891104544
    0.475998887   -2.094395102   37.721531914  -43.113036579  -13.184897122
    0.666398442   -2.094395102   29.739899007  -38.672500316  -14.290854581
    0.856797996   -2.094395102   23.797073686  -21.896688842  -14.888117598
    1.047197551   -2.094395102   21.949767076    3.294019988  -14.649146307
    1.237597106   -2.094395102   25.093008527   29.053715120  -13.406558631
    1.427996661   -2.094395102   32.525857190   47.186179897  -11.247476063
    1.618396215   -2.094395102   42.254911959   52.765503899   -8.473655338
    1.808795770   -2.094395102   51.808803646   45.699596082   -5.449015855
    1.999195325   -2.094395102   59.081995012   29.583729654   -2.459793402
    2.189594880   -2.094395102   62.811843655    9.280876836    0.369980374
    2.379994435   -2.094395102   62.625349809  -10.922752151    3.047528283
    2.570393989   -2.094395102   58.864306385  -27.806161225    5.628069810
    2.760793544   -2.094395102   52.405909397  -38.908860686    8.127156395
    2.951193099   -2.094395102   44.534657171  -42.466401957   10.483665227

   -3.141592654   -1.745329252   39.482471300  -36.073106471    7.087181231
   -2.951193099   -1.745329252   33.566073040  -25.338285557    7.528726699
   -2.760793544   -1.745329252   30.078526709  -11.133933942    7.488681067
   -2.570393989   -1.745329252   29.280068420    2.258170512    6.944827000
   -2.379994435   -1.745329252   30.658952536   11.302369985    5.933491080
   -2.189594880   -1.745329252   33.208494336   14.518426280    4.544932860
   -1.999195325   -1.745329252   35.870097448   12.799394267    2.874355286
   -1.808795770   -1.745329252   37.928278787    8.671406096    0.975094122
   -1.618396215   -1.745329252   39.199673599    4.959981436   -1.134944603
   -1.427996661   -1.745329252   39.966360199    3.577369235   -3.416107819
   -1.237597106   -1.745329252   40.735717685    4.945565357   -5.746066330
   -1.047197551   -1.745329252   41.961905296    8.120511432   -7.922131334
   -0.856797996   -1.745329252   43.838168418   11.388188125   -9.730819513
   -0.666398442   -1.745329252   46.192654943   12.788409854  -11.030234906
   -0.475998887   -1.745329252   48.494581346   10.598889114  -11.815682351
   -0.285599332   -1.745329252   49.936331843    3.646686853  -12.217243090
   -0.095199777   -1.745329252   49.582318265   -8.139122559  -12.451757752
    0.095199777   -1.745329252   46.646095862  -22.984491371  -12.751588443
    0.285599332   -1.745329252   40.895798324  -36.825738622  -13.258206148
    0.475998887   -1.745329252   33.052054225  -44.015654520  -13.954243127
    0.666398442   -1.745329252   24.892430943  -39.531512458  -14.635444457
    0.856797996   -1.745329252   18.845323347  -22.016848242  -14.972386755
    1.047197551   -1.745329252   17.095885919    4.515753662  -14.631936551
    1.237597106   -1.745329252   20.622142062   31.846649206  -13.417368330
    1.427996661   -1.745329252   28.722503458   51.319554216  -11.366611216
    1.618396215   -1.745329252   39.323543485   57.676978791   -8.732523791
    1.808795770   -1.745329252   49.835987043   50.752840449   -5.864406157
    1.999195325   -1.745329252   58.046936349   34.320023409   -3.079474394
    2.189594880   -1.745329252   62.631178822   13.500998563   -0.565864019
    2.379994435   -1.745329252   63.198045452   -7.223262926    1.613510742
    2.570393989   -1.745329252   60.097278021  -24.565043196    3.466054182
    2.760793544   -1.745329252   54.216465829  -36.085619673    5.005805945
    2.951193099   -1.745329252   46.842105887  -40.088948168    6.226195143

   -3.141592654   -1.396263402   39.581034138  -37.391470151    4.790892387
   -2.951193099   -1.396263402   33.367609724  -27.118183727    4.515967127
   -2.760793544   -1.396263402   29.513771790  -13.175063056    3.744477696
   -2.570393989   -1.396263402   28.314675100    0.110453578    2.511821963
   -2.379994435   -1.396263402   29.280123962    9.104511287    0.865132299
   -2.189594880   -1.396263402   31.399518727   12.166860776   -1.156388114
   -1.999195325   -1.396263402   33.579635522   10.047381429   -3.534828581
   -1.808795770   -1.396263402   35.056216044    5.291648280   -6.246452327
   -1.618396215   -1.396263402   35.623791131    0.985290234   -9.192698119
   -1.427996661   -1.396263402   35.608099642   -0.557322013  -12.137194062
   -1.237597106   -1.396263402   35.632436695    1.392322225  -14.710638027
   -1.047197551   -1.396263402   36.296882149    5.876085547  -16.519489563
   -0.856797996   -1.396263402   37.904898679   10.842804449  -17.307230007
   -0.666398442   -1.396263402   40.311559150   13.819942587  -17.067878409
   -0.475998887   -1.396263402   42.918814444   12.658719177  -16.062575560
   -0.285599332   -1.396263402   44.790625761    5.977492763  -14.716086305
   -0.095199777   -1.396263402   44.848607106   -6.255607784  -13.461188142
    0.095199777   -1.396263402   42.189368493  -22.013434095  -12.608992941
    0.285599332   -1.396263402   36.525136022  -36.879935390  -12.250694121
    0.475998887   -1.396263402   28.592465328  -44.813416024  -12.262962328
    0.666398442   -1.396263402   20.256156631  -40.471503252  -12.363232653
    0.856797996   -1.396263402   14.076636454  -22.351694669  -12.224482208
    1.047197551   -1.396263402   12.374775402    5.423624124  -11.585447837
    1.237597106   -1.396263402   16.218698328   34.269808438  -10.334806852
    1.427996661   -1.396263402   24.914365187   55.070191300   -8.546183177
    1.618396215   -1.396263402   36.314049059   62.199462626   -6.422268046
    1.808795770   -1.396263402   47.705660608   55.346891614   -4.205564212
    1.999195325   -1.396263402   56.750061256   38.395589002   -2.093580030
    2.189594880   -1.396263402   62.030314898   16.691732621   -0.192424826
    2.379994435   -1.396263402   63.107499057   -5.066616404    1.459144936
    2.570393989   -1.396263402   60.317985450  -23.448589284    2.838240265
    2.760793544   -1.396263402   54.556931222  -35.927563256    3.898235630
    2.951193099   -1.396263402   47.132176278  -40.756462398    4.572430991

   -3.141592654   -1.047197551   38.859387352  -39.931696829    3.247099969
   -2.951193099   -1.047197551   32.108164179  -30.177351692    2.233852701
   -2.760793544   -1.047197551   27.651709811  -16.393134882    0.639922387
   -2.570393989   -1.047197551   25.846637393   -3.010973272   -1.421105896
   -2.379994435   -1.047197551   26.230957367    6.102965018   -3.834551161
   -2.189594880   -1.047197551   27.773679031    9.058134937   -6.534414824
   -1.999195325   -1.047197551   29.325495628    6.508873085   -9.501670996
   -1.808795770   -1.047197551   30.073734686    1.189079593  -12.682518497
   -1.618396215   -1.047197551   29.826531219   -3.376543999  -15.873959884
   -1.427996661   -1.047197551   29.013726820   -4.408622998  -18.675018188
   -1.237597106   -1.047197551   28.431050805   -0.972372587  -20.571376965
   -1.047197551   -1.047197551   28.849010494    5.732627429  -21.142046397
   -0.856797996   -1.047197551   30.658041976   13.063104001  -20.264672752
   -0.666398442   -1.047197551   33.673150892   17.845804088  -18.198295509
   -0.475998887   -1.047197551   37.138767622   17.449638996  -15.497081352
   -0.285599332   -1.047197551   39.904184134   10.395159408  -12.797850673
   -0.095199777   -1.047197551   40.696176362   -3.080966487  -10.589604739
    0.095199777   -1.047197551   38.491031782  -20.434793484   -9.077128250
    0.285599332   -1.047197551   32.986020073  -36.718154052   -8.144895251
    0.475998887   -1.047197551   24.993939504  -45.475125886   -7.482398491
    0.666398442   -1.047197551   16.515072612  -41.182148557   -6.754519006
    0.856797996   -1.047197551   10.255158182  -22.395495325   -5.770672657
    1.047197551   -1.047197551    8.648357087    6.499943385   -4.542810692
    1.237597106   -1.047197551   12.813939358   36.532766553   -3.226987112
    1.427996661   -1.047197551   22.034132763   58.234808316   -2.012789269
    1.618396215   -1.047197551   34.083204605   65.759352379   -1.000129849
    1.808795770   -1.047197551   46.147025580   58.763293791   -0.171031685
    1.999195325   -1.047197551   55.794902684   41.264222660    0.573096635
    2.189594880   -1.047197551   61.549787125   18.781513576    1.332675065
    2.379994435   -1.047197551   62.941620355   -3.864856577    2.135948240
    2.570393989   -1.047197551   60.291067181  -23.202961342    2.904688713
    2.760793544   -1.047197551   54.482046525  -36.680241719    3.470980030
    2.951193099   -1.047197551   46.820482429  -42.483563640    3.638969738

   -3.141592654   -0.698131701   38.665016837  -42.550200372    1.668965756
   -2.951193099   -0.698131701   31.332589787  -33.616341471   -0.025115198
   -2.760793544   -0.698131701   26.166332524  -20.350701183   -2.390453001
   -2.570393989   -0.698131701   23.581119414   -7.213114877   -5.204428147
   -2.379994435   -0.698131701   23.152366934    1.764195156   -8.244740780
   -2.189594880   -0.698131701   23.850854653    4.507416581  -11.388149191
   -1.999195325   -0.698131701   24.507809462    1.659685571  -14.598215838
   -1.808795770   -0.698131701   24.315331962   -3.777093757  -17.790454259
   -1.618396215   -0.698131701   23.157782393   -7.829926135  -20.681997674
   -1.427996661   -0.698131701   21.621606918   -7.376967462  -22.769054466
   -1.237597106   -0.698131701   20.690984545   -1.533819465  -23.493074294
   -1.047197551   -0.698131701   21.268476033    7.974221147  -22.519881905
   -0.856797996   -0.698131701   23.746359798   17.713742752  -19.948217656
   -0.666398442   -0.698131701   27.794629830   23.826734177  -16.318050568
   -0.475998887   -0.698131701   32.418373689   23.409943173  -12.408108433
   -0.285599332   -0.698131701   36.223669868   15.213915715   -8.932534583
   -0.095199777   -0.698131701   37.778169822    0.070630058   -6.278071029
    0.095199777   -0.698131701   36.025379888  -18.753741928   -4.417920890
    0.285599332   -0.698131701   30.754514820  -35.799220646   -2.987720181
    0.475998887   -0.698131701   22.933073968  -44.472392333   -1.542721378
    0.666398442   -0.698131701   14.702407130  -39.530396124    0.182936370
    0.856797996   -0.698131701    8.829008177  -20.041711679    2.114296107
    1.047197551   -0.698131701    7.709304748    9.156537240    3.886199112
    1.237597106   -0.698131701   12.364725136   38.913547835    5.073036614
    1.427996661   -0.698131701   21.977972455   59.934919051    5.426625114
    1.618396215   -0.698131701   34.278734540   66.718252499    5.022356337
    1.808795770   -0.698131701   46.471280364   59.210422867    4.190117364
    1.999195325   -0.698131701   56.181499455   41.521204455    3.346016753
    2.189594880   -0.698131701   61.984318616   19.043008620    2.801616559
    2.379994435   -0.698131701   63.424993907   -3.642139180    2.656009526
    2.570393989   -0.698131701   60.793921970  -23.277656143    2.779307845
    2.760793544   -0.698131701   54.914489446  -37.399080569    2.877091130
    2.951193099   -0.698131701   47.032167024  -44.120461699    2.601749359

   -3.141592654   -0.349065850   38.719333953  -45.362882209    0.197217576
   -2.951193099   -0.349065850   30.728524566  -37.673390052   -1.740615986
   -2.760793544   -0.349065850   24.695349331  -25.317634521   -4.310546220
   -2.570393989   -0.349065850   21.113029383  -12.649939796   -7.272393090
   -2.379994435   -0.349065850   19.630874839   -3.830658382  -10.380509926
   -2.189594880   -0.349065850   19.259836747   -1.120542971  -13.486212411
   -1.999195325   -0.349065850   18.850811300   -3.869408999  -16.506596288
   -1.808795770   -0.349065850   17.646371790   -8.767289549  -19.274333023
   -1.618396215   -0.349065850   15.655761879  -11.417448185  -21.412880908
   -1.427996661   -0.349065850   13.653285872   -8.522596817  -22.380761217
   -1.237597106   -0.349065850   12.798300197    0.467017328  -21.707674846
   -1.047197551   -0.349065850   14.056827920   13.035871031  -19.282430944
   -0.856797996   -0.349065850   17.718571618   24.863959069  -15.487695706
   -0.666398442   -0.349065850   23.208223119   31.547112800  -11.085979991
   -0.475998887   -0.349065850   29.235894382   30.219147712   -6.908910210
   -0.285599332   -0.349065850   34.173309797   20.212023395   -3.526087356
   -0.095199777   -0.349065850   36.496703431    3.199269408   -1.032834900
    0.095199777   -0.349065850   35.213956578  -16.784876513    0.923315989
    0.285599332   -0.349065850   30.290729732  -33.945348080    2.926452775
    0.475998887   -0.349065850   22.882173787  -41.897241140    5.428304619
    0.666398442   -0.349065850   15.231643269  -36.060288923    8.452497608
    0.856797996   -0.349065850   10.065196624  -16.255944820   11.505496833
    1.047197551   -0.349065850    9.618766179   12.252866470   13.789487094
    1.237597106   -0.349065850   14.725551662   40.435559559   14.620468716
    1.427996661   -0.349065850   24.450457173   59.598061970   13.774103012
    1.618396215   -0.349065850   36.538086635   64.930667995   11.602162430
    1.808795770   -0.349065850   48.317079989   56.810945653    8.821978988
    1.999195325   -0.349065850   57.580593742   39.350448099    6.189957551
    2.189594880   -0.349065850   63.034644558   17.596956403    4.209241826
    2.379994435   -0.349065850   64.274064699   -4.347201323    3.018097915
    2.570393989   -0.349065850   61.549998084  -23.640985548    2.424424565
    2.760793544   -0.349065850   55.584136649  -38.051076560    2.036152383
    2.951193099   -0.349065850   47.500357310  -45.675616857    1.410833882

   -3.141592654    0.000000000   38.808669755  -47.839587192   -0.585711872
   -2.951193099    0.000000000   30.230893062  -41.318722631   -2.110332303
   -2.760793544    0.000000000   23.411177933  -29.854920723   -4.128746221
   -2.570393989    0.000000000   18.914948761  -17.637420323   -6.484799946
   -2.379994435    0.000000000   16.470710845   -8.901599209   -9.002032062
   -2.189594880    0.000000000   15.145575026   -6.036476192  -11.551205860
   -1.999195325    0.000000000   13.836461372   -8.339719165  -13.998504612
   -1.808795770    0.000000000   11.866625613  -12.209669667  -16.079981808
   -1.618396215    0.000000000    9.386881451  -12.954686730  -17.350892257
   -1.427996661    0.000000000    7.341539950   -7.329224585  -17.309389427
   -1.237597106    0.000000000    7.001412329    4.653514909  -15.660664856
   -1.047197551    0.000000000    9.300928384   19.606712879  -12.543933337
   -0.856797996    0.000000000   14.337076039   32.466655091   -8.546343845
   -0.666398442    0.000000000   21.247762548   38.630723583   -4.477422696
   -0.475998887    0.000000000   28.480557883   35.666810158   -1.016343691
   -0.285599332    0.000000000   34.272628643   23.777237992    1.563348703
   -0.095199777    0.000000000   37.142477022    5.538035426    3.493000286
    0.095199777    0.000000000   36.283320264  -14.458314388    5.358035964
    0.285599332    0.000000000   31.896429135  -30.493266614    7.783962917
    0.475998887    0.000000000   25.294470453  -36.892815126   11.057867153
    0.666398442    0.000000000   18.703266329  -30.141373101   14.888689530
    0.856797996    0.000000000   14.637426922  -10.926429312   18.440779495
    1.047197551    0.000000000   15.015100912   15.322094004   20.678084176
    1.237597106    0.000000000   20.402573828   40.226884598   20.865781135
    1.427996661    0.000000000   29.776430783   56.243391813   18.915685616
    1.618396215    0.000000000   41.010948697   59.573237600   15.417349661
    1.808795770    0.000000000   51.703243537   51.016387485   11.322065989
    1.999195325    0.000000000   59.930163876   34.431354112    7.541408011
    2.189594880    0.000000000   64.588897396   14.214957095    4.640080441
    2.379994435    0.000000000   65.332512515   -6.231487937    2.759554582
    2.570393989    0.000000000   62.351211059  -24.576189806    1.696023573
    2.760793544    0.000000000   56.234633532  -38.833005105    1.059370632
    2.951193099    0.000000000   47.954626524  -47.064842541    0.415648460

   -3.141592654    0.349065850   39.425457682  -48.780845887   -0.599337358
   -2.951193099    0.349065850   30.577653070  -43.204765408   -1.236598578
   -2.760793544    0.349065850   23.308412731  -32.653610460   -2.162525227
   -2.570393989    0.349065850   18.208560991  -21.136122145   -3.384365691
   -2.379994435    0.349065850   15.051064110  -12.852988521   -4.872742781
   -2.189594880    0.349065850   12.952667026  -10.149411750   -6.566856102
   -1.999195325    0.349065850   10.880435470  -12.139086735   -8.309699944
   -1.808795770    0.349065850    8.274705038  -14.946139582   -9.777744619
   -1.618396215    0.349065850    5.444294995  -13.767353493  -10.519763807
   -1.427996661    0.349065850    3.477725379   -5.642089027  -10.130381997
   -1.237597106    0.349065850    3.696163796    8.746524376   -8.480105993
   -1.047197551    0.349065850    6.942418215   25.264120193   -5.834983540
   -0.856797996    0.349065850   13.103970340   38.407667280   -2.768675665
   -0.666398442    0.349065850   21.077666576   43.705176458    0.094725091
   -0.475998887    0.349065850   29.145637567   39.339815578    2.375402484
   -0.285599332    0.349065850   35.521721156   26.352723792    4.099285352
   -0.095199777    0.349065850   38.851671184    7.992246253    5.687285559
    0.095199777    0.349065850   38.543009353  -10.948886734    7.747385729
    0.285599332    0.349065850   34.990333185  -25.185264102   10.751401227
    0.475998887    0.349065850   29.562671531  -30.000952242   14.719591907
    0.666398442    0.349065850   24.339255011  -22.968292292   19.070479300
    0.856797996    0.349065850   21.513626754   -5.425534770   22.756921432
    1.047197551    0.349065850   22.634834432   17.398100337   24.679461889
    1.237597106    0.349065850   28.022586469   38.141149439   24.187582105
    1.427996661    0.349065850   36.640760181   50.602017552   21.373497209
    1.618396215    0.349065850   46.585323534   51.979667468   17.009117899
    1.808795770    0.349065850   55.796113074   43.345233457   12.164335008
    1.999195325    0.349065850   62.674915403   28.124281645    7.785485781
    2.189594880    0.349065850   66.322558268    9.952545233    4.417925125
    2.379994435    0.349065850   66.450035253   -8.500522602    2.182658735
    2.570393989    0.349065850   63.185641241  -25.394766508    0.893411883
    2.760793544    0.349065850   56.989392429  -38.983801369    0.225130185
    2.951193099    0.349065850   48.681008645  -47.324258317   -0.174394919

   -3.141592654    0.698131701   39.926655558  -48.501695300   -1.109567398
   -2.951193099    0.698131701   31.095845512  -43.328030976   -0.950131018
   -2.760793544    0.698131701   23.742585233  -33.431702937   -0.826251968
   -2.570393989    0.698131701   18.421798730  -22.685518378   -0.884140530
   -2.379994435    0.698131701   14.896402403  -15.147962753   -1.240335447
   -2.189594880    0.698131701   12.307544834  -12.941966210   -1.935922309
   -1.999195325    0.698131701    9.696805889  -14.886817940   -2.865785692
   -1.808795770    0.698131701    6.633037947  -16.872945467   -3.748181723
   -1.618396215    0.698131701    3.574647516  -14.134969055   -4.206961763
   -1.427996661    0.698131701    1.718299757   -4.113152940   -3.942332771
   -1.237597106    0.698131701    2.390750789   11.879250352   -2.898406012
   -1.047197551    0.698131701    6.324386696   29.183699145   -1.301185831
   -0.856797996    0.698131701   13.229060519   42.143825169    0.466726824
   -0.666398442    0.698131701   21.841849017   46.624610124    2.076236609
   -0.475998887    0.698131701   30.382031599   41.435872974    3.440776790
   -0.285599332    0.698131701   37.125689589   28.266480310    4.767804488
   -0.095199777    0.698131701   40.881739361   10.735068779    6.476494791
    0.095199777    0.698131701   41.249435324   -6.470350816    8.997599097
    0.285599332    0.698131701   38.744793443  -18.682656525   12.509541749
    0.475998887    0.698131701   34.701656770  -22.167280460   16.738068447
    0.666398442    0.698131701   30.972609165  -15.443880511   20.920370633
    0.856797996    0.698131701   29.387300754   -0.263361413   24.016675154
    1.047197551    0.698131701   31.130322387   18.575255953   25.113119743
    1.237597106    0.698131701   36.315047993   34.875876647   23.819131925
    1.427996661    0.698131701   43.949552517   43.787432501   20.441631628
    1.618396215    0.698131701   52.397564471   43.407049184   15.826524461
    1.808795770    0.698131701   59.963739056   34.933904562   10.977113998
    1.999195325    0.698131701   65.371500129   21.247844180    6.696413987
    2.189594880    0.698131701   67.908208230    5.196979442    3.396000308
    2.379994435    0.698131701   67.329683578  -11.215733214    1.136969541
    2.570393989    0.698131701   63.707962550  -26.519966704   -0.231681437
    2.760793544    0.698131701   57.402250367  -39.104406085   -0.924258275
    2.951193099    0.698131701   49.120263355  -47.004924472   -1.155254294

   -3.141592654    1.047197551   38.977158123  -48.316221955   -4.302054316
   -2.951193099    1.047197551   30.217837859  -42.779211312   -3.906280944
   -2.760793544    1.047197551   22.983263900  -32.773041450   -3.207946918
   -2.570393989    1.047197551   17.777471419  -22.177899636   -2.403945493
   -2.379994435    1.047197551   14.315609546  -15.015738357   -1.696867850
   -2.189594880    1.047197551   11.708860016  -13.254860043   -1.236232767
   -1.999195325    1.047197551    9.008180669  -15.466436239   -1.054104389
   -1.808795770    1.047197551    5.839458034  -17.319599601   -1.045266640
   -1.618396215    1.047197551    2.743986201  -14.017708603   -1.023633801
   -1.427996661    1.047197551    0.984067042   -3.214146997   -0.821782654
   -1.237597106    1.047197551    1.895467740   13.433571270   -0.374539306
   -1.047197551    1.047197551    6.159343304   31.022016668    0.279136730
   -0.856797996    1.047197551   13.410650711   43.898953231    1.067623130
   -0.666398442    1.047197551   22.340482358   48.220513126    1.974580158
   -0.475998887    1.047197551   31.191942153   43.193588302    3.093752420
   -0.285599332    1.047197551   38.335434461   30.824760096    4.614177644
   -0.095199777    1.047197551   42.709671012   14.772106967    6.745161938
    0.095199777    1.047197551   44.016492194   -0.634886898    9.603549544
    0.285599332    1.047197551   42.771376295  -11.417893931   13.064434374
    0.475998887    1.047197551   40.160242939  -14.649928476   16.686548100
    0.666398442    1.047197551   37.752266358   -9.393549118   19.757497033
    0.856797996    1.047197551   37.044388171    2.672248152   21.508496167
    1.047197551    1.047197551   38.969981884   17.498966090   21.417565560
    1.237597106    1.047197551   43.579010220   30.047310412   19.430716734
    1.427996661    1.047197551   50.030602465   36.461156873   15.996561736
    1.618396215    1.047197551   56.978214243   35.246463257   11.855974336
    1.808795770    1.047197551   63.029073974   27.369708323    7.735691475
    1.999195325    1.047197551   67.122618231   15.082316648    4.127024587
    2.189594880    1.047197551   68.637333160    0.620706162    1.218412508
    2.379994435    1.047197551   67.326086644  -14.380663674   -1.005841914
    2.570393989    1.047197551   63.213974509  -28.544695516   -2.629911170
    2.760793544    1.047197551   56.612104865  -40.220991656   -3.707210194
    2.951193099    1.047197551   48.188688406  -47.385990357   -4.258704067

   -3.141592654    1.396263402   35.773877441  -48.906951110   -9.024908892
   -2.951193099    1.396263402   27.033927421  -41.987322937   -8.957728194
   -2.760793544    1.396263402   20.065297738  -30.836104113   -8.194234352
   -2.570393989    1.396263402   15.300718757  -19.574000318   -6.868412789
   -2.379994435    1.396263402   12.351635894  -12.327738853   -5.180807787
   -2.189594880    1.396263402   10.224280473  -10.972217794   -3.361240761
   -1.999195325    1.396263402    7.897272547  -13.843633736   -1.619531900
   -1.808795770    1.396263402    4.973489895  -16.351988396   -0.113341976
   -1.618396215    1.396263402    2.012921910  -13.534024762    1.063270884
   -1.427996661    1.396263402    0.316857918   -2.997934867    1.882883491
   -1.237597106    1.396263402    1.260455463   13.578590318    2.387989250
   -1.047197551    1.396263402    5.561900254   31.300183742    2.700055701
   -0.856797996    1.396263402   12.899015080   44.566216970    3.011721533
   -0.666398442    1.396263402   22.019057025   49.604804164    3.547780457
   -0.475998887    1.396263402   31.229652326   45.629635496    4.515582228
   -0.285599332    1.396263402   38.957359681   34.541220732    6.061075778
   -0.095199777    1.396263402   44.162501472   19.758472665    8.229065912
    0.095199777    1.396263402   46.510974268    5.219946408   10.934240159
    0.285599332    1.396263402   46.400502830   -5.525573706   13.894929172
    0.475998887    1.396263402   44.825333249   -9.867521183   16.631723628
    0.666398442    1.396263402   43.130876842   -6.848342319   18.544818697
    0.856797996    1.396263402   42.635595898    2.313224500   19.108207544
    1.047197551    1.396263402   44.216603902   14.321070778   18.085278999
    1.237597106    1.396263402   48.013420414   24.878664080   15.631805830
    1.427996661    1.396263402   53.384259302   30.476713406   12.246291824
    1.618396215    1.396263402   59.198688624   29.457446717    8.543418556
    1.808795770    1.396263402   64.211751330   22.296783123    5.012176824
    1.999195325    1.396263402   67.410708908   10.725298817    1.890914760
    2.189594880    1.396263402   68.143167376   -3.287730978   -0.815606536
    2.379994435    1.396263402   66.111072030  -18.062139488   -3.198966180
    2.570393989    1.396263402   61.319211463  -31.967439562   -5.308122650
    2.760793544    1.396263402   54.111837381  -43.089173275   -7.080229948
    2.951193099    1.396263402   45.226977189  -49.279401538   -8.371408315

   -3.141592654    1.745329252   30.976398676  -50.712846610  -13.565946243
   -2.951193099    1.745329252   22.073245302  -41.858531926  -13.979442644
   -2.760793544    1.745329252   15.315740819  -28.783566927  -13.320523937
   -2.570393989    1.745329252   11.098364672  -15.967613034  -11.630686437
   -2.379994435    1.745329252    8.934271236   -7.810973634   -9.087174672
   -2.189594880    1.745329252    7.693624355   -6.301945627   -5.974709440
   -1.999195325    1.745329252    6.213436136   -9.725298292   -2.638712949
   -1.808795770    1.745329252    3.978273130  -13.302230360    0.556860467
   -1.618396215    1.745329252    1.476387453  -11.776477114    3.280222092
   -1.427996661    1.745329252    0.000000000   -2.401569951    5.293517922
   -1.237597106    1.745329252    0.982660450   13.487125066    6.512660960
   -1.047197551    1.745329252    5.256556554   31.219139968    7.042664128
   -0.856797996    1.745329252   12.636334945   45.191666637    7.152596009
   -0.666398442    1.745329252   21.983219982   51.405785781    7.187995714
   -0.475998887    1.745329252   31.660527753   48.712628076    7.458391669
   -0.285599332    1.745329252   40.081245913   38.663278121    8.146988638
   -0.095199777    1.745329252   46.132371143   24.426229571    9.250099291
    0.095199777    1.745329252   49.368809359    9.757421524   10.580763293
    0.285599332    1.745329252   50.049559317   -1.881659364   11.784668486
    0.475998887    1.745329252   49.024652491   -7.843613521   12.443049489
    0.666398442    1.745329252   47.520784300   -6.914841566   12.211234659
    0.856797996    1.745329252   46.807770826    0.145661563   10.974969936
    1.047197551    1.745329252   47.811339219   10.540417023    8.915839992
    1.237597106    1.745329252   50.799189141   20.308170755    6.429241162
    1.427996661    1.745329252   55.289235038   25.906100983    3.958758566
    1.618396215    1.745329252   60.272420595   25.330623174    1.792290964
    1.808795770    1.745329252   64.544658411   18.608567967   -0.037810029
    1.999195325    1.745329252   67.057707821    7.141827790   -1.709972313
    2.189594880    1.745329252   67.085933178   -7.152804964   -3.481239552
    2.379994435    1.745329252   64.274502132  -22.380304531   -5.525779478
    2.570393989    1.745329252   58.628902349  -36.551061472   -7.827640456
    2.760793544    1.745329252   50.562759727  -47.414434571  -10.168985614
    2.951193099    1.745329252   40.932170038  -52.656546751  -12.204433847

   -3.141592654    2.094395102   25.462015196  -53.324018263  -14.626088733
   -2.951193099    2.094395102   16.248273846  -42.448463282  -15.178758183
   -2.760793544    2.094395102    9.591128672  -27.141575253  -14.441498168
   -2.570393989    2.094395102    5.891754319  -12.217797009  -12.392689939
   -2.379994435    2.094395102    4.610890864   -2.376197838   -9.203395589
   -2.189594880    2.094395102    4.515647013    0.172327182   -5.201265086
   -1.999195325    2.094395102    4.305669405   -2.995238285   -0.814643101
   -1.808795770    2.094395102    3.311888326   -7.121911514    3.475957603
   -1.618396215    2.094395102    1.879630292   -6.813346088    7.198557213
   -1.427996661    2.094395102    1.201075588    0.984094881    9.972261561
   -1.237597106    2.094395102    2.679313545   15.344690071   11.599534009
   -1.047197551    2.094395102    7.193771694   31.977557728   12.130294133
   -0.856797996    2.094395102   14.663061900   45.474555290   11.843068259
   -0.666398442    2.094395102   24.066495971   51.786836418   11.137704160
   -0.475998887    2.094395102   33.854102098   49.508916962   10.385732435
   -0.285599332    2.094395102   42.466638605   39.833817043    9.801941761
   -0.095199777    2.094395102   48.749312405   25.601722063    9.374192395
    0.095199777    2.094395102   52.163481514   10.339996686    8.894945252
    0.285599332    2.094395102   52.849865759   -2.492458315    8.044522290
    0.475998887    2.094395102   51.565097249   -9.988824781    6.564891763
    0.666398442    2.094395102   49.513466474  -10.451389247    4.416311434
    0.856797996    2.094395102   48.041154590   -4.140257636    1.862153332
    1.047197551    2.094395102   48.228071766    6.404180749   -0.613979876
    1.237597106    2.094395102   50.507195711   17.103517264   -2.528962812
    1.427996661    2.094395102   54.504273585   23.938463133   -3.621700093
    1.618396215    2.094395102   59.212165045   24.318502859   -3.980796654
    1.808795770    2.094395102   63.328844130   17.856441770   -3.987148445
    1.999195325    2.094395102   65.658858440    5.852683316   -4.134761975
    2.189594880    2.094395102   65.341971433   -9.550286982   -4.832494880
    2.379994435    2.094395102   61.953276541  -26.024310744   -6.266996418
    2.570393989    2.094395102   55.518125098  -41.104493880   -8.350136494
    2.760793544    2.094395102   46.552506219  -52.167824965  -10.757207137
    2.951193099    2.094395102   36.066114347  -56.737274778  -13.016873085

   -3.141592654    2.443460953   20.420959585  -56.098454781   -9.528712700
   -2.951193099    2.443460953   10.867097776  -43.155567974   -9.377600776
   -2.760793544    2.443460953    4.312321795  -25.327126719   -8.170168406
   -2.570393989    2.443460953    1.205885246   -7.833958192   -5.921729083
   -2.379994435    2.443460953    0.978245888    4.209154199   -2.782796726
   -2.189594880    2.443460953    2.291651571    8.239409354    1.015777130
   -1.999195325    2.443460953    3.683873746    5.592582452    5.191958054
   -1.808795770    2.443460953    4.290984457    0.931681721    9.395911466
   -1.618396215    2.443460953    4.263880655   -0.247187115   13.197707363
   -1.427996661    2.443460953    4.640097731    5.424091643   16.132812050
   -1.237597106    2.443460953    6.744069112   17.490300300   17.821857530
   -1.047197551    2.443460953   11.470831953   32.147344164   18.113642446
   -0.856797996    2.443460953   18.834772915   44.312039611   17.153533333
   -0.666398442    2.443460953   27.947054833   49.987633536   15.325435853
   -0.475998887    2.443460953   37.372729480   47.549761323   13.087454886
   -0.285599332    2.443460953   45.609108845   37.812679702   10.780471507
   -0.095199777    2.443460953   51.481658686   23.243724664    8.496056049
    0.095199777    2.443460953   54.375611279    7.146813325    6.086444173
    0.285599332    2.443460953   54.340704717   -6.914517045    3.295765504
    0.475998887    2.443460953   52.096169163  -15.591012421   -0.000599395
    0.666398442    2.443460953   48.914174599  -16.550791475   -3.610788332
    0.856797996    2.443460953   46.322203193   -9.576005976   -6.997688143
    1.047197551    2.443460953   45.631836681    2.798088617   -9.482656948
    1.237597106    2.443460953   47.453871669   15.952408514  -10.572630210
    1.427996661    2.443460953   51.453253648   25.010142850  -10.204343320
    1.618396215    2.443460953   56.502888003   26.638374541   -8.789035183
    1.808795770    2.443460953   61.077912704   20.143870997   -7.013062542
    1.999195325    2.443460953   63.748778763    7.000042861   -5.560483214
    2.189594880    2.443460953   63.487712781  -10.166449518   -4.886192140
    2.379994435    2.443460953   59.804956216  -28.457663105   -5.127789407
    2.570393989    2.443460953   52.764619996  -44.921470241   -6.122825747
    2.760793544    2.443460953   43.000509202  -56.587925483   -7.500726195
    2.951193099    2.443460953   31.689926400  -60.806084278   -8.789698080

   -3.141592654    2.792526803   18.381702287  -56.315140316   -0.396420949
   -2.951193099    2.792526803    8.908471808  -42.065194445    0.849893520
   -2.760793544    2.792526803    2.700533367  -22.778855133    2.647937946
   -2.570393989    2.792526803    0.214049678   -3.898255481    4.935187581
   -2.379994435    2.792526803    0.851968889    9.321832695    7.630195006
   -2.189594880    2.792526803    3.227942737   14.231502994   10.682324877
   -1.999195325    2.792526803    5.814331021   12.064076044   14.035396524
   -1.808795770    2.792526803    7.655837471    7.315757636   17.516081608
   -1.618396215    2.792526803    8.778426733    5.312150285   20.744213596
   -1.427996661    2.792526803   10.072254338    9.382793769   23.166771844
   -1.237597106    2.792526803   12.729117095   19.277485727   24.240301370
   -1.047197551    2.792526803   17.573950922   31.619429592   23.668837520
   -0.856797996    2.792526803   24.640581506   41.803524388   21.543002479
   -0.666398442    2.792526803   33.136077376   46.127138165   18.293462610
   -0.475998887    2.792526803   41.748370749   42.946222797   14.486971698
   -0.285599332    2.792526803   49.065109500   32.769521360   10.575943915
   -0.095199777    2.792526803   53.930958784   17.674084352    6.732904805
    0.095199777    2.792526803   55.690182568    0.749609255    2.863814526
    0.285599332    2.792526803   54.345821627  -14.252519975   -1.220954784
    0.475998887    2.792526803   50.644571591  -23.421984941   -5.534907032
    0.666398442    2.792526803   46.007306651  -23.770595921   -9.738449032
    0.856797996    2.792526803   42.210063064  -14.772587549  -13.167917545
    1.047197551    2.792526803   40.813946742    0.713467587  -15.115862359
    1.237597106    2.792526803   42.559704237   17.197638955  -15.193550106
    1.427996661    2.792526803   47.056836853   28.798168102  -13.545750092
    1.618396215    2.792526803   52.958860848   31.552463510  -10.801060685
    1.808795770    2.792526803   58.458427449   24.727779760   -7.772557811
    1.999195325    2.792526803   61.885219123   10.243568770   -5.146908298
    2.189594880    2.792526803   62.078643319   -8.649371636   -3.284797710
    2.379994435    2.792526803   58.529733018  -28.503136100   -2.213059740
    2.570393989    2.792526803   51.370996608  -46.015256983   -1.715726696
    2.760793544    2.792526803   41.352520957  -58.047785033   -1.464485159
    2.951193099    2.792526803   29.785181798  -61.937077092   -1.117236836
