#! FIELDS phi psi file.free der_phi der_psi
#! SET min_phi -pi
#! SET max_phi pi
#! SET nbins_phi  33
#! SET periodic_phi true
#! SET min_psi -pi
#! SET max_psi pi
#! SET nbins_psi  18
#! SET periodic_psi true
   -3.141592654   -3.141592654   17.446053618  -53.015230552   17.519139993
   -2.951193099   -3.141592654    9.067459415  -34.423376978   19.861551913
   -2.760793544   -3.141592654    4.467038127  -14.197105695   21.386336852
   -2.570393989   -3.141592654    3.451990778    2.512485156   22.232605809
   -2.379994435   -3.141592654    4.983722938   12.217997777   22.754424376
   -2.189594880   -3.141592654    7.626831197   14.392572966   23.467527646
   -1.999195325   -3.141592654   10.152623715   11.640571667   24.876409378
   -1.808795770   -3.141592654   12.041089080    8.511248571   27.220689488
   -1.618396215   -3.141592654   13.649085778    9.246550402   30.272620048
   -1.427996661   -3.141592654   15.947572737   15.824017966   33.344058825
   -1.237597106   -3.141592654   19.993003871   27.144034331   35.519188645
   -1.047197551   -3.141592654   26.387299593   39.833096702   36.006247331
   -0.856797996   -3.141592654   34.997777901   49.675895879   34.397885114
   -0.666398442   -3.141592654   44.926522743   53.189708672   30.740571900
   -0.475998887   -3.141592654   54.745885316   48.329411132   25.411904493
   -0.285599332   -3.141592654   62.808048558   34.853732193   18.947747932
   -0.095199777   -3.141592654   67.593062976   14.368929258   11.889066389
    0.095199777   -3.141592654   68.075800992   -9.569751407    4.731081950
    0.285599332   -3.141592654   64.085597074  -31.589044637   -2.057208337
    0.475998887   -3.141592654   56.580060918  -45.537775991   -7.980140725
    0.666398442   -3.141592654   47.605522100  -46.425682772  -12.522326473
    0.856797996   -3.141592654   39.847727873  -32.919631005  -15.254309537
    1.047197551   -3.141592654   35.774614191   -8.739655707  -16.008020320
    1.237597106   -3.141592654   36.719946090   18.260385406  -14.995284719
    1.427996661   -3.141592654   42.342878101   39.034048679  -12.739448237
    1.618396215   -3.141592654   50.755295548   46.787553134   -9.854803957
    1.808795770   -3.141592654   59.190498385   39.334957924   -6.773094899
    1.999195325   -3.141592654   64.928905942   19.224685208   -3.634912697
    2.189594880   -3.141592654   66.074048042   -7.779580997   -0.357597550
    2.379994435   -3.141592654   61.967880962  -34.797948229    3.172904777
    2.570393989   -3.141592654   53.218929074  -55.648136527    6.952038246
    2.760793544   -3.141592654   41.442209760  -66.149996843   10.800745206
    2.951193099   -3.141592654   28.794302155  -64.819622673   14.424441060

   -3.141592654   -2.792526803   25.192850259  -48.926034767   25.796094643
   -2.951193099   -2.792526803   17.421916550  -32.144376732   27.811870954
   -2.760793544   -2.792526803   13.095885679  -13.531860180   28.740771550
   -2.570393989   -2.792526803   12.096078038    2.136605118   28.844904414
   -2.379994435   -2.792526803   13.529733783   11.743189389   28.586620938
   -2.189594880   -2.792526803   16.162303914   14.936004509   28.550459469
   -1.999195325   -2.792526803   18.962589997   14.080630005   29.254074565
   -1.808795770   -2.792526803   21.515023819   12.988234464   30.889468057
   -1.618396215   -2.792526803   24.107701401   14.890267705   33.131822846
   -1.427996661   -2.792526803   27.458949136   20.915113831   35.179946163
   -1.237597106   -2.792526803   32.260486909   29.695659857   36.033536053
   -1.047197551   -2.792526803   38.767280701   38.282998531   34.891659220
   -0.856797996   -2.792526803   46.632758278   43.398298846   31.438855948
   -0.666398442   -2.792526803   54.939974020   42.588877112   25.921091100
   -0.475998887   -2.792526803   62.420897238   34.631726405   18.986113217
   -0.285599332   -2.792526803   67.707705725   19.697325668   11.449961742
   -0.095199777   -2.792526803   69.600453279   -0.582181005    4.072015161
    0.095199777   -2.792526803   67.370859520  -22.895739075   -2.557245103
    0.285599332   -2.792526803   61.086280707  -42.212545146   -8.023252347
    0.475998887   -2.792526803   51.875581267  -52.730269114  -12.041714691
    0.666398442   -2.792526803   41.889319381  -49.824652737  -14.426758686
    0.856797996   -2.792526803   33.840504135  -32.620130287  -15.126887935
    1.047197551   -2.792526803   30.130015563   -5.355612811  -14.282445780
    1.237597106   -2.792526803   31.931392485   23.700145236  -12.241920642
    1.427996661   -2.792526803   38.695180049   45.421588825   -9.456107494
    1.618396215   -2.792526803   48.347608991   53.351470161   -6.305958507
    1.808795770   -2.792526803   58.026302206   45.844207198   -2.946903479
    1.999195325   -2.792526803   65.011808375   25.868857282    0.682869952
    2.189594880   -2.792526803   67.457374751   -0.738851509    4.726347302
    2.379994435   -2.792526803   64.734165584  -27.347983332    9.214040292
    2.570393989   -2.792526803   57.417775133  -48.146640703   13.963394244
    2.760793544   -2.792526803   47.027800041  -59.210709899   18.594462146
    2.951193099   -2.792526803   35.597914758  -59.077014838   22.660758211

   -3.141592654   -2.443460953   34.050499110  -44.797972654   23.547393441
   -2.951193099   -2.443460953   26.882971647  -29.929772607   25.186756669
   -2.760793544   -2.443460953   22.815387216  -12.959319684   25.908309919
   -2.570393989   -2.443460953   21.811114669    1.640792380   25.944183649
   -2.379994435   -2.443460953   23.113855068   11.018612677   25.650047193
   -2.189594880   -2.443460953   25.660510993   14.898735471   25.444351852
   -1.999195325   -2.443460953   28.572529270   15.347065107   25.661385635
   -1.808795770   -2.443460953   31.488005256   15.440248253   26.356271269
   -1.618396215   -2.443460953   34.585107284   17.501533313   27.178499185
   -1.427996661   -2.443460953   38.317109087   22.009598817   27.446716166
   -1.237597106   -2.443460953   43.044597905   27.602037113   26.404719877
   -1.047197551   -2.443460953   48.762692376   32.029542194   23.551353775
   -0.856797996   -2.443460953   55.042958179   33.134986371   18.846560079
   -0.666398442   -2.443460953   61.100689558   29.496388728   12.735622541
   -0.475998887   -2.443460953   65.958087494   20.497360167    5.965721616
   -0.285599332   -2.443460953   68.599114215    6.333630224   -0.645847410
   -0.095199777   -2.443460953   68.135487816  -11.775460439   -6.427558509
    0.095199777   -2.443460953   64.048407207  -31.128380399  -10.963758764
    0.285599332   -2.443460953   56.499813377  -47.256403076  -14.088144486
    0.475998887   -2.443460953   46.620767573  -54.748520933  -15.821003535
    0.666398442   -2.443460953   36.507196813  -49.214345530  -16.281237288
    0.856797996   -2.443460953   28.781773746  -29.915841668  -15.644827864
    1.047197551   -2.443460953   25.734404774   -1.186569422  -14.120868585
    1.237597106   -2.443460953   28.416031023   28.695519909  -11.939661120
    1.427996661   -2.443460953   36.168845046   50.762625958   -9.311538739
    1.618396215   -2.443460953   46.855295135   58.879925184   -6.372548508
    1.808795770   -2.443460953   57.616105527   51.726968443   -3.137458153
    1.999195325   -2.443460953   65.781098688   32.422069248    0.456709879
    2.189594880   -2.443460953   69.554919698    6.650910131    4.459883654
    2.379994435   -2.443460953   68.307327070  -19.313963129    8.796274882
    2.570393989   -2.443460953   62.539222132  -40.050053104   13.226874176
    2.760793544   -2.443460953   53.636788713  -51.826765519   17.389106503
    2.951193099   -2.443460953   43.488757965  -53.108077004   20.916210392

   -3.141592654   -2.094395102   40.746407344  -41.067668806   13.886633047
   -2.951193099   -2.094395102   34.166143702  -27.499392738   14.964611278
   -2.760793544   -2.094395102   30.442759521  -11.750383337   15.541020263
   -2.570393989   -2.094395102   29.567450420    1.838295457   15.701963595
   -2.379994435   -2.094395102   30.840838202   10.587564275   15.548615250
   -2.189594880   -2.094395102   33.282673822   14.299658964   15.197457529
   -1.999195325   -2.094395102   36.089020861   14.851215843   14.729537427
   -1.808795770   -2.094395102   38.907413472   14.832048618   14.098916062
   -1.618396215   -2.094395102   41.820430730   16.015325642   13.080685253
   -1.427996661   -2.094395102   45.101812301   18.597188235   11.338236542
   -1.237597106   -2.094395102   48.926099583   21.454131622    8.581968084
   -1.047197551   -2.094395102   53.196506197   23.033124145    4.749888073
   -0.856797996   -2.094395102   57.546622162   22.062888636    0.083152095
   -0.666398442   -2.094395102   61.407519772   17.767273404   -4.910055982
   -0.475998887   -2.094395102   64.097445329    9.727986272   -9.624735751
   -0.285599332   -2.094395102   64.885279959   -2.176929541  -13.529112748
   -0.095199777   -2.094395102   63.074347617  -17.358727126  -16.301055323
    0.095199777   -2.094395102   58.206919795  -33.788114781  -17.880051784
    0.285599332   -2.094395102   50.392837785  -47.494844652  -18.411433580
    0.475998887   -2.094395102   40.641810215  -53.276305683  -18.160241811
    0.666398442   -2.094395102   30.916042154  -46.701565116  -17.386807605
    0.856797996   -2.094395102   23.727932274  -26.833214087  -16.273865449
    1.047197551   -2.094395102   21.300713612    2.233299285  -14.882326102
    1.237597106   -2.094395102   24.659645169   32.403898955  -13.180100744
    1.427996661   -2.094395102   33.151859194   54.836572581  -11.106331266
    1.618396215   -2.094395102   44.660902558   63.468906681   -8.630464804
    1.808795770   -2.094395102   56.357099047   56.973077713   -5.771713637
    1.999195325   -2.094395102   65.590377177   38.385631618   -2.609133168
    2.189594880   -2.094395102   70.561976426   13.220582498    0.734032285
    2.379994435   -2.094395102   70.600673992  -12.449818404    4.085309659
    2.570393989   -2.094395102   66.131962404  -33.361689714    7.244444847
    2.760793544   -2.094395102   58.447792812  -45.804179598   10.011092974
    2.951193099   -2.094395102   49.352695029  -48.129803967   12.243508294

   -3.141592654   -1.745329252   42.847886319  -39.406629818    4.852174801
   -2.951193099   -1.745329252   36.542086047  -26.277876808    5.322224282
   -2.760793544   -1.745329252   33.011263769  -10.958329955    5.623113674
   -2.570393989   -1.745329252   32.239190670    2.110377053    5.737591539
   -2.379994435   -1.745329252   33.505137260   10.211892196    5.581360945
   -2.189594880   -1.745329252   35.801980553   13.122673186    5.038649620
   -1.999195325   -1.745329252   38.290248836   12.641028392    3.984077391
   -1.808795770   -1.745329252   40.562991480   11.247961767    2.290955221
   -1.618396215   -1.745329252   42.634844503   10.720020103   -0.135376655
   -1.427996661   -1.745329252   44.733270628   11.486080763   -3.284030741
   -1.237597106   -1.745329252   47.054943096   12.896743140   -6.981739777
   -1.047197551   -1.745329252   49.625366308   13.922623255  -10.885031521
   -0.856797996   -1.745329252   52.285552519   13.644789186  -14.559057993
   -0.666398442   -1.745329252   54.707562036   11.250071100  -17.573155296
   -0.475998887   -1.745329252   56.406506928    5.928920939  -19.622599906
   -0.285599332   -1.745329252   56.749050317   -3.068449145  -20.588581756
   -0.095199777   -1.745329252   55.014890453  -15.778589196  -20.556574799
    0.095199777   -1.745329252   50.617371294  -30.596635886  -19.795533305
    0.285599332   -1.745329252   43.483628280  -43.705658229  -18.662090012
    0.475998887   -1.745329252   34.439101884  -49.753342931  -17.505756599
    0.666398442   -1.745329252   25.315774496  -43.935794508  -16.542462295
    0.856797996   -1.745329252   18.578443867  -24.823058459  -15.794246321
    1.047197551   -1.745329252   16.493278723    3.909424424  -15.082621272
    1.237597106   -1.745329252   20.187093179   34.336029044  -14.121965277
    1.427996661   -1.745329252   29.113164211   57.505210451  -12.670726750
    1.618396215   -1.745329252   41.217873946   67.042363958  -10.646311208
    1.808795770   -1.745329252   53.670400687   61.279131644   -8.150484798
    1.999195325   -1.745329252   63.765372823   43.049982007   -5.423525234
    2.189594880   -1.745329252   69.626353990   17.819214032   -2.739066568
    2.379994435   -1.745329252   70.506989344   -8.261058988   -0.335164613
    2.570393989   -1.745329252   66.778857043  -29.806186706    1.636451644
    2.760793544   -1.745329252   59.704881482  -42.955558326    3.118999710
    2.951193099   -1.745329252   51.088665790  -45.935295361    4.155731702

   -3.141592654   -1.396263402   41.037818815  -39.858064796    2.694163879
   -2.951193099   -1.396263402   34.654330006  -26.625078595    2.547960777
   -2.760793544   -1.396263402   31.075626561  -11.122877461    2.254475480
   -2.570393989   -1.396263402   30.281583142    2.003772906    1.787035114
   -2.379994435   -1.396263402   31.509664146    9.846680132    1.004383304
   -2.189594880   -1.396263402   33.674244656   12.003490316   -0.311490663
   -1.999195325   -1.396263402   35.830475029   10.177087986   -2.386018331
   -1.808795770   -1.396263402   37.466824577    6.974305739   -5.356125762
   -1.618396215   -1.396263402   38.545891930    4.608599430   -9.164405626
   -1.427996661   -1.396263402   39.348603914    4.142780067  -13.486089004
   -1.237597106   -1.396263402   40.244871832    5.498418248  -17.761784281
   -1.047197551   -1.396263402   41.512499494    7.858659685  -21.335451019
   -0.856797996   -1.396263402   43.241098973   10.077093451  -23.660940103
   -0.666398442   -1.396263402   45.271892266   10.740739130  -24.451241470
   -0.475998887   -1.396263402   47.159671290    8.343247115  -23.752871648
   -0.285599332   -1.396263402   48.184613101    1.525740792  -21.896953942
   -0.095199777   -1.396263402   47.445739472  -10.133060091  -19.383430366
    0.095199777   -1.396263402   44.125871437  -25.123665629  -16.756796429
    0.285599332   -1.396263402   37.930843683  -39.469413977  -14.458051740
    0.475998887   -1.396263402   29.519710662  -47.386182237  -12.750534495
    0.666398442   -1.396263402   20.661712245  -43.464177008  -11.666876098
    0.856797996   -1.396263402   13.878885523  -25.631298695  -11.040869732
    1.047197551   -1.396263402   11.600273222    2.864931729  -10.571813125
    1.237597106   -1.396263402   15.159224734   34.099725225   -9.935188098
    1.427996661   -1.396263402   24.174147404   58.712199048   -8.905216700
    1.618396215   -1.396263402   36.652729817   69.698908665   -7.415005247
    1.808795770   -1.396263402   49.709279766   64.832266974   -5.559496447
    1.999195325   -1.396263402   60.504495404   46.712835535   -3.541672580
    2.189594880   -1.396263402   67.016267561   20.887614588   -1.588270869
    2.379994435   -1.396263402   68.390691950   -6.185379105    0.101208638
    2.570393989   -1.396263402   64.956306118  -28.785352503    1.391688000
    2.760793544   -1.396263402   57.991477959  -42.776941181    2.223059669
    2.951193099   -1.396263402   49.356374267  -46.249576073    2.625625818

   -3.141592654   -1.047197551   38.679696031  -42.146166389    3.760817646
   -2.951193099   -1.047197551   31.870317352  -28.762402363    2.639073688
   -2.760793544   -1.047197551   27.920277036  -12.875879034    1.273712857
   -2.570393989   -1.047197551   26.825045746    0.543759006   -0.262773698
   -2.379994435   -1.047197551   27.770320132    8.231015104   -2.038561949
   -2.189594880   -1.047197551   29.558276439    9.539004839   -4.249313430
   -1.999195325   -1.047197551   31.110731728    6.216250559   -7.124320046
   -1.808795770   -1.047197551   31.828050922    1.299012516  -10.762625807
   -1.618396215   -1.047197551   31.697977776   -2.265016241  -14.970022100
   -1.427996661   -1.047197551   31.171678814   -2.690622400  -19.203324549
   -1.237597106   -1.047197551   30.897200665    0.303979076  -22.694297910
   -1.047197551   -1.047197551   31.444971040    5.666740715  -24.713781908
   -0.856797996   -1.047197551   33.100451617   11.528592136  -24.850155033
   -0.666398442   -1.047197551   35.737569676   15.528380898  -23.149168388
   -0.475998887   -1.047197551   38.772602632   15.368539650  -20.079535097
   -0.285599332   -1.047197551   41.228960408    9.271028359  -16.353242746
   -0.095199777   -1.047197551   41.912508779   -3.177849108  -12.686019138
    0.095199777   -1.047197551   39.749158310  -20.073520530   -9.608139727
    0.285599332   -1.047197551   34.288197696  -36.839570082   -7.330793594
    0.475998887   -1.047197551   26.154634701  -47.015800113   -5.780022626
    0.666398442   -1.047197551   17.206646943  -44.627951131   -4.704587485
    0.856797996   -1.047197551   10.140403243  -27.272779690   -3.844168223
    1.047197551   -1.047197551    7.590773212    1.801368699   -3.030597874
    1.237597106   -1.047197551   11.064592385   34.324994297   -2.198383067
    1.427996661   -1.047197551   20.265616693   60.409077641   -1.343974430
    1.618396215   -1.047197551   33.184178352   72.519531219   -0.453069725
    1.808795770   -1.047197551   46.832056467   68.087464237    0.505489276
    1.999195325   -1.047197551   58.229422820   49.664899025    1.550080222
    2.189594880   -1.047197551   65.227239628   22.963978537    2.640589437
    2.379994435   -1.047197551   66.887671711   -5.283635745    3.653288390
    2.570393989   -1.047197551   63.508060861  -29.099076957    4.405581364
    2.760793544   -1.047197551   56.380408548  -44.123069013    4.717677175
    2.951193099   -1.047197551   47.417035143  -48.285085991    4.495655823

   -3.141592654   -0.698131701   38.420718834  -45.490810917    3.724734381
   -2.951193099   -0.698131701   30.945178934  -32.340514563    1.417000414
   -2.760793544   -0.698131701   26.319502349  -16.357786969   -1.158890360
   -2.570393989   -0.698131701   24.574260886   -2.834192826   -3.794533779
   -2.379994435   -0.698131701   24.861129698    4.607943849   -6.442947787
   -2.189594880   -0.698131701   25.892991183    5.130605750   -9.244361241
   -1.999195325   -0.698131701   26.498252710    0.650441299  -12.412103428
   -1.808795770   -0.698131701   26.054867412   -5.231406031  -15.999613262
   -1.618396215   -0.698131701   24.659077039   -8.811388832  -19.696130512
   -1.427996661   -0.698131701   23.001378199   -7.753980084  -22.810460178
   -1.237597106   -0.698131701   22.024684937   -1.790737783  -24.504311580
   -1.047197551   -0.698131701   22.529298390    7.366335604  -24.169374229
   -0.856797996   -0.698131701   24.862069944   16.813101753  -21.728861473
   -0.666398442   -0.698131701   28.758871249   23.211333977  -17.694748768
   -0.475998887   -0.698131701   33.349378620   23.716054999  -12.963685563
   -0.285599332   -0.698131701   37.320429708   16.585132778   -8.481375786
   -0.095199777   -0.698131701   39.201296738    1.946004620   -4.907521974
    0.095199777   -0.698131701   37.774699461  -17.436928827   -2.446041470
    0.285599332   -0.698131701   32.614916728  -36.170706045   -0.839233942
    0.475998887   -0.698131701   24.501795555  -47.278029790    0.409971236
    0.666398442   -0.698131701   15.502453282  -44.758948247    1.751401472
    0.856797996   -0.698131701    8.483145265  -26.606775259    3.345784246
    1.047197551   -0.698131701    6.150924212    3.377713240    5.021664046
    1.237597106   -0.698131701    9.989875967   36.493337941    6.445314152
    1.427996661   -0.698131701   19.626390243   62.739523653    7.345678065
    1.618396215   -0.698131701   32.978960455   74.706170239    7.690749435
    1.808795770   -0.698131701   47.018179438   69.999508897    7.662634500
    1.999195325   -0.698131701   58.749352726   51.248183806    7.524095958
    2.189594880   -0.698131701   66.008444163   24.098419745    7.445855105
    2.379994435   -0.698131701   67.823851681   -4.833980850    7.416256562
    2.570393989   -0.698131701   64.442245549  -29.610104519    7.249498537
    2.760793544   -0.698131701   57.111229903  -45.751259950    6.685804974
    2.951193099   -0.698131701   47.736466525  -50.944435538    5.526852662

   -3.141592654   -0.349065850   39.138997244  -50.294211132    3.183138505
   -2.951193099   -0.349065850   30.680295472  -37.767853227    0.084270081
   -2.760793544   -0.349065850   25.001358081  -21.912598716   -3.148519953
   -2.570393989   -0.349065850   22.210633819   -8.244000095   -6.260789860
   -2.379994435   -0.349065850   21.477035068   -0.742834369   -9.167567517
   -2.189594880   -0.349065850   21.471006274   -0.472231710  -11.978785879
   -1.999195325   -0.349065850   20.970873978   -5.337854207  -14.859550375
   -1.808795770   -0.349065850   19.381438077  -11.136161425  -17.774457442
   -1.618396215   -0.349065850   16.958227112  -13.451057267  -20.308804926
   -1.427996661   -0.349065850   14.657794565   -9.614460029  -21.736408711
   -1.237597106   -0.349065850   13.686866404    0.251808056  -21.343830033
   -1.047197551   -0.349065850   14.968889756   13.403513862  -18.838696942
   -0.856797996   -0.349065850   18.751198383   25.721086160  -14.574907097
   -0.666398442   -0.349065850   24.465179209   33.027593269   -9.457322169
   -0.475998887   -0.349065850   30.843067509   32.350404303   -4.570373122
   -0.285599332   -0.349065850   36.220894036   22.560019255   -0.759285028
   -0.095199777   -0.349065850   38.945300139    4.850727454    1.685964753
    0.095199777   -0.349065850   37.830297200  -16.869446451    3.077502219
    0.285599332   -0.349065850   32.669917973  -36.471797853    4.144086941
    0.475998887   -0.349065850   24.542092517  -46.912204259    5.636951366
    0.666398442   -0.349065850   15.756305267  -42.822731035    7.941389881
    0.856797996   -0.349065850    9.258911186  -23.181660959   10.868848387
    1.047197551   -0.349065850    7.655332420    7.399517771   13.760866247
    1.237597106   -0.349065850   12.226235442   39.969307562   15.865342003
    1.427996661   -0.349065850   22.407268758   64.908279303   16.713585721
    1.618396215   -0.349065850   36.035619354   75.470701518   16.328251060
    1.808795770   -0.349065850   50.118182193   69.791407221   15.114744933
    1.999195325   -0.349065850   61.762336097   50.627983567   13.599929229
    2.189594880   -0.349065850   68.891261168   23.377470322   12.153731389
    2.379994435   -0.349065850   70.555082612   -5.749159517   10.865479534
    2.570393989   -0.349065850   66.950772648  -31.110006840    9.566370289
    2.760793544   -0.349065850   59.242906420  -48.266837586    7.975209733
    2.951193099   -0.349065850   49.273756735  -54.682709968    5.865931552

   -3.141592654    0.000000000   40.280931368  -55.774931973    2.097112368
   -2.951193099    0.000000000   30.730983947  -43.642005380   -0.869777433
   -2.760793544    0.000000000   23.936703291  -27.663396483   -3.766246655
   -2.570393989    0.000000000   20.091662936  -13.534821315   -6.436703270
   -2.379994435    0.000000000   18.396758044   -5.571187148   -8.862055140
   -2.189594880    0.000000000   17.499385205   -5.035606203  -11.148920212
   -1.999195325    0.000000000   16.150879977   -9.642619359  -13.378856847
   -1.808795770    0.000000000   13.804713213  -14.627002501  -15.392680888
   -1.618396215    0.000000000   10.879667875  -15.012281734  -16.702351458
   -1.427996661    0.000000000    8.562285901   -8.060785388  -16.657112983
   -1.237597106    0.000000000    8.232171201    5.428209416  -14.800676788
   -1.047197551    0.000000000   10.801720320   21.536768007  -11.210772778
   -0.856797996    0.000000000   16.281317413   35.056509702   -6.568991117
   -0.666398442    0.000000000   23.714297613   41.398173729   -1.910500532
   -0.475998887    0.000000000   31.450900580   38.037199428    1.831195203
   -0.285599332    0.000000000   37.599351159   24.977128685    4.199854972
   -0.095199777    0.000000000   40.522005172    4.728945352    5.394335011
    0.095199777    0.000000000   39.275021904  -17.800878313    6.138709974
    0.285599332    0.000000000   34.019201284  -36.241157107    7.340266565
    0.475998887    0.000000000   26.161751965  -44.174829719    9.650020418
    0.666398442    0.000000000   18.154859216  -37.494034998   13.127284211
    0.856797996    0.000000000   12.832675905  -16.476964545   17.174825582
    1.047197551    0.000000000   12.487876419   13.579288673   20.794568020
    1.237597106    0.000000000   18.047540621   43.956764190   23.062777216
    1.427996661    0.000000000   28.713539997   66.001746048   23.521059260
    1.618396215    0.000000000   42.298039175   74.061632940   22.318827795
    1.808795770    0.000000000   55.955151738   66.936078978   20.025218481
    1.999195325    0.000000000   67.004754908   47.390325970   17.308034082
    2.189594880    0.000000000   73.532254078   20.352673252   14.640650224
    2.379994435    0.000000000   74.643966377   -8.567653510   12.196478315
    2.570393989    0.000000000   70.491899668  -34.129792789    9.888428865
    2.760793544    0.000000000   62.150138901  -51.974580093    7.521331620
    2.951193099    0.000000000   51.386449503  -59.337194974    4.934728472

   -3.141592654    0.349065850   42.097072869  -60.319248937    1.832693919
   -2.951193099    0.349065850   31.663689339  -48.306132991   -0.058977756
   -2.760793544    0.349065850   23.991276480  -32.168273724   -1.720742263
   -2.570393989    0.349065850   19.317980259  -17.712322226   -3.191427915
   -2.379994435    0.349065850   16.857339410   -9.443736932   -4.580184022
   -2.189594880    0.349065850   15.245341843   -8.661459339   -6.012665315
   -1.999195325    0.349065850   13.242411781  -12.812359596   -7.498873725
   -1.808795770    0.349065850   10.384868077  -16.674683587   -8.803779332
   -1.618396215    0.349065850    7.250773945  -15.000307304   -9.464289227
   -1.427996661    0.349065850    5.190921195   -5.302452767   -9.003123714
   -1.237597106    0.349065850    5.644940907   10.799113175   -7.225833519
   -1.047197551    0.349065850    9.403343586   28.394037834   -4.409659452
   -0.856797996    0.349065850   16.193150653   41.649774678   -1.224438866
   -0.666398442    0.349065850   24.724186370   46.126023594    1.573450679
   -0.475998887    0.349065850   33.115146197   40.147849679    3.521971886
   -0.285599332    0.349065850   39.443758664   24.927527160    4.657675559
   -0.095199777    0.349065850   42.263469963    3.999688601    5.506706456
    0.095199777    0.349065850   40.964759472  -17.305413462    6.842615571
    0.285599332    0.349065850   36.047100812  -33.005502836    9.325803904
    0.475998887    0.349065850   29.111357711  -37.779292857   13.172354730
    0.666398442    0.349065850   22.558339787  -28.894419085   17.974718297
    0.856797996    0.349065850   18.930847131   -7.674287794   22.795427768
    1.047197551    0.349065850   20.103560320   20.376795143   26.511009027
    1.237597106    0.349065850   26.638475958   47.249738678   28.274581703
    1.427996661    0.349065850   37.565445906   65.523076607   27.830430309
    1.618396215    0.349065850   50.760345521   70.662562472   25.543485075
    1.808795770    0.349065850   63.601911559   62.014677562   22.141223456
    1.999195325    0.349065850   73.673745379   42.214390621   18.376773183
    2.189594880    0.349065850   79.254186434   15.653570844   14.771518186
    2.379994435    0.349065850   79.530294443  -12.671144982   11.556952267
    2.570393989    0.349065850   74.633427120  -37.915050326    8.736460066
    2.760793544    0.349065850   65.569092210  -55.839170094    6.223290500
    2.951193099    0.349065850   54.039181380  -63.541442001    3.932713609

   -3.141592654    0.698131701   43.709144744  -62.679590061    0.544743119
   -2.951193099    0.698131701   32.848985980  -50.416537230    0.258700526
   -2.760793544    0.698131701   24.787804391  -34.149548844    0.240135280
   -2.570393989    0.698131701   19.737421448  -19.709812275    0.259654884
   -2.379994435    0.698131701   16.882737295  -11.590514773    0.111062437
   -2.189594880    0.698131701   14.846891584  -10.934595560   -0.329589731
   -1.999195325    0.698131701   12.421429155  -14.890677759   -1.035462442
   -1.808795770    0.698131701    9.233300619  -17.948749160   -1.797777112
   -1.618396215    0.698131701    5.983538747  -14.855816957   -2.296990179
   -1.427996661    0.698131701    4.108579749   -3.518404635   -2.274556735
   -1.237597106    0.698131701    5.028567937   13.776961758   -1.689442215
   -1.047197551    0.698131701    9.392266710   31.583123360   -0.754352536
   -0.856797996    0.698131701   16.723502768   43.992787522    0.210411235
   -0.666398442    0.698131701   25.571615325   47.092503369    0.995642616
   -0.475998887    0.698131701   34.033398433   40.047194236    1.687821014
   -0.285599332    0.698131701   40.324171013   24.855586058    2.665196505
   -0.095199777    0.698131701   43.247883590    5.408428827    4.451046956
    0.095199777    0.698131701   42.459200887  -13.205083879    7.475832328
    0.285599332    0.698131701   38.620474092  -25.788155635   11.828384874
    0.475998887    0.698131701   33.311012204  -28.127838830   17.126188453
    0.666398442    0.698131701   28.698412365  -18.521834985   22.533429531
    0.856797996    0.698131701   26.938934496    1.193376156   26.988646474
    1.047197551    0.698131701   29.496303601   25.794823726   29.555381610
    1.237597106    0.698131701   36.649212064   48.278055055   29.758837910
    1.427996661    0.698131701   47.369541628   62.485159798   27.731818312
    1.618396215    0.698131701   59.696272721   64.846585812   24.093956938
    1.808795770    0.698131701   71.295510565   55.041423220   19.655557580
    1.999195325    0.698131701   80.039862573   35.414451667   15.135501908
    2.189594880    0.698131701   84.405879437    9.769759057   11.004713925
    2.379994435    0.698131701   83.666525426  -17.464748179    7.503338066
    2.570393989    0.698131701   77.949877058  -41.769616009    4.715503072
    2.760793544    0.698131701   68.220221959  -59.012277404    2.657589651
    2.951193099    0.698131701   56.133002176  -66.242183113    1.295638558

   -3.141592654    1.047197551   42.327416518  -62.869224108   -3.806365523
   -2.951193099    1.047197551   31.524740588  -49.675565034   -2.748014794
   -2.760793544    1.047197551   23.654267409  -32.958798747   -1.447570097
   -2.570393989    1.047197551   18.838089088  -18.498724128   -0.250918521
   -2.379994435    1.047197551   16.188962753  -10.672738545    0.622764216
   -2.189594880    1.047197551   14.286666847  -10.450754691    1.092227920
   -1.999195325    1.047197551   11.914365909  -14.791056545    1.186422914
   -1.808795770    1.047197551    8.722839763  -18.047343799    0.998035356
   -1.618396215    1.047197551    5.449617893  -14.988087739    0.631629229
   -1.427996661    1.047197551    3.548584701   -3.683052086    0.156011659
   -1.237597106    1.047197551    4.421643957   13.396252081   -0.389867355
   -1.047197551    1.047197551    8.677682825   30.810112371   -0.945034562
   -0.856797996    1.047197551   15.828919222   42.921975256   -1.339638852
   -0.666398442    1.047197551   24.486809418   46.304560197   -1.269993280
   -0.475998887    1.047197551   32.901843963   40.526874402   -0.340262658
   -0.285599332    1.047197551   39.492649818   27.685335923    1.803858940
   -0.095199777    1.047197551   43.241065754   11.313378431    5.324122266
    0.095199777    1.047197551   43.872708760   -4.275679035   10.081980740
    0.285599332    1.047197551   41.950257723  -14.829593786   15.573960304
    0.475998887    1.047197551   38.781490887  -16.953677145   20.997578694
    0.666398442    1.047197551   36.146006147   -9.284322026   25.406716090
    0.856797996    1.047197551   35.810792923    6.679037670   27.975563877
    1.047197551    1.047197551   38.975967077   26.645955972   28.253893486
    1.237597106    1.047197551   45.864787191   44.795964858   26.297848761
    1.427996661    1.047197551   55.600456237   55.876381787   22.620075545
    1.618396215    1.047197551   66.492903304   56.634978490   17.953778774
    1.808795770    1.047197551   76.483516263   46.527659917   12.990840429
    1.999195325    1.047197551   83.647654117   27.415822583    8.232940902
    2.189594880    1.047197551   86.575427056    2.706154426    3.986513176
    2.379994435    1.047197551   84.598760494  -23.366722729    0.461850670
    2.570393989    1.047197551   77.884198031  -46.313634964   -2.162682927
    2.760793544    1.047197551   67.430883728  -62.047760791   -3.740130693
    2.951193099    1.047197551   54.910637589  -67.754143909   -4.240477529

   -3.141592654    1.396263402   37.813086998  -60.983682372  -10.211039826
   -2.951193099    1.396263402   27.522523541  -46.301475927   -8.711226573
   -2.760793544    1.396263402   20.368722894  -28.945830408   -6.876746528
   -2.570393989    1.396263402   16.316001787  -14.598620116   -5.017529217
   -2.379994435    1.396263402   14.354589715   -7.412125834   -3.275337364
   -2.189594880    1.396263402   12.986645434   -8.131523926   -1.678982883
   -1.999195325    1.396263402   10.952635273  -13.580070150   -0.251553172
   -1.808795770    1.396263402    7.878205578  -18.043149899    0.910799408
   -1.618396215    1.396263402    4.487218972  -16.233938633    1.648773845
   -1.427996661    1.396263402    2.238140990   -6.066175276    1.827296144
   -1.237597106    1.396263402    2.580558010   10.286354416    1.469933212
   -1.047197551    1.396263402    6.237887233   27.786701789    0.837699272
   -0.856797996    1.396263402   12.910128486   41.113577087    0.418756274
   -0.666398442    1.396263402   21.435508970   46.903876502    0.781045341
   -0.475998887    1.396263402   30.266981858   44.397841430    2.390697954
   -0.285599332    1.396263402   37.928387376   35.014759570    5.447839270
   -0.095199777    1.396263402   43.355386662   21.437624678    9.795948639
    0.095199777    1.396263402   46.068339907    7.161790190   14.936148217
    0.285599332    1.396263402   46.292198292   -4.071294253   20.078367692
    0.475998887    1.396263402   44.943879261   -8.903506746   24.306626072
    0.666398442    1.396263402   43.458875282   -5.423106954   26.785441328
    0.856797996    1.396263402   43.412561118    5.879301979   27.012636863
    1.047197551    1.396263402   46.024989586   21.829681692   24.976364733
    1.237597106    1.396263402   51.726247886   37.411122084   21.131167158
    1.427996661    1.396263402   59.939882544   47.508445183   16.213425811
    1.618396215    1.396263402   69.240374305   48.400766704   10.949027678
    1.808795770    1.396263402   77.715820377   38.857883392    5.841803617
    1.999195325    1.396263402   83.472612040   20.273649515    1.144596223
    2.189594880    1.396263402   85.084608348   -3.959806124   -3.027038686
    2.379994435    1.396263402   81.901536174  -29.292755376   -6.534593971
    2.570393989    1.396263402   74.174644868  -50.895784070   -9.160055224
    2.760793544    1.396263402   63.029205652  -64.633437116  -10.672307462
    2.951193099    1.396263402   50.235411288  -68.007098916  -10.977875094

   -3.141592654    1.745329252   31.237181125  -58.820517852  -16.422619190
   -2.951193099    1.745329252   21.514436254  -42.617450192  -15.079417747
   -2.760793544    1.745329252   15.146265483  -24.500305381  -13.203287702
   -2.570393989    1.745329252   11.962830699   -9.997345914  -11.019520279
   -2.379994435    1.745329252   10.859307771   -3.054267419   -8.607149801
   -2.189594880    1.745329252   10.274426049   -4.313967595   -5.974193883
   -1.999195325    1.745329252    8.890656223  -10.634952591   -3.186791932
   -1.808795770    1.745329252    6.264221178  -16.349086259   -0.460109227
   -1.618396215    1.745329252    3.054728890  -16.052316813    1.879291466
   -1.427996661    1.745329252    0.703991705   -7.261251000    3.536209560
   -1.237597106    1.745329252    0.741906729    8.429406787    4.434522838
   -1.047197551    1.745329252    4.078784310   26.498706695    4.813929479
   -0.856797996    1.745329252   10.669348851   41.749279909    5.182471352
   -0.666398442    1.745329252   19.583162152   50.456833936    6.106295024
   -0.475998887    1.745329252   29.394351184   51.098950139    7.974194111
   -0.285599332    1.745329252   38.587065710   44.211487888   10.832238395
   -0.095199777    1.745329252   45.897136723   31.746158027   14.326711528
    0.095199777    1.745329252   50.535596452   16.759679703   17.794750198
    0.285599332    1.745329252   52.371932738    2.987614615   20.407190217
    0.475998887    1.745329252   52.010306625   -5.774040946   21.418677906
    0.666398442    1.745329252   50.695936163   -6.761740416   20.404851272
    0.856797996    1.745329252   49.998966621    0.557584221   17.446043435
    1.047197551    1.745329252   51.318285791   13.828946996   13.109326091
    1.237597106    1.745329252   55.371145729   28.350644468    8.217713599
    1.427996661    1.745329252   61.866882319   38.680489002    3.532344310
    1.618396215    1.745329252   69.561642246   40.391641090   -0.527910157
    1.808795770    1.745329252   76.588933481   31.606243732   -3.953060828
    1.999195325    1.745329252   81.011274054   13.459930819   -6.981802662
    2.189594880    1.745329252   81.355170886  -10.443723660   -9.843974393
    2.379994435    1.745329252   76.991615740  -35.106195418  -12.550396685
    2.570393989    1.745329252   68.274791802  -55.341279147  -14.857926887
    2.760793544    1.745329252   56.469441669  -67.013602509  -16.406348990
    2.951193099    1.745329252   43.446851527  -68.003053305  -16.935553593

   -3.141592654    2.094395102   24.219373487  -57.652423447  -18.852895626
   -2.951193099    2.094395102   14.843962690  -40.213182847  -17.624100222
   -2.760793544    2.094395102    9.019117175  -21.264135197  -15.688300392
   -2.570393989    2.094395102    6.513160349   -6.140122119  -13.200860030
   -2.379994435    2.094395102    6.200506998    1.393378024  -10.240497703
   -2.189594880    2.094395102    6.517002652    0.683212105   -6.852373422
   -1.999195325    2.094395102    6.118782713   -5.357079443   -3.138040545
   -1.808795770    2.094395102    4.483711421  -11.323298540    0.669229572
   -1.618396215    2.094395102    2.159273809  -11.876374475    4.225726746
   -1.427996661    2.094395102    0.495219135   -4.248413172    7.193082766
   -1.237597106    2.094395102    1.011363987   10.509364037    9.402081565
   -1.047197551    2.094395102    4.713065012   28.397313693   10.947681493
   -0.856797996    2.094395102   11.721922132   44.385624228   12.150265109
   -0.666398442    2.094395102   21.263163296   54.466528529   13.369519548
   -0.475998887    2.094395102   31.974687522   56.482730718   14.800301693
   -0.285599332    2.094395102   42.271784474   50.240401620   16.348341047
   -0.095199777    2.094395102   50.692416401   37.138080040   17.619322605
    0.095199777    2.094395102   56.177290340   20.011357483   18.050614675
    0.285599332    2.094395102   58.326076748    2.856928851   17.084706985
    0.475998887    2.094395102   57.568915395   -9.812116005   14.417667179
    0.666398442    2.094395102   55.143914643  -14.216652179   10.175378146
    0.856797996    2.094395102   52.807357360   -8.904495867    4.965014040
    1.047197551    2.094395102   52.279135916    4.190105911   -0.310719722
    1.237597106    2.094395102   54.610291761   20.107535170   -4.802114496
    1.427996661    2.094395102   59.736143285   32.573319413   -8.035426599
    1.618396215    2.094395102   66.459465801   36.188534762  -10.066248763
    1.808795770    2.094395102   72.800912356   28.442972513  -11.360665452
    1.999195325    2.094395102   76.642880515   10.402794421  -12.502424147
    2.189594880    2.094395102   76.370405272  -13.881829486  -13.893243183
    2.379994435    2.094395102   71.322807241  -38.764701511  -15.587404558
    2.570393989    2.094395102   61.936915051  -58.568413851  -17.312201874
    2.760793544    2.094395102   49.617970759  -69.063526460  -18.641249373
    2.951193099    2.094395102   36.355031060  -68.430490200  -19.209898229

   -3.141592654    2.443460953   17.755646300  -57.261911838  -12.620337197
   -2.951193099    2.443460953    8.570513662  -38.616832650  -11.082062349
   -2.760793544    2.443460953    3.168057527  -18.434783204   -9.056141343
   -2.570393989    2.443460953    1.322616229   -2.030839135   -6.663339148
   -2.379994435    2.443460953    1.917173884    6.804008653   -3.949955045
   -2.189594880    2.443460953    3.380106484    7.269694998   -0.881924412
   -1.999195325    2.443460953    4.320562233    2.022080873    2.590416982
   -1.808795770    2.443460953    4.117279245   -3.789818912    6.418588968
   -1.618396215    2.443460953    3.184300848   -4.914225915   10.383016877
   -1.427996661    2.443460953    2.746793849    1.603710314   14.117649869
   -1.237597106    2.443460953    4.258364161   15.117008246   17.238039227
   -1.047197551    2.443460953    8.738432511   32.032032793   19.492604590
   -0.856797996    2.443460953   16.380760583   47.466799453   20.830769952
   -0.666398442    2.443460953   26.477699095   57.222474651   21.336874124
   -0.475998887    2.443460953   37.670733432   58.704357037   21.093675417
   -0.285599332    2.443460953   48.290929070   51.260030899   20.071625054
   -0.095199777    2.443460953   56.718601040   36.034895955   18.094329772
    0.095199777    2.443460953   61.721229576   15.932450812   14.930525113
    0.285599332    2.443460953   62.776184995   -4.553614965   10.443313889
    0.475998887    2.443460953   60.321205733  -20.082414790    4.791723111
    0.666398442    2.443460953   55.772174073  -25.951265342   -1.469331011
    0.856797996    2.443460953   51.216081692  -20.123933796   -7.452201716
    1.047197551    2.443460953   48.754215998   -4.629434579  -12.221905630
    1.237597106    2.443460953   49.729073002   14.769598370  -15.162887720
    1.427996661    2.443460953   54.170911742   30.618248453  -16.212685441
    1.618396215    2.443460953   60.761244962   36.516228831  -15.855334535
    1.808795770    2.443460953   67.261650917   29.547701298  -14.853925804
    1.999195325    2.443460953   71.282050422   11.020737469  -13.915580361
    2.189594880    2.443460953   71.026180200  -14.355925362  -13.443396961
    2.379994435    2.443460953   65.786943579  -40.225291190  -13.469846555
    2.570393989    2.443460953   56.072102843  -60.438170829  -13.737180895
    2.760793544    2.443460953   43.414472661  -70.637117426  -13.872013421
    2.951193099    2.443460953   29.925290902  -69.160397090  -13.554627924

   -3.141592654    2.792526803   15.069278199  -55.604257626    1.061715449
   -2.951193099    2.792526803    6.247610485  -36.478045077    3.029065083
   -2.760793544    2.792526803    1.299182627  -15.817363015    4.916715166
   -2.570393989    2.792526803    0.000000000    1.095814372    6.712027030
   -2.379994435    2.792526803    1.247898760   10.563394739    8.525919949
   -2.189594880    2.792526803    3.502979020   11.860298197   10.597690144
   -1.999195325    2.792526803    5.410670442    7.597029379   13.203008641
   -1.808795770    2.792526803    6.360106294    2.701025200   16.474492247
   -1.618396215    2.792526803    6.721420028    2.094060148   20.241899386
   -1.427996661    2.792526803    7.615707699    8.456322714   24.012840229
   -1.237597106    2.792526803   10.357685340   21.070152501   27.125878286
   -1.047197551    2.792526803   15.835276028   36.475531578   28.998553924
   -0.856797996    2.792526803   24.146170854   49.993506472   29.307881070
   -0.666398442    2.792526803   34.518909691   57.544930382   28.015472760
   -0.475998887    2.792526803   45.541440399   56.538927632   25.261553095
   -0.285599332    2.792526803   55.487839526   46.295856500   21.237136434
   -0.095199777    2.792526803   62.684957587   28.063315887   16.106687444
    0.095199777    2.792526803   65.889635757    5.084975063   10.039701614
    0.285599332    2.792526803   64.658953079  -17.531640963    3.301102836
    0.475998887    2.792526803   59.641122397  -33.731373777   -3.626972691
    0.666398442    2.792526803   52.583350919  -38.303140770  -10.025660394
    0.856797996    2.792526803   45.953125304  -29.268828417  -15.067753057
    1.047197551    2.792526803   42.155804270   -9.398962882  -18.100613997
    1.237597106    2.792526803   42.646998930   14.367224947  -18.922536672
    1.427996661    2.792526803   47.344919249   33.463955357  -17.865365658
    1.618396215    2.792526803   54.653411092   40.938761643  -15.639029879
    1.808795770    2.792526803   62.018613072   34.006107539  -12.999196448
    1.999195325    2.792526803   66.809031457   14.566563939  -10.480428758
    2.189594880    2.792526803   67.115129405  -11.985421802   -8.289913192
    2.379994435    2.792526803   62.231195578  -38.789787787   -6.383651328
    2.570393989    2.792526803   52.736174914  -59.480099788   -4.601882491
    2.760793544    2.792526803   40.252306397  -69.707706643   -2.799206042
    2.951193099    2.792526803   26.964550261  -67.943604466   -0.906842246
