#! FIELDS phi psi file.free der_phi der_psi
#! SET min_phi -pi
#! SET max_phi pi
#! SET nbins_phi  33
#! SET periodic_phi true
#! SET min_psi -pi
#! SET max_psi pi
#! SET nbins_psi  18
#! SET periodic_psi true
   -3.141592654   -3.141592654   21.334742660  -41.225184984    7.443159853
   -2.951193099   -3.141592654   13.977397909  -34.900732301    9.848067686
   -2.760793544   -3.141592654    8.438058168  -22.503075956   12.169183033
   -2.570393989   -3.141592654    5.575873931   -7.506829098   14.210605726
   -2.379994435   -3.141592654    5.454695293    5.565558768   15.919982228
   -2.189594880   -3.141592654    7.354545486   13.373267391   17.396441470
   -1.999195325   -3.141592654   10.175314541   15.424442458   18.771991321
   -1.808795770   -3.141592654   13.008773293   14.061136618   20.033206293
   -1.618396215   -3.141592654   15.537015253   12.774189667   20.921294126
   -1.427996661   -3.141592654   18.039195129   14.022885871   21.010184829
   -1.237597106   -3.141592654   21.050898517   17.961793745   19.935251206
   -1.047197551   -3.141592654   24.933421508   22.750184216   17.625938973
   -0.856797996   -3.141592654   29.611599690   25.883304487   14.377946576
   -0.666398442   -3.141592654   34.584081194   25.646022258   10.722864234
   -0.475998887   -3.141592654   39.156547090   21.727725855    7.178724521
   -0.285599332   -3.141592654   42.699283452   15.061847034    4.040524428
   -0.095199777   -3.141592654   44.826905958    7.166117151    1.309374887
    0.095199777   -3.141592654   45.457391752   -0.378919183   -1.214423660
    0.285599332   -3.141592654   44.800200167   -6.131657287   -3.739359971
    0.475998887   -3.141592654   43.319170535   -8.887706812   -6.289096891
    0.666398442   -3.141592654   41.659313822   -7.987439819   -8.619783813
    0.856797996   -3.141592654   40.500429327   -3.771372850  -10.296661356
    1.047197551   -3.141592654   40.343308823    2.208963396  -10.913578639
    1.237597106   -3.141592654   41.319560506    7.744700391  -10.319789118
    1.427996661   -3.141592654   43.143969784   10.925424946   -8.713824761
    1.618396215   -3.141592654   45.265205499   10.810161985   -6.560335554
    1.808795770   -3.141592654   47.058062623    7.574638938   -4.358041222
    1.999195325   -3.141592654   47.992231008    1.896470613   -2.444064929
    2.189594880   -3.141592654   47.661073261   -5.651459874   -0.899426782
    2.379994435   -3.141592654   45.742759786  -14.713174349    0.410200956
    2.570393989   -3.141592654   41.997287045  -24.678760791    1.727511595
    2.760793544   -3.141592654   36.377458189  -34.068046685    3.280970538
    2.951193099   -3.141592654   29.212648553  -40.454314573    5.194897437

   -3.141592654   -2.792526803   24.966317771  -35.785382682   11.878286622
   -2.951193099   -2.792526803   18.621074291  -29.847600686   15.120578839
   -2.760793544   -2.792526803   13.951108331  -18.522274815   17.828054968
   -2.570393989   -2.792526803   11.713542978   -4.942482709   19.651565310
   -2.379994435   -2.792526803   11.955176466    6.881053603   20.527103720
   -2.189594880   -2.792526803   14.028536934   13.983923511   20.691103929
   -1.999195325   -2.792526803   16.942818937   15.859152625   20.509862133
   -1.808795770   -2.792526803   19.855839771   14.434189291   20.225506373
   -1.618396215   -2.792526803   22.419077270   12.661927587   19.794690162
   -1.427996661   -2.792526803   24.797446406   12.717175099   18.933946551
   -1.237597106   -2.792526803   27.400529412   14.926695060   17.338569762
   -1.047197551   -2.792526803   30.534584068   17.976703180   14.915639391
   -0.856797996   -2.792526803   34.178588117   19.927358896   11.868707989
   -0.666398442   -2.792526803   37.969768057   19.341689746    8.593014057
   -0.475998887   -2.792526803   41.367714067   15.798097102    5.457960034
   -0.285599332   -2.792526803   43.845446492    9.830299912    2.632199019
   -0.095199777   -2.792526803   45.036329789    2.518185351    0.033509818
    0.095199777   -2.792526803   44.809928834   -4.789062592   -2.569827942
    0.285599332   -2.792526803   43.314016125  -10.542175539   -5.362719245
    0.475998887   -2.792526803   41.000587946  -13.150881912   -8.297144247
    0.666398442   -2.792526803   38.585876361  -11.515274051  -11.021457291
    0.856797996   -2.792526803   36.886268547   -5.787935140  -12.984434004
    1.047197551   -2.792526803   36.535970170    2.257405919  -13.685048501
    1.237597106   -2.792526803   37.721546737    9.850380081  -12.930149937
    1.427996661   -2.792526803   40.098708407   14.487618546  -10.943333122
    1.618396215   -2.792526803   42.966911034   14.943267178   -8.265233336
    1.808795770   -2.792526803   45.538024046   11.515350006   -5.483358741
    1.999195325   -2.792526803   47.173081138    5.299661320   -2.992364714
    2.189594880   -2.792526803   47.445514785   -2.662621648   -0.873157267
    2.379994435   -2.792526803   46.090138059  -11.704475786    1.062092031
    2.570393989   -2.792526803   42.959799295  -21.155607779    3.130297274
    2.760793544   -2.792526803   38.087053285  -29.723125381    5.604258073
    2.951193099   -2.792526803   31.827708213  -35.336114147    8.574747121

   -3.141592654   -2.443460953   29.508108766  -29.172329461   12.757876662
   -2.951193099   -2.443460953   24.368015807  -23.996316260   16.036807761
   -2.760793544   -2.443460953   20.659988343  -14.412197395   18.564730901
   -2.570393989   -2.443460953   18.991461824   -3.110251417   19.940937560
   -2.379994435   -2.443460953   19.371649094    6.586249363   20.094553858
   -2.189594880   -2.443460953   21.240465358   12.276054134   19.301127902
   -1.999195325   -2.443460953   23.763697200   13.583483746   18.005377932
   -1.808795770   -2.443460953   26.233919019   12.099348866   16.566327049
   -1.618396215   -2.443460953   28.348826151   10.243655475   15.095563093
   -1.427996661   -2.443460953   30.229567718    9.836660557   13.483309179
   -1.237597106   -2.443460953   32.210503082   11.241394848   11.569003465
   -1.047197551   -2.443460953   34.562514799   13.486675481    9.312302184
   -0.856797996   -2.443460953   37.302103575   15.008751005    6.844706681
   -0.666398442   -2.443460953   40.155427841   14.495718592    4.386483849
   -0.475998887   -2.443460953   42.664485799   11.346691153    2.094175036
   -0.285599332   -2.443460953   44.330526317    5.732327002   -0.038304154
   -0.095199777   -2.443460953   44.747732002   -1.574393638   -2.185353692
    0.095199777   -2.443460953   43.709676753   -9.272251969   -4.587319755
    0.285599332   -2.443460953   41.309899830  -15.531150309   -7.378067201
    0.475998887   -2.443460953   38.024415755  -18.253851257  -10.431564529
    0.666398442   -2.443460953   34.693348810  -15.855869988  -13.310407966
    0.856797996   -2.443460953   32.322914775   -8.322915989  -15.381495436
    1.047197551   -2.443460953   31.723693415    2.254345944  -16.076100464
    1.237597106   -2.443460953   33.157502848   12.404419377  -15.160863317
    1.427996661   -2.443460953   36.213378562   18.893995778  -12.863488897
    1.618396215   -2.443460953   40.012110178   20.124129293   -9.772199579
    1.808795770   -2.443460953   43.564638771   16.514725255   -6.545985632
    1.999195325   -2.443460953   46.093394567    9.661332296   -3.643706091
    2.189594880   -2.443460953   47.141690637    1.186374738   -1.178763406
    2.379994435   -2.443460953   46.510669861   -7.840170335    1.042162956
    2.570393989   -2.443460953   44.167228182  -16.666633518    3.363712468
    2.760793544   -2.443460953   40.241757016  -24.239364375    6.082037700
    2.951193099   -2.443460953   35.117799489  -28.964283661    9.283295238

   -3.141592654   -2.094395102   33.849816365  -22.915740047   10.324641445
   -2.951193099   -2.094395102   29.834047559  -18.646376811   12.872115312
   -2.760793544   -2.094395102   26.976163878  -10.982281249   14.662319833
   -2.570393989   -2.094395102   25.727395135   -2.171626322   15.326294597
   -2.379994435   -2.094395102   26.053101671    5.153244925   14.783495686
   -2.189594880   -2.094395102   27.475857375    9.169547057   13.267375207
   -1.999195325   -2.094395102   29.319081335    9.684738707   11.189168007
   -1.808795770   -2.094395102   31.026401463    8.060577764    8.939795377
   -1.618396215   -2.094395102   32.381828645    6.316442468    6.759032631
   -1.427996661   -2.094395102   33.523799529    5.990231323    4.732454717
   -1.237597106   -2.094395102   34.774058727    7.414157000    2.878836154
   -1.047197551   -2.094395102   36.402740021    9.743504312    1.227034243
   -0.856797996   -2.094395102   38.450577968   11.524774485   -0.176253799
   -0.666398442   -2.094395102   40.674486922   11.382286663   -1.319946326
   -0.475998887   -2.094395102   42.619377124    8.511254352   -2.299936906
   -0.285599332   -2.094395102   43.745375011    2.838235641   -3.328253102
   -0.095199777   -2.094395102   43.568652773   -4.989369644   -4.684514471
    0.095199777   -2.094395102   41.801165344  -13.550660620   -6.611409310
    0.285599332   -2.094395102   38.503185661  -20.635512053   -9.170145182
    0.475998887   -2.094395102   34.208502339  -23.599641965  -12.135000837
    0.666398442   -2.094395102   29.917749039  -20.380974772  -14.976099376
    0.856797996   -2.094395102   26.859156456  -10.842088768  -16.995561498
    1.047197551   -2.094395102   26.040539109    2.546131258  -17.587657211
    1.237597106   -2.094395102   27.805850809   15.526901280  -16.506787656
    1.427996661   -2.094395102   31.668706757   24.057356977  -13.992172170
    1.618396215   -2.094395102   36.549660918   26.117465026  -10.659798862
    1.808795770   -2.094395102   41.232450690   22.245558763   -7.211224664
    1.999195325   -2.094395102   44.778508669   14.578069337   -4.151511719
    2.189594880   -2.094395102   46.688299129    5.378307889   -1.636106987
    2.379994435   -2.094395102   46.827526174   -3.831428179    0.496765111
    2.570393989   -2.094395102   45.282677318  -12.192750013    2.571912824
    2.760793544   -2.094395102   42.289419712  -18.892946130    4.880313426
    2.951193099   -2.094395102   38.264699071  -22.836012190    7.522821288

   -3.141592654   -1.745329252   36.326518869  -19.406250382    6.743779325
   -2.951193099   -1.745329252   32.922533135  -15.871278775    8.239790445
   -2.760793544   -1.745329252   30.469302599   -9.609247925    9.071176290
   -2.570393989   -1.745329252   29.314478151   -2.586596567    8.985609907
   -2.379994435   -1.745329252   29.392660737    3.017908186    7.949444273
   -2.189594880   -1.745329252   30.278688517    5.761537923    6.154008272
   -1.999195325   -1.745329252   31.398572906    5.590188835    3.911117580
   -1.808795770   -1.745329252   32.302014283    3.782509279    1.527468117
   -1.618396215   -1.745329252   32.854539936    2.210865773   -0.759583805
   -1.427996661   -1.745329252   33.253119382    2.333659780   -2.771979634
   -1.237597106   -1.745329252   33.871004196    4.474511293   -4.357269136
   -1.047197551   -1.745329252   35.025788073    7.734941075   -5.400096977
   -0.856797996   -1.745329252   36.784806093   10.491099835   -5.876669313
   -0.666398442   -1.745329252   38.886578413   11.070000072   -5.906817124
   -0.475998887   -1.745329252   40.798964408    8.384139387   -5.766117800
   -0.285599332   -1.745329252   41.862665936    2.204364394   -5.817129209
   -0.095199777   -1.745329252   41.465332746   -6.760581128   -6.409496961
    0.095199777   -1.745329252   39.223449215  -16.780006321   -7.773364481
    0.285599332   -1.745329252   35.180799186  -25.149183407   -9.906933894
    0.475998887   -1.745329252   29.959623243  -28.642199686  -12.520501745
    0.666398442   -1.745329252   24.752337408  -24.741506442  -15.051464122
    0.856797996   -1.745329252   21.033213707  -13.226404341  -16.808378183
    1.047197551   -1.745329252   20.023705887    3.004935600  -17.214838788
    1.237597106   -1.745329252   22.157983139   18.868182416  -16.047708464
    1.427996661   -1.745329252   26.873671526   29.476632882  -13.548479054
    1.618396215   -1.745329252   32.884837390   32.346455917  -10.310479224
    1.808795770   -1.745329252   38.733769086   28.102756652   -7.008279920
    1.999195325   -1.745329252   43.302039279   19.400056284   -4.134598160
    2.189594880   -1.745329252   46.024211820    9.127297374   -1.859684835
    2.379994435   -1.745329252   46.805774585   -0.743340336   -0.061335472
    2.570393989   -1.745329252   45.830323013   -9.216071237    1.533086065
    2.760793544   -1.745329252   43.427256017  -15.633229547    3.172625027
    2.951193099   -1.745329252   40.056834230  -19.261216599    4.952136792

   -3.141592654   -1.396263402   36.933303292  -18.915618068    3.928849729
   -2.951193099   -1.396263402   33.564495224  -16.053419176    4.574961947
   -2.760793544   -1.396263402   30.997705158  -10.640143094    4.654107125
   -2.570393989   -1.396263402   29.566017336   -4.441262334    4.000032168
   -2.379994435   -1.396263402   29.228912899    0.557352682    2.595078741
   -2.189594880   -1.396263402   29.610649844    2.965820529    0.571359878
   -1.999195325   -1.396263402   30.182236038    2.649328738   -1.851779897
   -1.808795770   -1.396263402   30.520962834    0.810994262   -4.427016660
   -1.618396215   -1.396263402   30.517102039   -0.620920284   -6.895556763
   -1.427996661   -1.396263402   30.414583506   -0.026897410   -8.979232741
   -1.237597106   -1.396263402   30.662528829    3.022594650  -10.398487198
   -1.047197551   -1.396263402   31.654315718    7.507097590  -10.954727077
   -0.856797996   -1.396263402   33.487432499   11.460830227  -10.631901084
   -0.666398442   -1.396263402   35.853907759   12.774984542   -9.647783962
   -0.475998887   -1.396263402   38.101130541   10.060913476   -8.419943855
   -0.285599332   -1.396263402   39.415103832    3.033579367   -7.433334047
   -0.095199777   -1.396263402   39.043905302   -7.396677533   -7.096005296
    0.095199777   -1.396263402   36.521377784  -19.088617286   -7.626933158
    0.285599332   -1.396263402   31.899549883  -28.829240757   -8.975244262
    0.475998887   -1.396263402   25.908412487  -32.872370951  -10.820880637
    0.666398442   -1.396263402   19.935247055  -28.347280849  -12.631842954
    0.856797996   -1.396263402   15.685078473  -15.032993189  -13.814021120
    1.047197551   -1.396263402   14.567335246    3.733261710  -13.912081485
    1.237597106   -1.396263402   17.086757758   22.103395667  -12.783249956
    1.427996661   -1.396263402   22.601545637   34.452596495  -10.659078646
    1.618396215   -1.396263402   29.635064783   37.909887061   -8.026478566
    1.808795770   -1.396263402   36.511785853   33.190322957   -5.414502372
    1.999195325   -1.396263402   41.950469721   23.397684348   -3.194119314
    2.189594880   -1.396263402   45.319306484   11.943171615   -1.485361329
    2.379994435   -1.396263402   46.544369675    1.160990445   -0.191187878
    2.570393989   -1.396263402   45.875232878   -7.845032456    0.887518148
    2.760793544   -1.396263402   43.705724396  -14.524109012    1.923064889
    2.951193099   -1.396263402   40.527483053  -18.373552485    2.971601378

   -3.141592654   -1.047197551   36.617852880  -19.948054318    1.583009623
   -2.951193099   -1.047197551   32.999902541  -17.651405769    1.349956169
   -2.760793544   -1.047197551   30.077979260  -12.760994282    0.568588249
   -2.570393989   -1.047197551   28.201615181   -6.968434624   -0.836658546
   -2.379994435   -1.047197551   27.355166523   -2.246376452   -2.828831932
   -2.189594880   -1.047197551   27.183420653   -0.036565532   -5.272585153
   -1.999195325   -1.047197551   27.167704644   -0.507396222   -7.972153228
   -1.808795770   -1.047197551   26.899634641   -2.368465477  -10.682830348
   -1.618396215   -1.047197551   26.313801492   -3.475774690  -13.096093015
   -1.427996661   -1.047197551   25.741477261   -2.002280502  -14.849438826
   -1.237597106   -1.047197551   25.743540880    2.496570088  -15.605109113
   -1.047197551   -1.047197551   26.799038602    8.713131660  -15.190788949
   -0.856797996   -1.047197551   29.014312463   14.193296837  -13.709067101
   -0.666398442   -1.047197551   31.993753614   16.333322326  -11.539574029
   -0.475998887   -1.047197551   34.921657155   13.487256213   -9.226038564
   -0.285599332   -1.047197551   36.802168146    5.429286859   -7.291113799
   -0.095199777   -1.047197551   36.741068129   -6.601074267   -6.087876864
    0.095199777   -1.047197551   34.207739687  -19.970786403   -5.728465369
    0.285599332   -1.047197551   29.287458912  -30.976935467   -6.070288255
    0.475998887   -1.047197551   22.828537499  -35.481050300   -6.789830845
    0.666398442   -1.047197551   16.392330640  -30.446560669   -7.478207519
    0.856797996   -1.047197551   11.861014035  -15.785604342   -7.770023050
    1.047197551   -1.047197551   10.766590955    4.746211648   -7.456443663
    1.237597106   -1.047197551   13.640347362   24.728195460   -6.537909054
    1.427996661   -1.047197551   19.762628159   38.074212982   -5.208612595
    1.618396215   -1.047197551   27.516701312   41.724445166   -3.747021269
    1.808795770   -1.047197551   35.081770396   36.518100387   -2.403887872
    1.999195325   -1.047197551   41.076509501   25.880197761   -1.318492761
    2.189594880   -1.047197551   44.832867062   13.546500859   -0.504842787
    2.379994435   -1.047197551   46.291430190    2.044086851    0.109989833
    2.570393989   -1.047197551   45.737144378   -7.495911662    0.618203104
    2.760793544   -1.047197551   43.592406806  -14.604647735    1.068913076
    2.951193099   -1.047197551   40.358492011  -18.895453407    1.432272361

   -3.141592654   -0.698131701   36.224180495  -21.359070319   -0.496537382
   -2.951193099   -0.698131701   32.275334494  -19.728713361   -1.608471158
   -2.760793544   -0.698131701   28.892629811  -15.517374016   -3.251960378
   -2.570393989   -0.698131701   26.432513425  -10.323726773   -5.375408739
   -2.379994435   -0.698131701   24.901089292   -6.059436701   -7.854907049
   -2.189594880   -0.698131701   23.972956424   -4.137892536  -10.538155270
   -1.999195325   -0.698131701   23.166122245   -4.667881758  -13.257905616
   -1.808795770   -0.698131701   22.129032033   -6.204107131  -15.790075354
   -1.618396215   -0.698131701   20.889272014   -6.396507390  -17.807507245
   -1.427996661   -0.698131701   19.902131891   -3.329431213  -18.911649613
   -1.237597106   -0.698131701   19.845161028    3.252697333  -18.769828968
   -1.047197551   -0.698131701   21.248228777   11.561101030  -17.296137327
   -0.856797996   -0.698131701   24.164372517   18.571648408  -14.740946356
   -0.666398442   -0.698131701   28.048799211   21.283940774  -11.621129778
   -0.475998887   -0.698131701   31.892726217   18.008492580   -8.528006744
   -0.285599332   -0.698131701   34.532182772    8.795293454   -5.913830375
   -0.095199777   -0.698131701   34.977176565   -4.667799120   -3.971684639
    0.095199777   -0.698131701   32.687070970  -19.291867228   -2.641793218
    0.285599332   -0.698131701   27.813485171  -31.070999005   -1.694402561
    0.475998887   -0.698131701   21.310918894  -35.748560202   -0.878754959
    0.666398442   -0.698131701   14.849867468  -30.377583146   -0.039441367
    0.856797996   -0.698131701   10.388347792  -15.118380399    0.820748860
    1.047197551   -0.698131701    9.478888001    5.983287370    1.567100665
    1.237597106   -0.698131701   12.623765205   26.272327931    2.038833591
    1.427996661   -0.698131701   19.043668177   39.600417629    2.144083193
    1.618396215   -0.698131701   27.065847706   42.984080332    1.925427511
    1.808795770   -0.698131701   34.835748177   37.407560678    1.521878981
    1.999195325   -0.698131701   40.965931978   26.424151855    1.100275778
    2.189594880   -0.698131701   44.799164459   13.824069012    0.780206354
    2.379994435   -0.698131701   46.290206011    2.113454263    0.601195344
    2.570393989   -0.698131701   45.729532061   -7.638731788    0.517631383
    2.760793544   -0.698131701   43.531527485  -15.035484165    0.414788912
    2.951193099   -0.698131701   40.178360912  -19.747193250    0.135292405

   -3.141592654   -0.349065850   35.668563138  -23.516391510   -1.771523975
   -2.951193099   -0.349065850   31.225886371  -22.750001965   -3.330487877
   -2.760793544   -0.349065850   27.190595599  -19.321465542   -5.358376362
   -2.570393989   -0.349065850   23.946850530  -14.712363123   -7.747174894
   -2.379994435   -0.349065850   21.542636531  -10.799808904  -10.346608067
   -2.189594880   -0.349065850   19.697582419   -8.984012575  -13.009130925
   -1.999195325   -0.349065850   17.983688766   -9.276925765  -15.572883469
   -1.808795770   -0.349065850   16.133779950  -10.020302968  -17.791458743
   -1.618396215   -0.349065850   14.301911287   -8.667982215  -19.296437964
   -1.427996661   -0.349065850   13.087381201   -3.350850432  -19.676839426
   -1.237597106   -0.349065850   13.269271138    5.781022457  -18.667042234
   -1.047197551   -0.349065850   15.374303430   16.292721320  -16.328363996
   -0.856797996   -0.349065850   19.331300199   24.589328396  -13.076206190
   -0.666398442   -0.349065850   24.393978683   27.460193680   -9.520095462
   -0.475998887   -0.349065850   29.353995628   23.441790425   -6.206098940
   -0.285599332   -0.349065850   32.920871990   13.080751468   -3.414488180
   -0.095199777   -0.349065850   34.078788971   -1.421015218   -1.106242540
    0.095199777   -0.349065850   32.342158083  -16.643465599    0.973472103
    0.285599332   -0.349065850   27.954211244  -28.556234956    3.112852318
    0.475998887   -0.349065850   21.939234233  -33.136600187    5.430141694
    0.666398442   -0.349065850   15.977379004  -27.810174729    7.763605912
    0.856797996   -0.349065850   11.967950353  -13.044427183    9.700649470
    1.047197551   -0.349065850   11.366540165    7.061333032   10.759561869
    1.237597106   -0.349065850   14.598039668   26.079253451   10.647372932
    1.427996661   -0.349065850   20.867762259   38.271407497    9.415254690
    1.618396215   -0.349065850   28.564318749   40.987947378    7.453657968
    1.808795770   -0.349065850   35.936546735   35.319621398    5.295766522
    1.999195325   -0.349065850   41.697091116   24.681657478    3.399572563
    2.189594880   -0.349065850   45.247099146   12.597801350    1.999449611
    2.379994435   -0.349065850   46.548057138    1.310430037    1.093607930
    2.570393989   -0.349065850   45.854039548   -8.288417392    0.509684973
    2.760793544   -0.349065850   43.518704652  -15.882022547   -0.002406301
    2.951193099   -0.349065850   39.958193656  -21.130904091   -0.694472440

   -3.141592654    0.000000000   35.234073233  -25.572850548   -1.997067426
   -2.951193099    0.000000000   30.317058338  -25.658308692   -3.467536496
   -2.760793544    0.000000000   25.652289597  -22.989726636   -5.285945333
   -2.570393989    0.000000000   21.655100892  -18.915020647   -7.355818719
   -2.379994435    0.000000000   18.420495814  -15.276342488   -9.568765030
   -2.189594880    0.000000000   15.719042824  -13.449918142  -11.823916328
   -1.999195325    0.000000000   13.186287042  -13.327820172  -13.973690273
   -1.808795770    0.000000000   10.651990938  -13.038676058  -15.745026850
   -1.618396215    0.000000000    8.403286809   -9.906686955  -16.739055284
   -1.427996661    0.000000000    7.171061826   -2.237690890  -16.566124452
   -1.237597106    0.000000000    7.797933896    9.290089087  -15.059757504
   -1.047197551    0.000000000   10.755100492   21.580474332  -12.420919176
   -0.856797996    0.000000000   15.805543705   30.596830720   -9.164905328
   -0.666398442    0.000000000   21.996489390   33.161165299   -5.889905206
   -0.475998887    0.000000000   27.962800907   28.265877491   -3.000027529
   -0.285599332    0.000000000   32.364324286   17.076300820   -0.552164555
   -0.095199777    0.000000000   34.243563471    2.262513779    1.717357771
    0.095199777    0.000000000   33.230368568  -12.637657855    4.206286637
    0.285599332    0.000000000   29.667516211  -23.882708503    7.193682847
    0.475998887    0.000000000   24.593485427  -28.021827825   10.622318637
    0.666398442    0.000000000   19.586108885  -23.086962195   14.022883068
    0.856797996    0.000000000   16.349917757   -9.852447377   16.641674461
    1.047197551    0.000000000   16.133989191    7.803683401   17.753081126
    1.237597106    0.000000000   19.248752101   24.137034246   17.015256421
    1.427996661    0.000000000   24.934806480   34.244885838   14.641755469
    1.618396215    0.000000000   31.754737995   36.015786862   11.312338606
    1.808795770    0.000000000   38.185470968   30.576204269    7.850607713
    1.999195325    0.000000000   43.130662808   20.945116493    4.905087702
    2.189594880    0.000000000   46.087520992   10.101666873    2.769368787
    2.379994435    0.000000000   47.016632852   -0.161861486    1.400622239
    2.570393989    0.000000000   46.103774046   -9.198403428    0.542599202
    2.760793544    0.000000000   43.605779470  -16.759532561   -0.129652168
    2.951193099    0.000000000   39.842819201  -22.444256655   -0.908483619

   -3.141592654    0.349065850   35.124597429  -26.787160033   -1.606716072
   -2.951193099    0.349065850   29.920140784  -27.451937444   -2.549147132
   -2.760793544    0.349065850   24.856383479  -25.375724608   -3.640941350
   -2.570393989    0.349065850   20.352128645  -21.844331497   -4.861163280
   -2.379994435    0.349065850   16.514321650  -18.663971755   -6.210014744
   -2.189594880    0.349065850   13.138673862  -17.093419831   -7.681724934
   -1.999195325    0.349065850    9.920928231  -16.779373191   -9.174825418
   -1.808795770    0.349065850    6.803205401  -15.581429803  -10.422498373
   -1.618396215    0.349065850    4.220103068  -10.760477662  -11.037428219
   -1.427996661    0.349065850    3.027997076   -0.930336409  -10.682552315
   -1.237597106    0.349065850    4.104418734   12.620975272   -9.273667176
   -1.047197551    0.349065850    7.833270799   26.192176924   -7.064421453
   -0.856797996    0.349065850   13.803370574   35.480064815   -4.537166522
   -0.666398442    0.349065850   20.884444312   37.540253331   -2.157606408
   -0.475998887    0.349065850   27.615470806   31.937972815   -0.136666164
   -0.285599332    0.349065850   32.677609201   20.448275441    1.655331127
   -0.095199777    0.349065850   35.228852986    6.079537409    3.605694444
    0.095199777    0.349065850   35.039041011   -7.732179498    6.143958725
    0.285599332    0.349065850   32.528887215  -17.775332850    9.476055995
    0.475998887    0.349065850   28.686070139  -21.377685560   13.390023509
    0.666398442    0.349065850   24.892338544  -17.254284987   17.218687859
    0.856797996    0.349065850   22.566198564   -6.376971200   20.031017822
    1.047197551    0.349065850   22.696980471    7.861825473   21.009651113
    1.237597106    0.349065850   25.484208753   20.721140344   19.831453519
    1.427996661    0.349065850   30.260965410   28.348067783   16.826698305
    1.618396215    0.349065850   35.844977261   29.204346281   12.826381319
    1.808795770    0.349065850   41.012973514   24.332439261    8.778502858
    1.999195325    0.349065850   44.900654584   16.170929422    5.392346924
    2.189594880    0.349065850   47.109869847    7.008379397    2.962438306
    2.379994435    0.349065850   47.588601997   -1.877327758    1.416251221
    2.570393989    0.349065850   46.437877270  -10.073921309    0.472253735
    2.760793544    0.349065850   43.807589183  -17.353871815   -0.191470114
    2.951193099    0.349065850   39.920640682  -23.207556152   -0.834154132

   -3.141592654    0.698131701   35.107269068  -27.308537709   -2.060903699
   -2.951193099    0.698131701   29.783046090  -28.182381967   -2.606152941
   -2.760793544    0.698131701   24.551252992  -26.422920633   -3.022824146
   -2.570393989    0.698131701   19.808196012  -23.324685571   -3.333704724
   -2.379994435    0.698131701   15.640144252  -20.656754773   -3.636801999
   -2.189594880    0.698131701   11.842051388  -19.497977259   -4.042947545
   -1.999195325    0.698131701    8.156950763  -19.188063655   -4.559869773
   -1.808795770    0.698131701    4.633051869  -17.315022965   -5.021886016
   -1.618396215    0.698131701    1.840541466  -11.131437987   -5.144775250
   -1.427996661    0.698131701    0.738501305    0.394221041   -4.687258917
   -1.237597106    0.698131701    2.213992026   15.394925142   -3.614918865
   -1.047197551    0.698131701    6.554196581   29.692542448   -2.139356989
   -0.856797996    0.698131701   13.192710014   38.876307933   -0.599646005
   -0.666398442    0.698131701   20.867838946   40.349065579    0.739080104
   -0.475998887    0.698131701   28.080658138   34.253877790    1.852152869
   -0.285599332    0.698131701   33.582819278   22.883250773    2.979992343
   -0.095199777    0.698131701   36.673442226    9.442729375    4.522407079
    0.095199777    0.698131701   37.260983732   -2.878383365    6.841690228
    0.285599332    0.698131701   35.818235448  -11.495661245   10.031131142
    0.475998887    0.698131701   33.243625288  -14.552234228   13.770181113
    0.666398442    0.698131701   30.684202793  -11.407770111   17.329006420
    0.856797996    0.698131701   29.246999850   -3.134794763   19.787252849
    1.047197551    0.698131701   29.657769880    7.468562828   20.406649898
    1.237597106    0.698131701   32.019342106   16.753471843   18.961951661
    1.427996661    0.698131701   35.782775356   21.930535671   15.853106213
    1.618396215    0.698131701   40.042367868   21.993143815   11.911566733
    1.808795770    0.698131701   43.885276461   17.830653111    8.025512752
    1.999195325    0.698131701   46.677242695   11.244116626    4.817335041
    2.189594880    0.698131701   48.115333198    3.812164611    2.507365425
    2.379994435    0.698131701   48.125977984   -3.677226490    0.986314070
    2.570393989    0.698131701   46.724499384  -10.990937306   -0.016749587
    2.760793544    0.698131701   43.964811459  -17.859301778   -0.767258213
    2.951193099    0.698131701   39.992716089  -23.628378348   -1.434090828

   -3.141592654    1.047197551   34.223332568  -28.395743722   -4.180656561
   -2.951193099    1.047197551   28.721777042  -28.912185084   -4.886678362
   -2.760793544    1.047197551   23.393868328  -26.693675725   -5.145093702
   -2.570393989    1.047197551   18.639140107  -23.203999893   -4.899948900
   -2.379994435    1.047197551   14.513860416  -20.373574215   -4.247788945
   -2.189594880    1.047197551   10.765983660  -19.280200261   -3.390544538
   -1.999195325    1.047197551    7.111338896  -19.068146159   -2.518028993
   -1.808795770    1.047197551    3.617151969  -17.070064611   -1.712134624
   -1.618396215    1.047197551    0.909628125  -10.434436011   -0.944475718
   -1.427996661    1.047197551    0.000000000    1.721009352   -0.156720597
   -1.237597106    1.047197551    1.780364102   17.217801030    0.648822413
   -1.047197551    1.047197551    6.486270989   31.635483767    1.392741688
   -0.856797996    1.047197551   13.474787332   40.559075658    1.982712916
   -0.666398442    1.047197551   21.434421020   41.669343717    2.408751077
   -0.475998887    1.047197551   28.884053656   35.495768512    2.808420674
   -0.285599332    1.047197551   34.661658909   24.643468132    3.445415907
   -0.095199777    1.047197551   38.189396277   12.375080367    4.625547139
    0.095199777    1.047197551   39.478858004    1.581778552    6.566773193
    0.285599332    1.047197551   39.017797362   -5.743720458    9.243531627
    0.475998887    1.047197551   37.591204743   -8.463110967   12.305556093
    0.666398442    1.047197551   36.109554726   -6.445468232   15.106769749
    0.856797996    1.047197551   35.392353438   -0.736894706   16.899186518
    1.047197551    1.047197551   35.944637732    6.505248239   17.132152998
    1.237597106    1.047197551   37.813014440   12.664445252   15.688190509
    1.427996661    1.047197551   40.585184048   15.852865061   12.947272448
    1.618396215    1.047197551   43.617334737   15.423632315    9.602783248
    1.808795770    1.047197551   46.266027935   12.016954841    6.354461322
    1.999195325    1.047197551   48.077732966    6.807088981    3.659641594
    2.189594880    1.047197551   48.805582196    0.747787230    1.640974689
    2.379994435    1.047197551   48.334359992   -5.753295468    0.160976634
    2.570393989    1.047197551   46.594014748  -12.542346068   -1.025651059
    2.760793544    1.047197551   43.560824611  -19.217339838   -2.121069122
    2.951193099    1.047197551   39.337425993  -24.897211039   -3.199741414

   -3.141592654    1.396263402   31.946674266  -30.702244279   -7.317652198
   -2.951193099    1.396263402   26.095621945  -30.179975405   -8.582841152
   -2.760793544    1.396263402   20.658224448  -26.537444637   -9.047046514
   -2.570393989    1.396263402   16.072979710  -21.614803113   -8.489106891
   -2.379994435    1.396263402   12.358165700  -17.742810910   -6.932742055
   -2.189594880    1.396263402    9.162526477  -16.214686463   -4.647069560
   -1.999195325    1.396263402    6.087355014  -16.122928722   -2.041399343
   -1.808795770    1.396263402    3.114597876  -14.571273689    0.469937063
   -1.618396215    1.396263402    0.831418657   -8.478236678    2.563407990
   -1.427996661    1.396263402    0.244389810    3.158246937    4.044064073
   -1.237597106    1.396263402    2.252514865   18.176864748    4.846791410
   -1.047197551    1.396263402    7.099746352   32.168571200    5.034295088
   -0.856797996    1.396263402   14.157925163   40.780672886    4.785615489
   -0.666398442    1.396263402   22.148680072   41.821560027    4.362053726
   -0.475998887    1.396263402   29.649096644   35.935708825    4.066230073
   -0.285599332    1.396263402   35.570659347   25.771583837    4.181081237
   -0.095199777    1.396263402   39.404187078   14.497153669    4.922746200
    0.095199777    1.396263402   41.197312527    4.727125719    6.391276639
    0.285599332    1.396263402   41.407156339   -1.937816182    8.491980469
    0.475998887    1.396263402   40.710493297   -4.758356155   10.897041394
    0.666398442    1.396263402   39.848769542   -3.802653732   13.070041134
    0.856797996    1.396263402   39.466583353    0.046255850   14.413109776
    1.047197551    1.396263402   39.961568687    5.126166811   14.492739524
    1.237597106    1.396263402   41.384706372    9.477016106   13.217689190
    1.427996661    1.396263402   43.440777696   11.680306144   10.892109502
    1.618396215    1.396263402   45.657928331   11.173511329    8.066583700
    1.808795770    1.396263402   47.543630131    8.322013957    5.291434070
    1.999195325    1.396263402   48.722546233    3.848302572    2.912777434
    2.189594880    1.396263402   48.942832734   -1.681642583    0.994459505
    2.379994435    1.396263402   48.028988669   -8.039235165   -0.621165299
    2.570393989    1.396263402   45.839353355  -15.011563881   -2.174091321
    2.760793544    1.396263402   42.309265072  -21.955517769   -3.837806455
    2.951193099    1.396263402   37.554222550  -27.667583820   -5.619805072

   -3.141592654    1.745329252   28.502296464  -34.489705884   -9.816496181
   -2.951193099    1.745329252   22.054446838  -32.497655081  -11.569107364
   -2.760793544    1.745329252   16.380048076  -26.610154808  -12.264181697
   -2.570393989    1.745329252   12.021994637  -19.161698261  -11.545129904
   -2.379994435    1.745329252    8.990993749  -13.124924130   -9.366488246
   -2.189594880    1.745329252    6.813200855  -10.317626412   -6.027403462
   -1.999195325    1.745329252    4.894807355  -10.054373697   -2.078086099
   -1.808795770    1.745329252    3.011822293   -9.338365593    1.837036444
   -1.618396215    1.745329252    1.588264603   -4.760509737    5.133566588
   -1.427996661    1.745329252    1.541911835    5.113875692    7.403224879
   -1.237597106    1.745329252    3.766063875   18.550066969    8.481830909
   -1.047197551    1.745329252    8.572613705   31.469351925    8.470486496
   -0.856797996    1.745329252   15.448074910   39.663959544    7.690495778
   -0.666398442    1.745329252   23.236993343   40.900985751    6.577472093
   -0.475998887    1.745329252   30.617476507   35.638932388    5.564996598
   -0.285599332    1.745329252   36.561751394   26.315791411    4.980154707
   -0.095199777    1.745329252   40.583115194   15.919303940    4.996607145
    0.095199777    1.745329252   42.720943535    6.890192314    5.632112242
    0.285599332    1.745329252   43.389465880    0.647685656    6.740832846
    0.475998887    1.745329252   43.186404925   -2.261020087    8.038383145
    0.666398442    1.745329252   42.742904565   -2.009511605    9.146956461
    0.856797996    1.745329252   42.589997168    0.602786369    9.698627195
    1.047197551    1.745329252   43.050099115    4.199370326    9.461252237
    1.237597106    1.745329252   44.166097208    7.240984940    8.420862234
    1.427996661    1.745329252   45.709380068    8.633069623    6.793493810
    1.618396215    1.745329252   47.316410499    7.905332488    4.915536755
    1.808795770    1.745329252   48.594883485    5.259714561    3.090132155
    1.999195325    1.745329252   49.221478384    1.100054863    1.468574591
    2.189594880    1.745329252   48.934022521   -4.319458050    0.012003041
    2.379994435    1.745329252   47.499530698  -10.933696144   -1.460120152
    2.570393989    1.745329252   44.707999389  -18.474443650   -3.160500561
    2.760793544    1.745329252   40.458418595  -26.026772665   -5.208535083
    2.951193099    1.745329252   34.895565847  -31.977129833   -7.532317275

   -3.141592654    2.094395102   24.718416612  -38.909601526   -9.912540509
   -2.951193099    2.094395102   17.553417626  -35.422052876  -11.548141112
   -2.760793544    2.094395102   11.544504977  -27.064707480  -12.027636289
   -2.570393989    2.094395102    7.380533412  -16.637513592  -10.972941577
   -2.379994435    2.094395102    5.105487674   -7.797273948   -8.334122693
   -2.189594880    2.094395102    4.147180062   -3.018767346   -4.428018192
   -1.999195325    2.094395102    3.708588963   -2.036340493    0.146657402
   -1.808795770    2.094395102    3.313359572   -1.942091912    4.660471360
   -1.618396215    2.094395102    3.147712843    0.905748748    8.418408397
   -1.427996661    2.094395102    3.961116485    8.420635539   10.907058176
   -1.237597106    2.094395102    6.582610432   19.460009225   11.903910841
   -1.047197551    2.094395102   11.371330233   30.490250609   11.525389139
   -0.856797996    2.094395102   17.945912046   37.624848026   10.173086315
   -0.666398442    2.094395102   25.316445704   38.669068385    8.387179483
   -0.475998887    2.094395102   32.308772866   33.864900815    6.675917965
   -0.285599332    2.094395102   37.988546861   25.326557709    5.377548558
   -0.095199777    2.094395102   41.900686498   15.743074801    4.616452801
    0.095199777    2.094395102   44.068497151    7.338300858    4.342464886
    0.285599332    2.094395102   44.858416343    1.419260536    4.386098166
    0.475998887    2.094395102   44.806335800   -1.506625634    4.536576756
    0.666398442    2.094395102   44.479037365   -1.586195935    4.596516278
    0.856797996    2.094395102   44.354884801    0.467059499    4.432274859
    1.047197551    2.094395102   44.726819377    3.414551062    3.999123717
    1.237597106    2.094395102   45.637158775    5.898608544    3.335665444
    1.427996661    2.094395102   46.887686714    6.947155634    2.541892172
    1.618396215    2.094395102   48.159599628    6.107565086    1.721541670
    1.808795770    2.094395102   49.096757148    3.481927908    0.931965815
    1.999195325    2.094395102   49.384031204   -0.709543377    0.150058160
    2.189594880    2.094395102   48.731136345   -6.399211343   -0.729213227
    2.379994435    2.094395102   46.848636570  -13.614340815   -1.865027167
    2.570393989    2.094395102   43.467417662  -22.014674096   -3.403029945
    2.760793544    2.094395102   38.459629660  -30.421335396   -5.388009844
    2.951193099    2.094395102   32.008112118  -36.804490129   -7.681108788

   -3.141592654    2.443460953   21.292570944  -42.762454066   -5.855236255
   -2.951193099    2.443460953   13.522144490  -37.749200240   -6.453293482
   -2.760793544    2.443460953    7.294197315  -26.908192910   -6.141693199
   -2.570393989    2.443460953    3.440936756  -13.500127482   -4.687064300
   -2.379994435    2.443460953    2.039008253   -1.850898015   -2.083069307
   -2.189594880    2.443460953    2.418914586    4.907544012    1.435172045
   -1.999195325    2.443460953    3.578638468    6.590100519    5.437301200
   -1.808795770    2.443460953    4.779014480    5.960205940    9.367866776
   -1.618396215    2.443460953    5.947859139    6.847477306   12.634140422
   -1.427996661    2.443460953    7.641329049   11.648619560   14.722273509
   -1.237597106    2.443460953   10.606013918   19.879462660   15.334337256
   -1.047197551    2.443460953   15.246696694   28.650696014   14.497043196
   -0.856797996    2.443460953   21.330886193   34.480846075   12.560704303
   -0.666398442    2.443460953   28.060929158   35.230849432   10.070378999
   -0.475998887    2.443460953   34.433578492   30.873666068    7.567337269
   -0.285599332    2.443460953   39.616579420   23.106922241    5.412292017
   -0.095199777    2.443460953   43.177751292   14.242219052    3.715946202
    0.095199777    2.443460953   45.106283894    6.270121072    2.388709181
    0.285599332    2.443460953   45.708072657    0.463495304    1.251066698
    0.475998887    2.443460953   45.466970347   -2.556451564    0.168040279
    0.666398442    2.443460953   44.927015711   -2.749997625   -0.875225573
    0.856797996    2.443460953   44.579261946   -0.673375345   -1.770173510
    1.047197551    2.443460953   44.750811981    2.489816903   -2.363164763
    1.237597106    2.443460953   45.516636580    5.324133217   -2.558550600
    1.427996661    2.443460953   46.691074356    6.712721196   -2.376865035
    1.618396215    2.443460953   47.939158780    6.059225366   -1.960437060
    1.808795770    2.443460953   48.865585008    3.372773454   -1.507088161
    1.999195325    2.443460953   49.103533891   -1.164470882   -1.207155966
    2.189594880    2.443460953   48.307928828   -7.489658768   -1.200554536
    2.379994435    2.443460953   46.136887575  -15.589781735   -1.571765000
    2.570393989    2.443460953   42.283495616  -25.005561226   -2.342255707
    2.760793544    2.443460953   36.616495284  -34.310633461   -3.451717123
    2.951193099    2.443460953   29.374073330  -41.104774752   -4.725637974

   -3.141592654    2.792526803   20.070860681  -43.632156544    0.384172069
   -2.951193099    2.792526803   12.220647497  -37.638984329    1.253638732
   -2.760793544    2.792526803    6.141927218  -25.400257982    2.597243501
   -2.570393989    2.792526803    2.724629487  -10.426310258    4.441213310
   -2.379994435    2.792526803    2.048121386    2.645197960    6.753080066
   -2.189594880    2.792526803    3.386862851   10.389034884    9.446002297
   -1.999195325    2.792526803    5.632583332   12.388230720   12.351342013
   -1.808795770    2.792526803    7.902401823   11.251021481   15.167335400
   -1.618396215    2.792526803    9.962057764   10.779500416   17.449042702
   -1.427996661    2.792526803   12.218751515   13.547765683   18.701055212
   -1.237597106    2.792526803   15.325712205   19.475226075   18.563197039
   -1.047197551    2.792526803   19.686671570   26.203278115   16.992504859
   -0.856797996    2.792526803   25.163988764   30.692232068   14.310011592
   -0.666398442    2.792526803   31.114245039   30.963022399   11.073628245
   -0.475998887    2.792526803   36.686758552   26.817954719    7.844403092
   -0.285599332    2.792526803   41.145936932   19.571711254    4.977149376
   -0.095199777    2.792526803   44.079519915   11.151073977    2.539439770
    0.095199777    2.792526803   45.439656903    3.343564550    0.381635262
    0.285599332    2.792526803   45.481742676   -2.504369991   -1.700782973
    0.475998887    2.792526803   44.674456923   -5.494729304   -3.785317885
    0.666398442    2.792526803   43.605007222   -5.282633131   -5.731718661
    0.856797996    2.792526803   42.852606469   -2.298828914   -7.220479954
    1.047197551    2.792526803   42.830497491    2.122420007   -7.921470388
    1.237597106    2.792526803   43.647956009    6.208471634   -7.683309144
    1.427996661    2.792526803   45.081165465    8.461259566   -6.627857810
    1.618396215    2.792526803   46.698620115    8.092251748   -5.107032171
    1.808795770    2.792526803   47.995075561    5.149066605   -3.531447722
    1.999195325    2.792526803   48.517226995    0.006727138   -2.217796829
    2.189594880    2.792526803   47.874661228   -7.061649265   -1.305728581
    2.379994435    2.792526803   45.714907263  -15.887118983   -0.776608818
    2.570393989    2.792526803   41.744709299  -25.909168952   -0.510328877
    2.760793544    2.792526803   35.864828296  -35.598772006   -0.344188529
    2.951193099    2.792526803   28.367676300  -42.422549127   -0.103382301
